Subject_ID,Age,Handedness,languageCount,musicInstrument,musicPractice,musicTraining,Trial Number,Target Angle,Hand Angle,RT,MT,Hand_Path,target_quadrant,hand_quadrant,formant_correct,frequency_correct,error_type,intended_target_angle,raw_error_from_wrong,angle_error_from_wrong,raw_error,angle_error,correct_target
164800,19,righth,3+,yes,0,"""0-1""",21,225,313.856777,3082,800,"{""first_y"": 518, ""first_x"": 915, ""sample_1_y"": 575, ""sample_0_y"": 518, ""sample_2_x"": 1026, ""sample_0_time"": 7, ""sample_4_x"": 1121, ""sample_3_x"": 1068, ""last_time"": 799, ""sample_3_y"": 672, ""first_time"": 7, ""sample_2_y"": 633, ""sample_1_x"": 964, ""last_y"": 732, ""last_x"": 1121, ""sample_1_time"": 199, ""sample_4_y"": 732, ""sample_3_time"": 608, ""count"": 94, ""sample_0_x"": 915, ""sample_2_time"": 424, ""sample_4_time"": 799}",Q3 (180-270<U+00B0>),Q4 (270-360<U+00B0>),FALSE,TRUE,Formant,315,1.1432229999999777,1.1432229999999777,88.85677700000002,88.85677700000002,FALSE
164800,19,righth,3+,yes,0,"""0-1""",22,225,222.4551956,149,883,"{""first_time"": 8, ""sample_2_y"": 613, ""count"": 99, ""first_y"": 512, ""sample_0_y"": 512, ""last_x"": 665, ""sample_4_time"": 883, ""sample_0_x"": 878, ""sample_1_time"": 233, ""sample_2_time"": 441, ""sample_0_time"": 8, ""sample_1_y"": 562, ""last_time"": 883, ""last_y"": 717, ""sample_4_y"": 717, ""sample_3_y"": 678, ""sample_1_x"": 831, ""sample_2_x"": 769, ""sample_3_time"": 650, ""first_x"": 878, ""sample_3_x"": 697, ""sample_4_x"": 665}",Q3 (180-270<U+00B0>),Q3 (180-270<U+00B0>),TRUE,TRUE,Correct,225,2.544804400000004,2.544804400000004,2.544804400000004,2.544804400000004,TRUE
164800,19,righth,3+,yes,0,"""0-1""",23,315,313.72697,2560,710,"{""first_y"": 519, ""last_y"": 732, ""sample_4_y"": 732, ""count"": 80, ""sample_2_time"": 360, ""sample_4_time"": 710, ""sample_0_x"": 916, ""sample_3_time"": 526, ""sample_1_x"": 956, ""sample_4_x"": 1120, ""sample_0_time"": 5, ""sample_3_x"": 1077, ""last_time"": 710, ""first_time"": 5, ""sample_2_x"": 1005, ""sample_2_y"": 642, ""first_x"": 916, ""last_x"": 1120, ""sample_1_time"": 190, ""sample_3_y"": 700, ""sample_1_y"": 575, ""sample_0_y"": 519}",Q4 (270-360<U+00B0>),Q4 (270-360<U+00B0>),TRUE,TRUE,Correct,315,1.2730300000000057,1.2730300000000057,1.2730300000000057,1.2730300000000057,TRUE
164800,19,righth,3+,yes,0,"""0-1""",24,45,131.0504344,2605,692,"{""last_x"": 691, ""sample_1_y"": 439, ""sample_1_time"": 183, ""sample_0_y"": 481, ""sample_1_x"": 852, ""sample_2_time"": 350, ""sample_4_y"": 262, ""first_y"": 481, ""sample_4_x"": 691, ""count"": 79, ""first_x"": 889, ""sample_0_time"": 8, ""sample_2_y"": 403, ""first_time"": 8, ""sample_3_time"": 515, ""sample_4_time"": 691, ""sample_3_x"": 727, ""sample_3_y"": 331, ""last_y"": 262, ""sample_2_x"": 804, ""sample_0_x"": 889, ""last_time"": 691}",Q1 (0-90<U+00B0>),Q2 (90-180<U+00B0>),FALSE,TRUE,Formant,135,3.9495655999999997,3.9495655999999997,86.0504344,86.0504344,FALSE
164800,19,righth,3+,yes,0,"""0-1""",25,225,311.2027521,2260,1195,"{""sample_1_time"": 299, ""sample_0_x"": 917, ""first_x"": 917, ""sample_4_time"": 1195, ""count"": 140, ""last_y"": 743, ""sample_3_y"": 700, ""sample_3_time"": 899, ""sample_1_y"": 595, ""sample_0_y"": 512, ""sample_2_time"": 607, ""sample_0_time"": 7, ""sample_3_x"": 1069, ""last_time"": 1195, ""first_time"": 7, ""sample_4_y"": 743, ""sample_1_x"": 976, ""sample_2_x"": 1025, ""sample_2_y"": 655, ""last_x"": 1111, ""first_y"": 512, ""sample_4_x"": 1111}",Q3 (180-270<U+00B0>),Q4 (270-360<U+00B0>),FALSE,TRUE,Formant,315,3.797247900000002,3.797247900000002,86.2027521,86.2027521,FALSE
164800,19,righth,3+,yes,0,"""0-1""",26,315,311.3045147,4277,1281,"{""sample_3_y"": 703, ""sample_0_x"": 921, ""sample_4_time"": 1281, ""sample_1_x"": 971, ""sample_2_x"": 1029, ""sample_0_y"": 519, ""last_y"": 741, ""sample_4_y"": 741, ""last_time"": 1281, ""sample_2_y"": 654, ""count"": 131, ""first_time"": 8, ""sample_4_x"": 1110, ""sample_2_time"": 550, ""sample_1_y"": 578, ""sample_3_time"": 842, ""first_y"": 519, ""sample_0_time"": 8, ""first_x"": 921, ""sample_3_x"": 1083, ""sample_1_time"": 275, ""last_x"": 1110}",Q4 (270-360<U+00B0>),Q4 (270-360<U+00B0>),TRUE,TRUE,Correct,315,3.695485299999973,3.695485299999973,3.695485299999973,3.695485299999973,TRUE
164800,19,righth,3+,yes,0,"""0-1""",27,225,213.1957245,2596,3482,"{""first_y"": 522, ""sample_2_y"": 723, ""sample_3_x"": 811, ""first_time"": 6, ""sample_1_y"": 647, ""sample_3_y"": 604, ""last_time"": 3482, ""sample_4_y"": 678, ""count"": 316, ""sample_4_time"": 3482, ""sample_2_time"": 1398, ""sample_4_x"": 631, ""sample_1_time"": 724, ""sample_3_time"": 2231, ""sample_2_x"": 676, ""sample_0_time"": 6, ""sample_1_x"": 729, ""sample_0_y"": 522, ""last_y"": 678, ""first_x"": 886, ""last_x"": 631, ""sample_0_x"": 886}",Q3 (180-270<U+00B0>),Q3 (180-270<U+00B0>),TRUE,TRUE,Correct,225,11.804275499999989,11.804275499999989,11.804275499999989,11.804275499999989,TRUE
164800,19,righth,3+,yes,0,"""0-1""",28,225,220.679195,2698,1075,"{""sample_4_time"": 1075, ""last_y"": 710, ""first_x"": 890, ""count"": 125, ""sample_3_y"": 661, ""sample_0_time"": 8, ""sample_3_time"": 817, ""sample_2_time"": 542, ""sample_2_x"": 789, ""sample_0_y"": 520, ""sample_4_y"": 710, ""first_y"": 520, ""sample_4_x"": 658, ""sample_1_time"": 283, ""last_x"": 658, ""first_time"": 8, ""sample_2_y"": 600, ""sample_0_x"": 890, ""sample_3_x"": 708, ""last_time"": 1075, ""sample_1_x"": 840, ""sample_1_y"": 572}",Q3 (180-270<U+00B0>),Q3 (180-270<U+00B0>),TRUE,TRUE,Correct,225,4.320805000000007,4.320805000000007,4.320805000000007,4.320805000000007,TRUE
164800,19,righth,3+,yes,0,"""0-1""",29,45,135.1270414,3285,1008,"{""sample_2_time"": 508, ""first_time"": 8, ""sample_0_y"": 496, ""sample_1_time"": 267, ""sample_3_x"": 703, ""sample_4_x"": 674, ""sample_4_y"": 277, ""sample_0_time"": 8, ""sample_1_x"": 841, ""last_x"": 674, ""sample_0_x"": 879, ""sample_2_x"": 749, ""last_time"": 1008, ""last_y"": 277, ""sample_2_y"": 344, ""first_x"": 879, ""sample_4_time"": 1008, ""sample_3_y"": 306, ""first_y"": 496, ""sample_1_y"": 469, ""sample_3_time"": 775, ""count"": 115}",Q1 (0-90<U+00B0>),Q2 (90-180<U+00B0>),FALSE,TRUE,Formant,135,0.12704139999999597,0.12704139999999597,90.1270414,90.1270414,FALSE
164800,19,righth,3+,yes,0,"""0-1""",30,45,47.15868588,2499,1149,"{""first_x"": 920, ""sample_0_y"": 499, ""sample_2_time"": 574, ""sample_1_time"": 300, ""sample_1_y"": 460, ""count"": 133, ""sample_3_time"": 874, ""last_y"": 268, ""sample_0_time"": 7, ""sample_3_x"": 1088, ""sample_2_y"": 368, ""sample_2_x"": 1033, ""first_time"": 7, ""first_y"": 499, ""sample_4_y"": 268, ""sample_1_x"": 965, ""sample_4_time"": 1148, ""sample_0_x"": 920, ""sample_4_x"": 1117, ""last_x"": 1117, ""last_time"": 1148, ""sample_3_y"": 303}",Q1 (0-90<U+00B0>),Q1 (0-90<U+00B0>),TRUE,TRUE,Correct,45,2.15868588,2.15868588,2.15868588,2.15868588,TRUE
164800,19,righth,3+,yes,0,"""0-1""",31,135,221.8272061,2969,3124,"{""sample_0_time"": 8, ""last_x"": 662, ""sample_2_y"": 479, ""sample_1_x"": 717, ""first_time"": 8, ""last_time"": 3123, ""last_y"": 715, ""sample_0_x"": 883, ""sample_4_y"": 715, ""count"": 323, ""sample_1_y"": 663, ""sample_0_y"": 517, ""sample_2_time"": 1428, ""sample_3_y"": 533, ""first_y"": 517, ""sample_4_time"": 3123, ""sample_3_x"": 858, ""sample_4_x"": 662, ""sample_3_time"": 2419, ""sample_1_time"": 711, ""sample_2_x"": 934, ""first_x"": 883}",Q2 (90-180<U+00B0>),Q3 (180-270<U+00B0>),TRUE,FALSE,Frequency,225,3.172793899999988,3.172793899999988,86.82720610000001,86.82720610000001,FALSE
164800,19,righth,3+,yes,0,"""0-1""",32,315,309.3907256,2666,1654,"{""sample_2_time"": 774, ""first_y"": 515, ""sample_3_y"": 716, ""sample_0_y"": 515, ""sample_1_y"": 578, ""count"": 181, ""sample_2_x"": 1024, ""sample_4_time"": 1654, ""sample_1_time"": 383, ""sample_2_y"": 650, ""last_y"": 748, ""last_x"": 1102, ""sample_4_x"": 1102, ""sample_3_time"": 1166, ""sample_4_y"": 748, ""first_time"": 8, ""first_x"": 917, ""sample_3_x"": 1070, ""sample_1_x"": 954, ""sample_0_x"": 917, ""last_time"": 1654, ""sample_0_time"": 8}",Q4 (270-360<U+00B0>),Q4 (270-360<U+00B0>),TRUE,TRUE,Correct,315,5.609274400000004,5.609274400000004,5.609274400000004,5.609274400000004,TRUE
164800,19,righth,3+,yes,0,"""0-1""",33,315,221.3208576,2292,954,"{""first_x"": 889, ""sample_4_time"": 954, ""last_time"": 954, ""sample_2_y"": 651, ""sample_2_x"": 744, ""sample_1_time"": 230, ""count"": 107, ""last_x"": 660, ""sample_4_y"": 713, ""sample_1_x"": 820, ""sample_0_y"": 523, ""first_time"": 8, ""sample_0_x"": 889, ""last_y"": 713, ""sample_1_y"": 583, ""sample_0_time"": 8, ""sample_3_time"": 712, ""first_y"": 523, ""sample_3_x"": 689, ""sample_4_x"": 660, ""sample_2_time"": 488, ""sample_3_y"": 688}",Q4 (270-360<U+00B0>),Q3 (180-270<U+00B0>),FALSE,TRUE,Formant,225,3.6791423999999893,3.6791423999999893,93.67914239999999,93.67914239999999,FALSE
164800,19,righth,3+,yes,0,"""0-1""",34,135,47.66594884,2990,1056,"{""sample_1_time"": 272, ""last_time"": 1055, ""sample_0_time"": 10, ""sample_2_y"": 376, ""count"": 117, ""sample_1_y"": 450, ""sample_2_x"": 1028, ""sample_0_x"": 918, ""first_y"": 491, ""last_x"": 1115, ""sample_2_time"": 513, ""sample_3_x"": 1089, ""sample_1_x"": 962, ""sample_4_y"": 266, ""first_time"": 10, ""sample_4_x"": 1115, ""sample_3_y"": 321, ""first_x"": 918, ""sample_0_y"": 491, ""sample_3_time"": 780, ""sample_4_time"": 1055, ""last_y"": 266}",Q2 (90-180<U+00B0>),Q1 (0-90<U+00B0>),FALSE,TRUE,Formant,45,2.6659488399999987,2.6659488399999987,87.33405116,87.33405116,FALSE
164800,19,righth,3+,yes,0,"""0-1""",35,225,308.2381099,2424,1292,"{""sample_2_y"": 665, ""sample_4_time"": 1292, ""sample_0_y"": 523, ""sample_2_time"": 662, ""sample_4_x"": 1097, ""last_x"": 1097, ""sample_0_x"": 913, ""sample_3_time"": 967, ""first_time"": 8, ""sample_3_x"": 1064, ""sample_3_y"": 710, ""sample_1_y"": 626, ""sample_1_time"": 333, ""last_time"": 1292, ""first_x"": 913, ""sample_2_x"": 1024, ""last_y"": 752, ""count"": 147, ""sample_4_y"": 752, ""first_y"": 523, ""sample_0_time"": 8, ""sample_1_x"": 978}",Q3 (180-270<U+00B0>),Q4 (270-360<U+00B0>),FALSE,TRUE,Formant,315,6.7618901000000164,6.7618901000000164,83.23810989999998,83.23810989999998,FALSE
164800,19,righth,3+,yes,0,"""0-1""",36,45,219.0765985,2462,2238,"{""count"": 227, ""last_time"": 2237, ""sample_4_y"": 705, ""sample_2_time"": 983, ""sample_1_y"": 640, ""sample_1_time"": 492, ""first_time"": 8, ""sample_1_x"": 746, ""sample_3_x"": 895, ""sample_3_y"": 523, ""sample_4_time"": 2237, ""sample_0_time"": 8, ""sample_0_x"": 892, ""first_y"": 523, ""sample_2_x"": 689, ""sample_4_x"": 650, ""sample_3_time"": 1525, ""last_x"": 650, ""first_x"": 892, ""sample_0_y"": 523, ""sample_2_y"": 704, ""last_y"": 705}",Q1 (0-90<U+00B0>),Q3 (180-270<U+00B0>),FALSE,FALSE,Both,225,5.923401500000011,5.923401500000011,174.0765985,174.0765985,FALSE
164800,19,righth,3+,yes,0,"""0-1""",37,225,219.644175,2408,1115,"{""sample_4_x"": 655, ""sample_0_y"": 520, ""sample_1_x"": 780, ""sample_3_x"": 671, ""sample_4_time"": 1115, ""sample_3_y"": 688, ""sample_4_y"": 705, ""sample_0_x"": 879, ""sample_2_x"": 704, ""first_x"": 879, ""last_time"": 1115, ""last_y"": 705, ""sample_0_time"": 7, ""count"": 129, ""last_x"": 655, ""first_time"": 7, ""sample_3_time"": 832, ""sample_1_y"": 590, ""sample_1_time"": 274, ""sample_2_time"": 557, ""sample_2_y"": 652, ""first_y"": 520}",Q3 (180-270<U+00B0>),Q3 (180-270<U+00B0>),TRUE,TRUE,Correct,225,5.35582500000001,5.35582500000001,5.35582500000001,5.35582500000001,TRUE
164800,19,righth,3+,yes,0,"""0-1""",38,135,129.7825607,2452,767,"{""sample_3_y"": 292, ""sample_0_y"": 489, ""sample_3_x"": 718, ""sample_4_y"": 257, ""count"": 89, ""sample_1_x"": 821, ""sample_2_time"": 375, ""sample_0_time"": 9, ""sample_4_x"": 696, ""sample_1_time"": 192, ""sample_2_x"": 751, ""sample_3_time"": 583, ""last_x"": 696, ""first_time"": 9, ""first_x"": 881, ""sample_4_time"": 767, ""sample_0_x"": 881, ""last_time"": 767, ""first_y"": 489, ""last_y"": 257, ""sample_2_y"": 340, ""sample_1_y"": 421}",Q2 (90-180<U+00B0>),Q2 (90-180<U+00B0>),TRUE,TRUE,Correct,135,5.217439299999995,5.217439299999995,5.217439299999995,5.217439299999995,TRUE
164800,19,righth,3+,yes,0,"""0-1""",39,225,222.5876353,2348,909,"{""sample_2_y"": 642, ""sample_1_x"": 749, ""first_y"": 510, ""count"": 101, ""last_time"": 909, ""sample_1_y"": 605, ""sample_4_time"": 909, ""sample_2_x"": 709, ""sample_4_y"": 718, ""sample_3_x"": 681, ""sample_0_time"": 8, ""sample_0_x"": 875, ""sample_1_time"": 246, ""last_y"": 718, ""sample_4_x"": 665, ""sample_0_y"": 510, ""first_x"": 875, ""sample_3_time"": 682, ""sample_2_time"": 454, ""first_time"": 8, ""sample_3_y"": 689, ""last_x"": 665}",Q3 (180-270<U+00B0>),Q3 (180-270<U+00B0>),TRUE,TRUE,Correct,225,2.412364700000012,2.412364700000012,2.412364700000012,2.412364700000012,TRUE
164800,19,righth,3+,yes,0,"""0-1""",40,315,308.2381099,2437,1567,"{""sample_4_time"": 1567, ""sample_3_y"": 739, ""sample_1_time"": 358, ""sample_2_y"": 703, ""sample_3_x"": 1080, ""sample_0_time"": 8, ""sample_1_y"": 634, ""sample_0_y"": 524, ""last_y"": 752, ""sample_4_y"": 752, ""first_y"": 524, ""sample_3_time"": 1117, ""last_time"": 1567, ""sample_2_x"": 1058, ""sample_2_time"": 717, ""sample_4_x"": 1097, ""count"": 164, ""sample_1_x"": 1007, ""sample_0_x"": 907, ""last_x"": 1097, ""first_time"": 8, ""first_x"": 907}",Q4 (270-360<U+00B0>),Q4 (270-360<U+00B0>),TRUE,TRUE,Correct,315,6.7618901000000164,6.7618901000000164,6.7618901000000164,6.7618901000000164,TRUE
164800,19,righth,3+,yes,0,"""0-1""",41,135,219.0505187,2407,2720,"{""sample_4_y"": 704, ""sample_4_x"": 651, ""first_x"": 889, ""sample_1_y"": 668, ""sample_3_x"": 776, ""sample_2_x"": 669, ""last_time"": 2720, ""sample_1_x"": 698, ""sample_0_y"": 522, ""first_time"": 8, ""sample_3_y"": 592, ""sample_0_time"": 8, ""last_x"": 651, ""sample_2_time"": 1354, ""sample_4_time"": 2720, ""last_y"": 704, ""sample_2_y"": 700, ""sample_0_x"": 889, ""first_y"": 522, ""sample_3_time"": 2117, ""sample_1_time"": 572, ""count"": 263}",Q2 (90-180<U+00B0>),Q3 (180-270<U+00B0>),TRUE,FALSE,Frequency,225,5.949481300000002,5.949481300000002,84.0505187,84.0505187,FALSE
164800,19,righth,3+,yes,0,"""0-1""",42,45,139.0675196,2723,625,"{""sample_2_time"": 309, ""sample_4_y"": 293, ""sample_0_y"": 483, ""last_time"": 625, ""sample_3_y"": 319, ""sample_1_x"": 814, ""first_x"": 883, ""sample_3_time"": 475, ""first_time"": 10, ""sample_3_x"": 690, ""sample_1_time"": 159, ""first_y"": 483, ""sample_2_x"": 737, ""sample_4_time"": 625, ""sample_4_x"": 659, ""sample_1_y"": 425, ""count"": 73, ""last_x"": 659, ""sample_2_y"": 365, ""sample_0_time"": 10, ""sample_0_x"": 883, ""last_y"": 293}",Q1 (0-90<U+00B0>),Q2 (90-180<U+00B0>),FALSE,TRUE,Formant,135,4.067519599999997,4.067519599999997,94.0675196,94.0675196,FALSE
164800,19,righth,3+,yes,0,"""0-1""",43,315,223.2180394,2848,904,"{""sample_3_y"": 689, ""sample_1_time"": 316, ""sample_2_time"": 504, ""first_x"": 876, ""sample_2_y"": 634, ""first_time"": 8, ""sample_1_y"": 525, ""last_x"": 668, ""sample_0_x"": 876, ""count"": 91, ""last_time"": 904, ""sample_0_y"": 506, ""sample_1_x"": 855, ""last_y"": 720, ""sample_2_x"": 733, ""first_y"": 506, ""sample_4_y"": 720, ""sample_3_x"": 687, ""sample_0_time"": 8, ""sample_3_time"": 696, ""sample_4_x"": 668, ""sample_4_time"": 904}",Q4 (270-360<U+00B0>),Q3 (180-270<U+00B0>),FALSE,TRUE,Formant,225,1.7819605999999908,1.7819605999999908,91.78196059999999,91.78196059999999,FALSE
164800,19,righth,3+,yes,0,"""0-1""",44,225,227.1586859,2382,1021,"{""sample_2_y"": 621, ""sample_3_y"": 708, ""sample_3_x"": 705, ""first_x"": 880, ""sample_1_y"": 540, ""sample_0_time"": 8, ""first_y"": 501, ""first_time"": 8, ""count"": 118, ""sample_0_y"": 501, ""sample_4_x"": 683, ""sample_4_y"": 736, ""sample_3_time"": 779, ""sample_1_x"": 826, ""sample_2_time"": 516, ""last_x"": 683, ""sample_2_x"": 768, ""last_y"": 736, ""sample_0_x"": 880, ""sample_4_time"": 1020, ""sample_1_time"": 266, ""last_time"": 1020}",Q3 (180-270<U+00B0>),Q3 (180-270<U+00B0>),TRUE,TRUE,Correct,225,2.1586858999999947,2.1586858999999947,2.1586858999999947,2.1586858999999947,TRUE
164800,19,righth,3+,yes,0,"""0-1""",45,315,314.1107799,2620,990,"{""sample_3_x"": 1105, ""sample_4_y"": 731, ""count"": 112, ""sample_4_x"": 1122, ""sample_2_y"": 633, ""first_time"": 8, ""sample_1_y"": 595, ""sample_0_x"": 919, ""first_y"": 516, ""last_x"": 1122, ""sample_2_time"": 508, ""sample_0_y"": 516, ""sample_0_time"": 8, ""last_time"": 990, ""sample_3_y"": 680, ""sample_3_time"": 741, ""sample_4_time"": 990, ""sample_1_x"": 1015, ""first_x"": 919, ""last_y"": 731, ""sample_1_time"": 241, ""sample_2_x"": 1071}",Q4 (270-360<U+00B0>),Q4 (270-360<U+00B0>),TRUE,TRUE,Correct,315,0.8892200999999886,0.8892200999999886,0.8892200999999886,0.8892200999999886,TRUE
164800,19,righth,3+,yes,0,"""0-1""",46,45,50.60927445,2807,1541,"{""sample_4_x"": 1102, ""last_x"": 1102, ""sample_2_y"": 321, ""first_y"": 491, ""sample_4_time"": 1541, ""sample_3_time"": 804, ""sample_2_time"": 550, ""sample_3_y"": 288, ""last_y"": 256, ""sample_4_y"": 256, ""count"": 126, ""sample_0_x"": 925, ""first_x"": 925, ""sample_2_x"": 1053, ""sample_1_time"": 266, ""sample_1_x"": 992, ""sample_0_time"": 8, ""sample_1_y"": 425, ""first_time"": 8, ""sample_0_y"": 491, ""sample_3_x"": 1077, ""last_time"": 1541}",Q1 (0-90<U+00B0>),Q1 (0-90<U+00B0>),TRUE,TRUE,Correct,45,5.609274450000001,5.609274450000001,5.609274450000001,5.609274450000001,TRUE
164800,19,righth,3+,yes,0,"""0-1""",47,225,312.4551956,2278,1143,"{""sample_2_y"": 672, ""sample_4_x"": 1115, ""sample_3_y"": 707, ""last_y"": 737, ""sample_3_x"": 1097, ""sample_1_y"": 604, ""first_x"": 900, ""last_time"": 1142, ""sample_0_x"": 900, ""first_y"": 523, ""sample_4_y"": 737, ""sample_0_time"": 8, ""last_x"": 1115, ""sample_4_time"": 1142, ""sample_0_y"": 523, ""sample_1_time"": 279, ""sample_2_x"": 1060, ""sample_2_time"": 576, ""count"": 132, ""sample_3_time"": 850, ""sample_1_x"": 977, ""first_time"": 8}",Q3 (180-270<U+00B0>),Q4 (270-360<U+00B0>),FALSE,TRUE,Formant,315,2.5448043999999754,2.5448043999999754,87.45519560000002,87.45519560000002,FALSE
164800,19,righth,3+,yes,0,"""0-1""",48,135,135,2636,743,"{""sample_1_y"": 395, ""sample_0_time"": 8, ""last_y"": 276, ""sample_2_x"": 733, ""count"": 84, ""last_time"": 743, ""sample_1_x"": 812, ""first_y"": 483, ""sample_0_x"": 882, ""sample_4_time"": 743, ""sample_2_y"": 340, ""sample_3_x"": 703, ""sample_1_time"": 208, ""sample_3_y"": 311, ""sample_4_y"": 276, ""sample_3_time"": 558, ""first_time"": 8, ""sample_2_time"": 383, ""first_x"": 882, ""sample_4_x"": 674, ""sample_0_y"": 483, ""last_x"": 674}",Q2 (90-180<U+00B0>),Q2 (90-180<U+00B0>),TRUE,TRUE,Correct,135,0,0,0,0,TRUE
164800,19,righth,3+,yes,0,"""0-1""",49,135,49.51398846,2424,2699,"{""sample_4_time"": 2699, ""first_time"": 7, ""sample_0_y"": 486, ""last_x"": 1110, ""count"": 240, ""sample_1_time"": 532, ""sample_0_time"": 7, ""sample_1_x"": 1039, ""sample_2_time"": 1048, ""sample_1_y"": 325, ""sample_3_y"": 296, ""sample_2_y"": 290, ""last_time"": 2699, ""last_y"": 256, ""sample_3_x"": 1070, ""sample_4_y"": 256, ""sample_4_x"": 1110, ""sample_0_x"": 916, ""sample_2_x"": 1075, ""sample_3_time"": 2023, ""first_y"": 486, ""first_x"": 916}",Q2 (90-180<U+00B0>),Q1 (0-90<U+00B0>),FALSE,TRUE,Formant,45,4.51398846,4.51398846,85.48601153999999,85.48601153999999,FALSE
164800,19,righth,3+,yes,0,"""0-1""",50,225,226.27303,2577,1759,"{""last_x"": 680, ""sample_0_y"": 523, ""sample_4_y"": 732, ""sample_1_x"": 796, ""last_y"": 732, ""sample_0_x"": 885, ""count"": 151, ""sample_3_time"": 1010, ""sample_3_y"": 711, ""first_x"": 885, ""first_y"": 523, ""sample_1_y"": 608, ""sample_2_y"": 694, ""last_time"": 1758, ""sample_3_x"": 691, ""sample_2_time"": 645, ""sample_1_time"": 332, ""sample_2_x"": 707, ""sample_4_x"": 680, ""first_time"": 8, ""sample_4_time"": 1758, ""sample_0_time"": 8}",Q3 (180-270<U+00B0>),Q3 (180-270<U+00B0>),TRUE,TRUE,Correct,225,1.2730300000000057,1.2730300000000057,1.2730300000000057,1.2730300000000057,TRUE
164800,19,righth,3+,yes,0,"""0-1""",51,135,313.2180394,2365,937,"{""sample_0_x"": 922, ""sample_2_y"": 682, ""first_time"": 8, ""sample_2_time"": 479, ""sample_1_y"": 606, ""sample_3_time"": 720, ""count"": 107, ""sample_4_y"": 734, ""sample_2_x"": 1083, ""last_x"": 1118, ""first_y"": 517, ""sample_4_time"": 937, ""sample_0_y"": 517, ""first_x"": 922, ""last_time"": 937, ""sample_1_time"": 254, ""sample_0_time"": 8, ""last_y"": 734, ""sample_3_x"": 1102, ""sample_3_y"": 715, ""sample_4_x"": 1118, ""sample_1_x"": 1018}",Q2 (90-180<U+00B0>),Q4 (270-360<U+00B0>),FALSE,FALSE,Both,315,1.7819605999999908,1.7819605999999908,178.2180394,178.2180394,FALSE
164800,19,righth,3+,yes,0,"""0-1""",52,225,137.5335589,2549,791,"{""sample_2_time"": 391, ""count"": 89, ""last_time"": 791, ""sample_4_time"": 791, ""sample_4_x"": 664, ""sample_2_x"": 728, ""sample_0_x"": 879, ""first_x"": 879, ""first_y"": 498, ""sample_3_x"": 684, ""sample_1_y"": 431, ""last_y"": 286, ""sample_2_y"": 366, ""sample_4_y"": 286, ""sample_1_x"": 794, ""sample_0_y"": 498, ""sample_3_time"": 574, ""sample_0_time"": 8, ""first_time"": 8, ""sample_3_y"": 322, ""sample_1_time"": 190, ""last_x"": 664}",Q3 (180-270<U+00B0>),Q2 (90-180<U+00B0>),TRUE,FALSE,Frequency,135,2.5335589000000027,2.5335589000000027,87.4664411,87.4664411,FALSE
164800,19,righth,3+,yes,0,"""0-1""",53,45,49.82685878,2407,1399,"{""last_y"": 258, ""sample_3_y"": 285, ""last_time"": 1399, ""sample_1_y"": 389, ""first_x"": 922, ""sample_2_time"": 716, ""sample_2_y"": 314, ""last_x"": 1106, ""sample_4_x"": 1106, ""sample_3_x"": 1087, ""sample_1_x"": 1002, ""sample_3_time"": 1049, ""sample_0_x"": 922, ""sample_0_time"": 8, ""first_y"": 494, ""sample_2_x"": 1066, ""sample_4_y"": 258, ""sample_4_time"": 1399, ""sample_1_time"": 366, ""count"": 160, ""sample_0_y"": 494, ""first_time"": 8}",Q1 (0-90<U+00B0>),Q1 (0-90<U+00B0>),TRUE,TRUE,Correct,45,4.826858780000002,4.826858780000002,4.826858780000002,4.826858780000002,TRUE
164800,19,righth,3+,yes,0,"""0-1""",54,45,52.01455919,2375,1994,"{""last_x"": 1096, ""sample_4_y"": 251, ""sample_2_x"": 1063, ""last_time"": 1994, ""first_x"": 920, ""sample_0_x"": 920, ""sample_1_x"": 1016, ""sample_3_y"": 276, ""first_time"": 9, ""first_y"": 488, ""sample_2_y"": 300, ""sample_3_x"": 1082, ""sample_0_time"": 9, ""sample_3_time"": 1185, ""sample_4_x"": 1096, ""last_y"": 251, ""sample_0_y"": 488, ""sample_2_time"": 777, ""count"": 183, ""sample_1_time"": 381, ""sample_1_y"": 377, ""sample_4_time"": 1994}",Q1 (0-90<U+00B0>),Q1 (0-90<U+00B0>),TRUE,TRUE,Correct,45,7.01455919,7.01455919,7.01455919,7.01455919,TRUE
164800,19,righth,3+,yes,0,"""0-1""",55,135,134.6188807,2347,413,"{""sample_4_y"": 275, ""sample_1_y"": 441, ""first_y"": 483, ""sample_0_x"": 883, ""sample_0_time"": 7, ""sample_4_time"": 412, ""sample_2_y"": 382, ""sample_2_x"": 754, ""first_time"": 7, ""sample_0_y"": 483, ""sample_3_y"": 317, ""sample_4_x"": 676, ""count"": 47, ""first_x"": 883, ""last_x"": 676, ""sample_3_x"": 693, ""sample_1_time"": 100, ""last_time"": 412, ""sample_3_time"": 316, ""sample_1_x"": 825, ""sample_2_time"": 199, ""last_y"": 275}",Q2 (90-180<U+00B0>),Q2 (90-180<U+00B0>),TRUE,TRUE,Correct,135,0.3811192999999946,0.3811192999999946,0.3811192999999946,0.3811192999999946,TRUE
164800,19,righth,3+,yes,0,"""0-1""",56,225,138.5447665,323,492,"{""count"": 54, ""sample_2_x"": 754, ""sample_0_time"": 17, ""sample_4_y"": 290, ""sample_3_y"": 342, ""sample_2_y"": 382, ""last_x"": 660, ""first_time"": 17, ""sample_1_y"": 448, ""sample_1_time"": 125, ""sample_0_y"": 487, ""sample_0_x"": 882, ""sample_2_time"": 242, ""last_y"": 290, ""sample_3_time"": 350, ""sample_4_x"": 660, ""last_time"": 492, ""sample_3_x"": 713, ""sample_4_time"": 492, ""first_y"": 487, ""sample_1_x"": 829, ""first_x"": 882}",Q3 (180-270<U+00B0>),Q2 (90-180<U+00B0>),TRUE,FALSE,Frequency,135,3.5447665000000086,3.5447665000000086,86.45523349999999,86.45523349999999,FALSE
164800,19,righth,3+,yes,0,"""0-1""",57,225,227.0363255,2829,2375,"{""sample_1_y"": 565, ""first_time"": 9, ""last_y"": 735, ""sample_2_y"": 540, ""last_time"": 2374, ""count"": 240, ""sample_2_time"": 1292, ""first_x"": 905, ""sample_3_y"": 631, ""sample_4_time"": 2374, ""last_x"": 683, ""sample_1_time"": 688, ""first_y"": 522, ""sample_0_time"": 9, ""sample_3_x"": 769, ""sample_4_y"": 735, ""sample_2_x"": 887, ""sample_4_x"": 683, ""sample_1_x"": 860, ""sample_0_x"": 905, ""sample_0_y"": 522, ""sample_3_time"": 1890}",Q3 (180-270<U+00B0>),Q3 (180-270<U+00B0>),TRUE,TRUE,Correct,225,2.036325500000004,2.036325500000004,2.036325500000004,2.036325500000004,TRUE
164800,19,righth,3+,yes,0,"""0-1""",58,45,313.6150971,4291,1257,"{""last_x"": 1122, ""sample_2_x"": 1042, ""last_time"": 1257, ""sample_0_x"": 913, ""sample_1_time"": 298, ""sample_4_y"": 735, ""sample_2_time"": 615, ""sample_4_x"": 1122, ""first_y"": 522, ""sample_3_y"": 698, ""count"": 140, ""first_time"": 7, ""first_x"": 913, ""sample_2_y"": 639, ""sample_3_x"": 1086, ""sample_0_time"": 7, ""sample_3_time"": 907, ""sample_4_time"": 1257, ""sample_0_y"": 522, ""last_y"": 735, ""sample_1_x"": 958, ""sample_1_y"": 564}",Q1 (0-90<U+00B0>),Q4 (270-360<U+00B0>),TRUE,FALSE,Frequency,315,1.384902899999986,1.384902899999986,268.6150971,91.38490289999999,FALSE
164800,19,righth,3+,yes,0,"""0-1""",59,135,218.8844964,5471,774,"{""sample_4_y"": 702, ""sample_3_y"": 664, ""sample_3_time"": 599, ""sample_4_time"": 774, ""sample_0_x"": 888, ""sample_0_time"": 24, ""first_y"": 521, ""first_time"": 24, ""sample_0_y"": 521, ""last_y"": 702, ""sample_3_x"": 695, ""sample_1_time"": 208, ""sample_2_x"": 792, ""sample_1_x"": 821, ""sample_4_x"": 652, ""sample_1_y"": 566, ""count"": 88, ""first_x"": 888, ""last_time"": 774, ""sample_2_y"": 586, ""sample_2_time"": 391, ""last_x"": 652}",Q2 (90-180<U+00B0>),Q3 (180-270<U+00B0>),TRUE,FALSE,Frequency,225,6.115503600000011,6.115503600000011,83.88449639999999,83.88449639999999,FALSE
164800,19,righth,3+,yes,0,"""0-1""",60,315,43.48592664,2752,3108,"{""sample_3_y"": 509, ""sample_4_y"": 281, ""sample_4_x"": 1133, ""last_time"": 3108, ""sample_2_x"": 1029, ""sample_2_time"": 1645, ""sample_3_x"": 909, ""sample_1_time"": 616, ""sample_1_y"": 346, ""sample_1_x"": 1011, ""last_y"": 281, ""sample_2_y"": 362, ""sample_4_time"": 3108, ""sample_3_time"": 2421, ""last_x"": 1133, ""first_time"": 8, ""first_y"": 482, ""count"": 280, ""sample_0_time"": 8, ""first_x"": 895, ""sample_0_y"": 482, ""sample_0_x"": 895}",Q4 (270-360<U+00B0>),Q1 (0-90<U+00B0>),TRUE,FALSE,Frequency,45,1.5140733599999976,1.5140733599999976,271.51407336,88.48592664,FALSE
164800,19,righth,3+,yes,0,"""0-1""",61,135,219.4154977,2527,808,"{""sample_3_x"": 691, ""count"": 93, ""sample_0_time"": 8, ""last_y"": 705, ""last_time"": 808, ""sample_1_y"": 566, ""sample_1_x"": 824, ""sample_3_y"": 660, ""sample_0_y"": 516, ""sample_3_time"": 616, ""sample_0_x"": 882, ""sample_1_time"": 216, ""sample_4_x"": 653, ""sample_2_y"": 595, ""sample_2_x"": 776, ""sample_2_time"": 408, ""first_y"": 516, ""first_time"": 8, ""sample_4_y"": 705, ""last_x"": 653, ""sample_4_time"": 808, ""first_x"": 882}",Q2 (90-180<U+00B0>),Q3 (180-270<U+00B0>),TRUE,FALSE,Frequency,225,5.584502299999997,5.584502299999997,84.4154977,84.4154977,FALSE
164800,19,righth,3+,yes,0,"""0-1""",62,135,307.623274,3504,791,"{""sample_2_time"": 415, ""last_y"": 755, ""sample_2_y"": 690, ""sample_0_y"": 524, ""sample_1_y"": 628, ""sample_2_x"": 1042, ""first_x"": 908, ""count"": 91, ""sample_1_time"": 207, ""sample_0_time"": 8, ""sample_3_x"": 1082, ""last_x"": 1095, ""last_time"": 791, ""first_y"": 524, ""sample_4_time"": 791, ""sample_4_y"": 755, ""first_time"": 8, ""sample_1_x"": 979, ""sample_4_x"": 1095, ""sample_0_x"": 908, ""sample_3_y"": 730, ""sample_3_time"": 607}",Q2 (90-180<U+00B0>),Q4 (270-360<U+00B0>),FALSE,FALSE,Both,315,7.376726000000019,7.376726000000019,172.62327399999998,172.62327399999998,FALSE
164800,19,righth,3+,yes,0,"""0-1""",63,45,132.2011015,2485,543,"{""last_y"": 266, ""sample_4_time"": 543, ""sample_4_x"": 686, ""sample_1_x"": 764, ""sample_4_y"": 266, ""last_time"": 543, ""first_time"": 2, ""first_y"": 446, ""sample_2_time"": 267, ""sample_2_x"": 733, ""sample_1_y"": 339, ""sample_1_time"": 134, ""sample_0_y"": 446, ""sample_0_time"": 2, ""sample_3_x"": 714, ""sample_0_x"": 858, ""count"": 64, ""sample_3_y"": 284, ""first_x"": 858, ""sample_3_time"": 401, ""last_x"": 686, ""sample_2_y"": 301}",Q1 (0-90<U+00B0>),Q2 (90-180<U+00B0>),FALSE,TRUE,Formant,135,2.798898500000007,2.798898500000007,87.2011015,87.2011015,FALSE
164800,19,righth,3+,yes,0,"""0-1""",64,45,312.4664411,2344,584,"{""sample_0_y"": 514, ""sample_4_y"": 738, ""sample_4_time"": 584, ""sample_3_time"": 450, ""sample_1_time"": 150, ""sample_0_time"": 9, ""sample_1_x"": 1008, ""sample_4_x"": 1116, ""last_time"": 584, ""count"": 68, ""last_x"": 1116, ""sample_3_y"": 700, ""sample_1_y"": 605, ""sample_2_time"": 309, ""first_y"": 514, ""first_x"": 921, ""sample_3_x"": 1090, ""last_y"": 738, ""first_time"": 9, ""sample_2_y"": 658, ""sample_2_x"": 1047, ""sample_0_x"": 921}",Q1 (0-90<U+00B0>),Q4 (270-360<U+00B0>),TRUE,FALSE,Frequency,315,2.5335589000000027,2.5335589000000027,267.4664411,92.5335589,FALSE
164800,19,righth,3+,yes,0,"""0-1""",65,315,220.581951,2435,2367,"{""last_y"": 711, ""sample_2_time"": 1296, ""last_x"": 656, ""sample_0_x"": 878, ""sample_1_time"": 448, ""sample_1_y"": 677, ""sample_3_x"": 692, ""sample_3_time"": 1750, ""sample_2_y"": 699, ""first_y"": 521, ""sample_2_x"": 669, ""sample_4_y"": 711, ""sample_1_x"": 683, ""sample_4_x"": 656, ""sample_4_time"": 2367, ""last_time"": 2367, ""sample_0_time"": 8, ""first_x"": 878, ""sample_3_y"": 677, ""count"": 194, ""sample_0_y"": 521, ""first_time"": 8}",Q4 (270-360<U+00B0>),Q3 (180-270<U+00B0>),FALSE,TRUE,Formant,225,4.418048999999996,4.418048999999996,94.418049,94.418049,FALSE
164800,19,righth,3+,yes,0,"""0-1""",66,135,308.7718781,2652,562,"{""count"": 66, ""sample_0_y"": 525, ""first_y"": 525, ""sample_1_y"": 608, ""first_x"": 906, ""sample_3_time"": 433, ""sample_4_x"": 1100, ""sample_2_y"": 648, ""last_y"": 751, ""sample_1_x"": 974, ""last_x"": 1100, ""sample_4_time"": 562, ""sample_0_time"": 9, ""sample_3_x"": 1074, ""sample_4_y"": 751, ""sample_0_x"": 906, ""first_time"": 9, ""sample_1_time"": 142, ""sample_2_time"": 284, ""sample_2_x"": 1014, ""last_time"": 562, ""sample_3_y"": 706}",Q2 (90-180<U+00B0>),Q4 (270-360<U+00B0>),FALSE,FALSE,Both,315,6.228121900000019,6.228121900000019,173.77187809999998,173.77187809999998,FALSE
164800,19,righth,3+,yes,0,"""0-1""",67,315,213.8891832,2431,359,"{""sample_1_x"": 857, ""sample_2_y"": 590, ""sample_1_time"": 84, ""sample_4_y"": 680, ""last_x"": 635, ""sample_0_y"": 523, ""sample_4_time"": 358, ""last_y"": 680, ""sample_3_x"": 697, ""first_time"": 8, ""first_x"": 894, ""sample_0_x"": 894, ""sample_3_y"": 646, ""sample_2_x"": 777, ""first_y"": 523, ""count"": 39, ""sample_0_time"": 8, ""sample_4_x"": 635, ""sample_2_time"": 183, ""sample_3_time"": 263, ""last_time"": 358, ""sample_1_y"": 546}",Q4 (270-360<U+00B0>),Q3 (180-270<U+00B0>),FALSE,TRUE,Formant,225,11.11081680000001,11.11081680000001,101.11081680000001,101.11081680000001,FALSE
164800,19,righth,3+,yes,0,"""0-1""",68,135,218.2679527,65,509,"{""sample_2_x"": 765, ""last_time"": 509, ""sample_2_time"": 250, ""sample_4_time"": 509, ""sample_1_x"": 805, ""sample_4_x"": 649, ""first_y"": 530, ""last_y"": 700, ""last_x"": 649, ""sample_3_x"": 674, ""first_time"": 17, ""sample_3_y"": 682, ""sample_4_y"": 700, ""sample_3_time"": 367, ""count"": 56, ""sample_0_y"": 530, ""first_x"": 886, ""sample_0_time"": 17, ""sample_2_y"": 620, ""sample_1_time"": 134, ""sample_0_x"": 886, ""sample_1_y"": 586}",Q2 (90-180<U+00B0>),Q3 (180-270<U+00B0>),TRUE,FALSE,Frequency,225,6.732047300000005,6.732047300000005,83.2679527,83.2679527,FALSE
164800,19,righth,3+,yes,0,"""0-1""",69,135,135.2535195,2432,874,"{""sample_0_x"": 875, ""sample_2_time"": 401, ""first_x"": 875, ""sample_3_y"": 299, ""sample_4_x"": 673, ""sample_2_y"": 320, ""sample_4_time"": 874, ""first_time"": 9, ""last_x"": 673, ""sample_3_x"": 688, ""sample_1_time"": 191, ""last_time"": 874, ""sample_4_y"": 277, ""sample_0_time"": 9, ""sample_0_y"": 492, ""count"": 91, ""last_y"": 277, ""sample_2_x"": 706, ""sample_1_y"": 428, ""first_y"": 492, ""sample_3_time"": 608, ""sample_1_x"": 810}",Q2 (90-180<U+00B0>),Q2 (90-180<U+00B0>),TRUE,TRUE,Correct,135,0.2535195000000101,0.2535195000000101,0.2535195000000101,0.2535195000000101,TRUE
164800,19,righth,3+,yes,0,"""0-1""",70,135,136.8965183,2408,467,"{""first_time"": 8, ""sample_3_y"": 317, ""first_x"": 882, ""last_time"": 466, ""sample_3_time"": 357, ""sample_1_y"": 438, ""sample_4_x"": 666, ""count"": 53, ""first_y"": 484, ""sample_0_y"": 484, ""sample_2_x"": 747, ""sample_1_time"": 142, ""sample_2_y"": 369, ""sample_4_y"": 283, ""last_y"": 283, ""last_x"": 666, ""sample_1_x"": 829, ""sample_2_time"": 250, ""sample_4_time"": 466, ""sample_3_x"": 696, ""sample_0_time"": 8, ""sample_0_x"": 882}",Q2 (90-180<U+00B0>),Q2 (90-180<U+00B0>),TRUE,TRUE,Correct,135,1.8965182999999968,1.8965182999999968,1.8965182999999968,1.8965182999999968,TRUE
164800,19,righth,3+,yes,0,"""0-1""",71,45,46.27303002,2940,841,"{""first_time"": 9, ""last_x"": 1120, ""sample_0_x"": 916, ""count"": 96, ""sample_2_x"": 1064, ""sample_4_time"": 841, ""last_y"": 272, ""sample_3_x"": 1100, ""sample_1_time"": 209, ""sample_0_time"": 9, ""sample_4_y"": 272, ""sample_3_y"": 292, ""sample_2_time"": 425, ""sample_0_y"": 482, ""sample_3_time"": 625, ""sample_2_y"": 315, ""last_time"": 841, ""sample_1_y"": 415, ""first_x"": 916, ""first_y"": 482, ""sample_4_x"": 1120, ""sample_1_x"": 980}",Q1 (0-90<U+00B0>),Q1 (0-90<U+00B0>),TRUE,TRUE,Correct,45,1.2730300200000002,1.2730300200000002,1.2730300200000002,1.2730300200000002,TRUE
164800,19,righth,3+,yes,0,"""0-1""",72,135,136.5275254,2566,750,"{""sample_1_y"": 439, ""sample_2_x"": 773, ""count"": 75, ""last_x"": 669, ""first_x"": 891, ""sample_0_y"": 484, ""first_y"": 484, ""last_time"": 750, ""sample_0_time"": 8, ""sample_1_x"": 832, ""sample_4_time"": 750, ""sample_0_x"": 891, ""sample_2_time"": 342, ""sample_2_y"": 388, ""sample_4_y"": 283, ""sample_3_time"": 600, ""sample_3_y"": 291, ""sample_3_x"": 679, ""last_y"": 283, ""first_time"": 8, ""sample_1_time"": 158, ""sample_4_x"": 669}",Q2 (90-180<U+00B0>),Q2 (90-180<U+00B0>),TRUE,TRUE,Correct,135,1.5275254000000018,1.5275254000000018,1.5275254000000018,1.5275254000000018,TRUE
164800,19,righth,3+,yes,0,"""0-1""",73,225,225.3811193,2523,1709,"{""first_y"": 517, ""last_time"": 1708, ""sample_1_y"": 620, ""sample_0_x"": 880, ""sample_4_x"": 676, ""sample_1_x"": 769, ""sample_4_time"": 1708, ""last_y"": 729, ""first_time"": 8, ""sample_3_x"": 695, ""count"": 174, ""sample_4_y"": 729, ""sample_2_y"": 674, ""sample_2_time"": 750, ""sample_2_x"": 710, ""sample_3_time"": 1125, ""sample_1_time"": 383, ""sample_0_y"": 517, ""sample_3_y"": 694, ""first_x"": 880, ""last_x"": 676, ""sample_0_time"": 8}",Q3 (180-270<U+00B0>),Q3 (180-270<U+00B0>),TRUE,TRUE,Correct,225,0.3811192999999946,0.3811192999999946,0.3811192999999946,0.3811192999999946,TRUE
164800,19,righth,3+,yes,0,"""0-1""",74,45,133.9815157,2391,1446,"{""sample_0_time"": 8, ""sample_4_y"": 273, ""sample_4_x"": 679, ""sample_1_y"": 364, ""count"": 146, ""sample_2_y"": 296, ""sample_4_time"": 1446, ""sample_0_x"": 878, ""sample_0_y"": 490, ""sample_1_x"": 757, ""sample_3_y"": 288, ""first_y"": 490, ""first_x"": 878, ""sample_2_time"": 641, ""last_y"": 273, ""sample_1_time"": 332, ""sample_3_x"": 687, ""first_time"": 8, ""sample_3_time"": 1129, ""sample_2_x"": 696, ""last_x"": 679, ""last_time"": 1446}",Q1 (0-90<U+00B0>),Q2 (90-180<U+00B0>),FALSE,TRUE,Formant,135,1.0184843000000114,1.0184843000000114,88.98151569999999,88.98151569999999,FALSE
164800,19,righth,3+,yes,0,"""0-1""",75,315,304.6382561,2416,1058,"{""sample_2_y"": 713, ""sample_3_time"": 641, ""sample_0_y"": 524, ""sample_2_time"": 432, ""first_y"": 524, ""count"": 99, ""last_y"": 764, ""first_x"": 915, ""sample_1_time"": 225, ""last_x"": 1081, ""sample_2_x"": 1051, ""last_time"": 1058, ""first_time"": 8, ""sample_1_y"": 655, ""sample_4_y"": 764, ""sample_1_x"": 1002, ""sample_0_time"": 8, ""sample_4_x"": 1081, ""sample_3_y"": 749, ""sample_3_x"": 1075, ""sample_4_time"": 1058, ""sample_0_x"": 915}",Q4 (270-360<U+00B0>),Q4 (270-360<U+00B0>),TRUE,TRUE,Correct,315,10.361743900000022,10.361743900000022,10.361743900000022,10.361743900000022,TRUE
164800,19,righth,3+,yes,0,"""0-1""",76,315,305.934833,2496,2449,"{""last_x"": 1087, ""sample_1_y"": 685, ""sample_0_x"": 920, ""first_x"": 920, ""last_y"": 760, ""sample_2_time"": 682, ""sample_4_y"": 760, ""sample_3_x"": 1067, ""sample_4_x"": 1087, ""count"": 158, ""last_time"": 2449, ""sample_3_time"": 2076, ""sample_0_time"": 7, ""sample_3_y"": 750, ""sample_1_x"": 1031, ""sample_4_time"": 2449, ""sample_1_time"": 332, ""first_time"": 7, ""sample_2_x"": 1058, ""sample_2_y"": 737, ""first_y"": 516, ""sample_0_y"": 516}",Q4 (270-360<U+00B0>),Q4 (270-360<U+00B0>),TRUE,TRUE,Correct,315,9.065166999999974,9.065166999999974,9.065166999999974,9.065166999999974,TRUE
164800,19,righth,3+,yes,0,"""0-1""",77,45,36.43775665,4075,576,"{""last_y"": 313, ""sample_3_y"": 322, ""first_y"": 502, ""last_time"": 576, ""sample_3_x"": 1156, ""last_x"": 1156, ""sample_1_time"": 149, ""sample_2_y"": 352, ""first_time"": 7, ""sample_2_x"": 1125, ""first_x"": 927, ""sample_4_time"": 576, ""count"": 63, ""sample_4_y"": 313, ""sample_3_time"": 415, ""sample_0_x"": 927, ""sample_1_y"": 424, ""sample_1_x"": 1052, ""sample_4_x"": 1156, ""sample_0_time"": 7, ""sample_2_time"": 282, ""sample_0_y"": 502}",Q1 (0-90<U+00B0>),Q1 (0-90<U+00B0>),TRUE,TRUE,Correct,45,8.562243350000003,8.562243350000003,8.562243350000003,8.562243350000003,TRUE
164800,19,righth,3+,yes,0,"""0-1""",78,45,47.90656138,2384,537,"{""sample_2_y"": 393, ""last_time"": 537, ""sample_2_time"": 282, ""sample_0_y"": 481, ""last_y"": 264, ""sample_0_x"": 913, ""last_x"": 1115, ""sample_4_y"": 264, ""sample_3_y"": 319, ""sample_4_time"": 537, ""sample_1_time"": 132, ""sample_0_time"": 9, ""sample_2_x"": 1002, ""first_y"": 481, ""sample_1_y"": 445, ""sample_3_x"": 1072, ""first_x"": 913, ""sample_4_x"": 1115, ""sample_3_time"": 411, ""sample_1_x"": 949, ""count"": 62, ""first_time"": 9}",Q1 (0-90<U+00B0>),Q1 (0-90<U+00B0>),TRUE,TRUE,Correct,45,2.9065613799999994,2.9065613799999994,2.9065613799999994,2.9065613799999994,TRUE
164800,19,righth,3+,yes,0,"""0-1""",79,315,224.8729586,3302,1158,"{""sample_3_y"": 710, ""sample_0_x"": 879, ""sample_4_y"": 727, ""sample_4_x"": 674, ""sample_1_x"": 785, ""sample_1_time"": 300, ""sample_2_x"": 713, ""first_y"": 505, ""sample_0_y"": 505, ""sample_1_y"": 571, ""sample_2_y"": 685, ""last_time"": 1158, ""sample_0_time"": 8, ""sample_3_time"": 883, ""first_x"": 879, ""last_y"": 727, ""count"": 135, ""first_time"": 8, ""sample_4_time"": 1158, ""sample_2_time"": 583, ""last_x"": 674, ""sample_3_x"": 692}",Q4 (270-360<U+00B0>),Q3 (180-270<U+00B0>),FALSE,TRUE,Formant,225,0.12704139999999597,0.12704139999999597,90.1270414,90.1270414,FALSE
164800,19,righth,3+,yes,0,"""0-1""",80,315,225.2546462,2507,2120,"{""sample_1_x"": 726, ""last_x"": 676, ""sample_4_time"": 2120, ""first_x"": 882, ""first_time"": 8, ""sample_1_time"": 379, ""sample_0_y"": 518, ""last_y"": 728, ""sample_2_y"": 689, ""first_y"": 518, ""sample_4_x"": 676, ""sample_0_x"": 882, ""sample_4_y"": 728, ""sample_3_y"": 703, ""sample_3_x"": 686, ""last_time"": 2120, ""sample_1_y"": 631, ""sample_2_time"": 762, ""sample_2_x"": 691, ""count"": 173, ""sample_0_time"": 8, ""sample_3_time"": 1690}",Q4 (270-360<U+00B0>),Q3 (180-270<U+00B0>),FALSE,TRUE,Formant,225,0.25464619999999627,0.25464619999999627,89.7453538,89.7453538,FALSE
164800,19,righth,3+,yes,0,"""0-1""",81,225,220.5427499,2357,813,"{""sample_2_y"": 646, ""sample_0_time"": 8, ""first_y"": 519, ""first_x"": 867, ""sample_3_time"": 621, ""sample_0_y"": 519, ""sample_1_time"": 196, ""count"": 95, ""sample_4_time"": 813, ""sample_4_x"": 658, ""sample_3_y"": 697, ""sample_3_x"": 666, ""sample_2_time"": 420, ""last_y"": 709, ""sample_4_y"": 709, ""first_time"": 8, ""sample_0_x"": 867, ""sample_1_y"": 579, ""last_time"": 813, ""sample_2_x"": 700, ""sample_1_x"": 748, ""last_x"": 658}",Q3 (180-270<U+00B0>),Q3 (180-270<U+00B0>),TRUE,TRUE,Correct,225,4.45725010000001,4.45725010000001,4.45725010000001,4.45725010000001,TRUE
164800,19,righth,3+,yes,0,"""0-1""",82,225,218.6317359,2355,797,"{""sample_2_y"": 606, ""sample_3_y"": 673, ""sample_1_x"": 795, ""sample_3_time"": 605, ""count"": 93, ""sample_3_x"": 673, ""sample_2_time"": 397, ""last_x"": 651, ""sample_4_x"": 651, ""sample_1_y"": 558, ""last_time"": 797, ""sample_4_y"": 701, ""first_y"": 513, ""first_x"": 883, ""sample_0_time"": 12, ""first_time"": 12, ""sample_2_x"": 722, ""sample_0_y"": 513, ""sample_0_x"": 883, ""sample_1_time"": 205, ""sample_4_time"": 797, ""last_y"": 701}",Q3 (180-270<U+00B0>),Q3 (180-270<U+00B0>),TRUE,TRUE,Correct,225,6.368264100000005,6.368264100000005,6.368264100000005,6.368264100000005,TRUE
164800,19,righth,3+,yes,0,"""0-1""",83,135,224.7453538,2477,2425,"{""sample_0_time"": 9, ""sample_0_x"": 884, ""sample_1_time"": 509, ""sample_0_y"": 520, ""sample_4_y"": 726, ""sample_2_y"": 667, ""sample_3_time"": 1937, ""sample_1_y"": 621, ""last_time"": 2425, ""sample_2_x"": 709, ""first_y"": 520, ""count"": 228, ""last_x"": 674, ""sample_4_x"": 674, ""last_y"": 726, ""sample_3_x"": 695, ""sample_2_time"": 1019, ""sample_1_x"": 746, ""sample_4_time"": 2425, ""first_x"": 884, ""sample_3_y"": 693, ""first_time"": 9}",Q2 (90-180<U+00B0>),Q3 (180-270<U+00B0>),TRUE,FALSE,Frequency,225,0.25464619999999627,0.25464619999999627,89.7453538,89.7453538,FALSE
164800,19,righth,3+,yes,0,"""0-1""",84,45,311.8131024,2632,1975,"{""sample_3_x"": 1067, ""sample_2_y"": 750, ""sample_3_y"": 730, ""sample_2_time"": 854, ""first_y"": 529, ""sample_1_time"": 429, ""sample_2_x"": 1074, ""sample_4_x"": 1112, ""first_time"": 8, ""sample_4_time"": 1975, ""first_x"": 914, ""sample_0_x"": 914, ""sample_3_time"": 1504, ""last_x"": 1112, ""last_time"": 1975, ""sample_4_y"": 739, ""sample_0_y"": 529, ""sample_0_time"": 8, ""sample_1_y"": 706, ""last_y"": 739, ""count"": 195, ""sample_1_x"": 1050}",Q1 (0-90<U+00B0>),Q4 (270-360<U+00B0>),TRUE,FALSE,Frequency,315,3.186897600000009,3.186897600000009,266.8131024,93.18689760000001,FALSE
164800,19,righth,3+,yes,0,"""0-1""",85,135,215.9747239,2706,434,"{""first_time"": 45, ""sample_0_y"": 541, ""sample_3_x"": 653, ""sample_3_y"": 670, ""sample_3_time"": 342, ""last_y"": 690, ""sample_2_time"": 242, ""sample_1_y"": 600, ""count"": 48, ""sample_2_x"": 678, ""last_time"": 434, ""sample_4_y"": 690, ""sample_4_x"": 641, ""sample_0_x"": 846, ""sample_0_time"": 45, ""first_y"": 541, ""sample_1_time"": 142, ""last_x"": 641, ""sample_2_y"": 649, ""sample_1_x"": 740, ""sample_4_time"": 434, ""first_x"": 846}",Q2 (90-180<U+00B0>),Q3 (180-270<U+00B0>),TRUE,FALSE,Frequency,225,9.025276100000013,9.025276100000013,80.97472389999999,80.97472389999999,FALSE
164800,19,righth,3+,yes,0,"""0-1""",86,45,136.27303,1873,1298,"{""first_y"": 498, ""sample_3_time"": 983, ""sample_0_time"": 8, ""sample_3_y"": 315, ""sample_4_x"": 670, ""sample_1_y"": 456, ""sample_0_y"": 498, ""count"": 120, ""last_x"": 670, ""sample_2_y"": 376, ""sample_1_time"": 466, ""sample_4_y"": 282, ""sample_1_x"": 831, ""first_time"": 8, ""sample_3_x"": 690, ""sample_2_time"": 733, ""sample_0_x"": 881, ""first_x"": 881, ""last_time"": 1298, ""sample_2_x"": 735, ""last_y"": 282, ""sample_4_time"": 1298}",Q1 (0-90<U+00B0>),Q2 (90-180<U+00B0>),FALSE,TRUE,Formant,135,1.2730300000000057,1.2730300000000057,91.27303,91.27303,FALSE
164800,19,righth,3+,yes,0,"""0-1""",87,135,219.3907256,2716,503,"{""sample_3_x"": 672, ""last_time"": 503, ""count"": 59, ""sample_3_time"": 386, ""sample_1_x"": 772, ""sample_2_time"": 265, ""first_time"": 10, ""sample_0_time"": 10, ""sample_1_time"": 123, ""sample_3_y"": 678, ""sample_4_x"": 654, ""sample_2_y"": 648, ""sample_2_x"": 690, ""sample_0_x"": 883, ""last_y"": 704, ""sample_4_y"": 704, ""first_y"": 492, ""sample_1_y"": 576, ""last_x"": 654, ""sample_4_time"": 503, ""sample_0_y"": 492, ""first_x"": 883}",Q2 (90-180<U+00B0>),Q3 (180-270<U+00B0>),TRUE,FALSE,Frequency,225,5.609274400000004,5.609274400000004,84.3907256,84.3907256,FALSE
164800,19,righth,3+,yes,0,"""0-1""",88,225,222.9636745,2408,525,"{""sample_2_y"": 615, ""count"": 61, ""first_time"": 9, ""first_x"": 874, ""sample_2_x"": 747, ""last_y"": 719, ""sample_3_time"": 400, ""first_y"": 511, ""sample_3_x"": 696, ""sample_1_time"": 133, ""sample_0_time"": 9, ""last_x"": 667, ""sample_2_time"": 277, ""sample_0_x"": 874, ""sample_3_y"": 668, ""last_time"": 525, ""sample_1_y"": 558, ""sample_0_y"": 511, ""sample_1_x"": 812, ""sample_4_x"": 667, ""sample_4_y"": 719, ""sample_4_time"": 525}",Q3 (180-270<U+00B0>),Q3 (180-270<U+00B0>),TRUE,TRUE,Correct,225,2.036325500000004,2.036325500000004,2.036325500000004,2.036325500000004,TRUE
164800,19,righth,3+,yes,0,"""0-1""",89,225,221.8550425,2419,367,"{""sample_3_x"": 723, ""sample_2_x"": 779, ""sample_2_y"": 585, ""last_time"": 367, ""sample_3_time"": 283, ""sample_1_time"": 100, ""sample_2_time"": 192, ""sample_0_x"": 878, ""last_x"": 660, ""sample_4_y"": 717, ""last_y"": 717, ""sample_1_x"": 835, ""sample_3_y"": 648, ""count"": 44, ""sample_0_time"": 8, ""sample_1_y"": 542, ""sample_0_y"": 507, ""sample_4_time"": 367, ""sample_4_x"": 660, ""first_x"": 878, ""first_time"": 8, ""first_y"": 507}",Q3 (180-270<U+00B0>),Q3 (180-270<U+00B0>),TRUE,TRUE,Correct,225,3.144957500000004,3.144957500000004,3.144957500000004,3.144957500000004,TRUE
164800,19,righth,3+,yes,0,"""0-1""",90,315,217.4809336,574,3579,"{""sample_4_time"": 3578, ""count"": 244, ""last_time"": 3578, ""first_y"": 522, ""last_x"": 647, ""sample_2_time"": 2222, ""sample_0_x"": 875, ""first_x"": 875, ""sample_0_time"": 8, ""sample_0_y"": 522, ""last_y"": 696, ""sample_4_y"": 696, ""sample_2_y"": 614, ""sample_1_x"": 734, ""sample_3_time"": 3062, ""sample_2_x"": 779, ""sample_1_time"": 1543, ""sample_4_x"": 647, ""first_time"": 8, ""sample_1_y"": 652, ""sample_3_x"": 900, ""sample_3_y"": 505}",Q4 (270-360<U+00B0>),Q3 (180-270<U+00B0>),FALSE,TRUE,Formant,225,7.519066400000014,7.519066400000014,97.51906640000001,97.51906640000001,FALSE
164800,19,righth,3+,yes,0,"""0-1""",91,315,230.8975485,2384,453,"{""sample_4_time"": 453, ""sample_0_x"": 877, ""count"": 52, ""last_y"": 753, ""sample_1_y"": 606, ""sample_3_x"": 765, ""sample_1_time"": 116, ""sample_0_time"": 8, ""sample_1_x"": 835, ""last_x"": 696, ""sample_2_x"": 809, ""first_time"": 8, ""sample_0_y"": 527, ""last_time"": 453, ""sample_3_y"": 686, ""first_x"": 877, ""sample_2_y"": 639, ""sample_4_y"": 753, ""sample_3_time"": 333, ""sample_2_time"": 225, ""first_y"": 527, ""sample_4_x"": 696}",Q4 (270-360<U+00B0>),Q3 (180-270<U+00B0>),FALSE,TRUE,Formant,225,5.897548499999999,5.897548499999999,84.1024515,84.1024515,FALSE
164800,19,righth,3+,yes,0,"""0-1""",92,45,47.14916422,5416,262,"{""sample_3_y"": 290, ""sample_3_time"": 203, ""sample_0_y"": 471, ""sample_1_y"": 398, ""sample_4_time"": 262, ""last_x"": 1118, ""sample_1_x"": 1000, ""sample_1_time"": 78, ""sample_4_y"": 267, ""sample_0_x"": 922, ""sample_4_x"": 1118, ""sample_2_y"": 332, ""count"": 30, ""first_time"": 24, ""first_x"": 922, ""first_y"": 471, ""sample_2_time"": 144, ""sample_0_time"": 24, ""sample_3_x"": 1104, ""last_time"": 262, ""last_y"": 267, ""sample_2_x"": 1073}",Q1 (0-90<U+00B0>),Q1 (0-90<U+00B0>),TRUE,TRUE,Correct,45,2.149164220000003,2.149164220000003,2.149164220000003,2.149164220000003,TRUE
164800,19,righth,3+,yes,0,"""0-1""",93,315,311.9471175,2611,568,"{""last_y"": 739, ""sample_1_y"": 626, ""sample_2_y"": 712, ""sample_4_y"": 739, ""first_y"": 526, ""sample_2_time"": 288, ""sample_3_x"": 1098, ""sample_0_time"": 8, ""sample_4_time"": 568, ""sample_1_time"": 148, ""sample_2_x"": 1072, ""sample_3_time"": 446, ""first_x"": 918, ""sample_0_x"": 918, ""last_time"": 568, ""first_time"": 8, ""last_x"": 1113, ""sample_3_y"": 730, ""sample_0_y"": 526, ""count"": 64, ""sample_1_x"": 1012, ""sample_4_x"": 1113}",Q4 (270-360<U+00B0>),Q4 (270-360<U+00B0>),TRUE,TRUE,Correct,315,3.0528825000000097,3.0528825000000097,3.0528825000000097,3.0528825000000097,TRUE
164800,19,righth,3+,yes,0,"""0-1""",94,45,50.83662852,2382,1635,"{""sample_0_x"": 910, ""first_y"": 479, ""sample_3_x"": 1085, ""count"": 97, ""sample_1_time"": 202, ""sample_0_time"": 9, ""first_time"": 9, ""sample_1_y"": 398, ""sample_1_x"": 965, ""sample_2_y"": 278, ""sample_2_time"": 402, ""sample_4_x"": 1102, ""sample_4_time"": 1634, ""last_x"": 1102, ""sample_0_y"": 479, ""first_x"": 910, ""sample_3_time"": 619, ""sample_3_y"": 268, ""last_time"": 1634, ""sample_2_x"": 1054, ""sample_4_y"": 254, ""last_y"": 254}",Q1 (0-90<U+00B0>),Q1 (0-90<U+00B0>),TRUE,TRUE,Correct,45,5.836628519999998,5.836628519999998,5.836628519999998,5.836628519999998,TRUE
164800,19,righth,3+,yes,0,"""0-1""",95,315,319.418049,2216,578,"{""sample_1_y"": 561, ""count"": 63, ""first_time"": 32, ""last_time"": 578, ""sample_0_time"": 32, ""sample_2_time"": 288, ""sample_3_y"": 668, ""sample_3_x"": 1086, ""first_y"": 533, ""sample_0_x"": 926, ""sample_3_time"": 421, ""last_y"": 711, ""sample_4_time"": 578, ""first_x"": 926, ""sample_2_y"": 615, ""sample_1_x"": 965, ""last_x"": 1144, ""sample_2_x"": 1027, ""sample_4_y"": 711, ""sample_0_y"": 533, ""sample_4_x"": 1144, ""sample_1_time"": 155}",Q4 (270-360<U+00B0>),Q4 (270-360<U+00B0>),TRUE,TRUE,Correct,315,4.418048999999996,4.418048999999996,4.418048999999996,4.418048999999996,TRUE
164800,19,righth,3+,yes,0,"""0-1""",96,45,51.76189006,2279,666,"{""sample_2_x"": 1023, ""sample_3_time"": 508, ""sample_2_y"": 356, ""sample_4_x"": 1097, ""sample_0_y"": 486, ""sample_3_y"": 296, ""sample_2_time"": 332, ""sample_1_x"": 997, ""sample_4_y"": 252, ""sample_0_time"": 7, ""first_x"": 889, ""sample_0_x"": 889, ""sample_1_y"": 408, ""last_y"": 252, ""last_time"": 665, ""first_time"": 7, ""sample_3_x"": 1060, ""last_x"": 1097, ""sample_4_time"": 665, ""count"": 78, ""sample_1_time"": 166, ""first_y"": 486}",Q1 (0-90<U+00B0>),Q1 (0-90<U+00B0>),TRUE,TRUE,Correct,45,6.761890059999999,6.761890059999999,6.761890059999999,6.761890059999999,TRUE
164800,19,righth,3+,yes,0,"""0-1""",97,315,314.8729586,2326,683,"{""first_time"": 5, ""first_x"": 927, ""sample_4_time"": 683, ""count"": 81, ""sample_1_time"": 167, ""sample_2_time"": 333, ""sample_0_y"": 519, ""sample_0_x"": 927, ""sample_1_x"": 1028, ""sample_3_time"": 501, ""last_y"": 728, ""sample_4_y"": 728, ""last_time"": 683, ""sample_1_y"": 620, ""sample_2_y"": 658, ""first_y"": 519, ""sample_3_x"": 1089, ""last_x"": 1125, ""sample_4_x"": 1125, ""sample_2_x"": 1068, ""sample_3_y"": 677, ""sample_0_time"": 5}",Q4 (270-360<U+00B0>),Q4 (270-360<U+00B0>),TRUE,TRUE,Correct,315,0.12704139999999597,0.12704139999999597,0.12704139999999597,0.12704139999999597,TRUE
164800,19,righth,3+,yes,0,"""0-1""",98,135,130.9504183,3562,257,"{""last_time"": 257, ""sample_1_x"": 839, ""sample_2_y"": 359, ""sample_2_x"": 767, ""last_x"": 690, ""sample_0_time"": 7, ""sample_3_y"": 287, ""sample_1_y"": 442, ""sample_0_y"": 487, ""sample_4_y"": 260, ""sample_3_x"": 716, ""sample_4_time"": 257, ""first_y"": 487, ""sample_1_time"": 65, ""first_time"": 7, ""last_y"": 260, ""sample_3_time"": 199, ""sample_2_time"": 132, ""sample_0_x"": 880, ""count"": 31, ""sample_4_x"": 690, ""first_x"": 880}",Q2 (90-180<U+00B0>),Q2 (90-180<U+00B0>),TRUE,TRUE,Correct,135,4.0495817000000045,4.0495817000000045,4.0495817000000045,4.0495817000000045,TRUE
164800,19,righth,3+,yes,0,"""0-1""",99,315,222.2011015,4124,946,"{""first_x"": 869, ""sample_1_time"": 254, ""sample_3_x"": 692, ""sample_2_time"": 480, ""last_y"": 716, ""first_y"": 511, ""sample_1_x"": 805, ""sample_0_y"": 511, ""sample_2_x"": 742, ""sample_3_y"": 686, ""sample_1_y"": 598, ""sample_4_time"": 946, ""sample_4_y"": 716, ""sample_0_time"": 34, ""last_time"": 946, ""count"": 109, ""first_time"": 34, ""last_x"": 664, ""sample_4_x"": 664, ""sample_2_y"": 645, ""sample_0_x"": 869, ""sample_3_time"": 721}",Q4 (270-360<U+00B0>),Q3 (180-270<U+00B0>),FALSE,TRUE,Formant,225,2.798898500000007,2.798898500000007,92.7988985,92.7988985,FALSE
164800,19,righth,3+,yes,0,"""0-1""",100,225,223.72697,2348,609,"{""count"": 70, ""sample_0_x"": 882, ""sample_2_time"": 325, ""sample_4_time"": 608, ""sample_4_x"": 670, ""sample_3_x"": 707, ""first_time"": 8, ""sample_3_time"": 467, ""first_x"": 882, ""sample_1_x"": 794, ""sample_2_x"": 738, ""sample_3_y"": 694, ""last_time"": 608, ""first_y"": 522, ""sample_1_y"": 628, ""sample_2_y"": 672, ""sample_0_time"": 8, ""last_x"": 670, ""sample_0_y"": 522, ""sample_4_y"": 722, ""last_y"": 722, ""sample_1_time"": 175}",Q3 (180-270<U+00B0>),Q3 (180-270<U+00B0>),TRUE,TRUE,Correct,225,1.2730300000000057,1.2730300000000057,1.2730300000000057,1.2730300000000057,TRUE
164887,20,righth,1,yes,5,"""5-10""",21,225,221.6335393,2819,1617,"{""first_y"": 265, ""first_x"": 551, ""sample_1_y"": 270, ""sample_0_y"": 265, ""sample_2_x"": 468, ""sample_0_time"": 16, ""sample_4_x"": 438, ""sample_3_x"": 447, ""last_time"": 1617, ""sample_3_y"": 346, ""first_time"": 16, ""sample_2_y"": 309, ""sample_1_x"": 504, ""last_y"": 378, ""last_x"": 438, ""sample_1_time"": 352, ""sample_4_y"": 378, ""sample_3_time"": 1300, ""count"": 80, ""sample_0_x"": 551, ""sample_2_time"": 967, ""sample_4_time"": 1617}",Q3 (180-270<U+00B0>),Q3 (180-270<U+00B0>),TRUE,TRUE,Correct,225,3.3664607000000046,3.3664607000000046,3.3664607000000046,3.3664607000000046,TRUE
164887,20,righth,1,yes,5,"""5-10""",22,45,46.90915243,1877,1399,"{""first_time"": 16, ""sample_2_y"": 194, ""count"": 82, ""first_y"": 257, ""sample_0_y"": 257, ""last_x"": 680, ""sample_4_time"": 1399, ""sample_0_x"": 575, ""sample_1_time"": 349, ""sample_2_time"": 700, ""sample_0_time"": 16, ""sample_1_y"": 221, ""last_time"": 1399, ""last_y"": 142, ""sample_4_y"": 142, ""sample_3_y"": 170, ""sample_1_x"": 605, ""sample_2_x"": 633, ""sample_3_time"": 1033, ""first_x"": 575, ""sample_3_x"": 657, ""sample_4_x"": 680}",Q1 (0-90<U+00B0>),Q1 (0-90<U+00B0>),TRUE,TRUE,Correct,45,1.909152429999999,1.909152429999999,1.909152429999999,1.909152429999999,TRUE
164887,20,righth,1,yes,5,"""5-10""",23,315,317.6351846,3733,1134,"{""first_y"": 275, ""last_y"": 380, ""sample_4_y"": 380, ""count"": 68, ""sample_2_time"": 583, ""sample_4_time"": 1133, ""sample_0_x"": 573, ""sample_3_time"": 867, ""sample_1_x"": 596, ""sample_4_x"": 689, ""sample_0_time"": 17, ""sample_3_x"": 659, ""last_time"": 1133, ""first_time"": 17, ""sample_2_x"": 624, ""sample_2_y"": 308, ""first_x"": 573, ""last_x"": 689, ""sample_1_time"": 299, ""sample_3_y"": 340, ""sample_1_y"": 289, ""sample_0_y"": 275}",Q4 (270-360<U+00B0>),Q4 (270-360<U+00B0>),TRUE,TRUE,Correct,315,2.6351846000000023,2.6351846000000023,2.6351846000000023,2.6351846000000023,TRUE
164887,20,righth,1,yes,5,"""5-10""",24,225,229.5077708,2067,700,"{""last_x"": 453, ""sample_1_y"": 308, ""sample_1_time"": 183, ""sample_0_y"": 274, ""sample_1_x"": 514, ""sample_2_time"": 366, ""sample_4_y"": 396, ""first_y"": 274, ""sample_4_x"": 453, ""count"": 42, ""first_x"": 551, ""sample_0_time"": 17, ""sample_2_y"": 334, ""first_time"": 17, ""sample_3_time"": 533, ""sample_4_time"": 700, ""sample_3_x"": 468, ""sample_3_y"": 370, ""last_y"": 396, ""sample_2_x"": 494, ""sample_0_x"": 551, ""last_time"": 700}",Q3 (180-270<U+00B0>),Q3 (180-270<U+00B0>),TRUE,TRUE,Correct,225,4.507770800000003,4.507770800000003,4.507770800000003,4.507770800000003,TRUE
164887,20,righth,1,yes,5,"""5-10""",25,45,44.52254622,2133,500,"{""sample_1_time"": 133, ""sample_0_x"": 583, ""first_x"": 583, ""sample_4_time"": 500, ""count"": 30, ""last_y"": 147, ""sample_3_y"": 154, ""sample_3_time"": 383, ""sample_1_y"": 206, ""sample_0_y"": 250, ""sample_2_time"": 266, ""sample_0_time"": 17, ""sample_3_x"": 674, ""last_time"": 500, ""first_time"": 17, ""sample_4_y"": 147, ""sample_1_x"": 625, ""sample_2_x"": 655, ""sample_2_y"": 172, ""last_x"": 685, ""first_y"": 250, ""sample_4_x"": 685}",Q1 (0-90<U+00B0>),Q1 (0-90<U+00B0>),TRUE,TRUE,Correct,45,0.4774537799999976,0.4774537799999976,0.4774537799999976,0.4774537799999976,TRUE
164887,20,righth,1,yes,5,"""5-10""",26,135,136.8933858,1983,350,"{""sample_3_y"": 166, ""sample_0_x"": 540, ""sample_4_time"": 350, ""sample_1_x"": 499, ""sample_2_x"": 472, ""sample_0_y"": 245, ""last_y"": 149, ""sample_4_y"": 149, ""last_time"": 350, ""sample_2_y"": 182, ""count"": 21, ""first_time"": 17, ""sample_4_x"": 439, ""sample_2_time"": 183, ""sample_1_y"": 210, ""sample_3_time"": 267, ""first_y"": 245, ""sample_0_time"": 17, ""first_x"": 540, ""sample_3_x"": 449, ""sample_1_time"": 101, ""last_x"": 439}",Q2 (90-180<U+00B0>),Q2 (90-180<U+00B0>),TRUE,TRUE,Correct,135,1.8933858000000043,1.8933858000000043,1.8933858000000043,1.8933858000000043,TRUE
164887,20,righth,1,yes,5,"""5-10""",27,135,138.0876513,2421,629,"{""first_y"": 257, ""sample_2_y"": 170, ""sample_3_x"": 455, ""first_time"": 12, ""sample_1_y"": 212, ""sample_3_y"": 161, ""last_time"": 629, ""sample_4_y"": 152, ""count"": 17, ""sample_4_time"": 629, ""sample_2_time"": 145, ""sample_4_x"": 437, ""sample_1_time"": 79, ""sample_3_time"": 562, ""sample_2_x"": 472, ""sample_0_time"": 12, ""sample_1_x"": 503, ""sample_0_y"": 257, ""last_y"": 152, ""first_x"": 552, ""last_x"": 437, ""sample_0_x"": 552}",Q2 (90-180<U+00B0>),Q2 (90-180<U+00B0>),TRUE,TRUE,Correct,135,3.0876513000000045,3.0876513000000045,3.0876513000000045,3.0876513000000045,TRUE
164887,20,righth,1,yes,5,"""5-10""",28,315,312.8962031,1450,451,"{""sample_4_time"": 451, ""last_y"": 393, ""first_x"": 581, ""count"": 27, ""sample_3_y"": 367, ""sample_0_time"": 17, ""sample_3_time"": 351, ""sample_2_time"": 234, ""sample_2_x"": 646, ""sample_0_y"": 278, ""sample_4_y"": 393, ""first_y"": 278, ""sample_4_x"": 682, ""sample_1_time"": 117, ""last_x"": 682, ""first_time"": 17, ""sample_2_y"": 341, ""sample_0_x"": 581, ""sample_3_x"": 671, ""last_time"": 451, ""sample_1_x"": 607, ""sample_1_y"": 308}",Q4 (270-360<U+00B0>),Q4 (270-360<U+00B0>),TRUE,TRUE,Correct,315,2.1037969000000203,2.1037969000000203,2.1037969000000203,2.1037969000000203,TRUE
164887,20,righth,1,yes,5,"""5-10""",29,45,135.2397299,1667,366,"{""sample_2_time"": 200, ""first_time"": 16, ""sample_0_y"": 244, ""sample_1_time"": 99, ""sample_3_x"": 458, ""sample_4_x"": 444, ""sample_4_y"": 147, ""sample_0_time"": 16, ""sample_1_x"": 504, ""last_x"": 444, ""sample_0_x"": 545, ""sample_2_x"": 476, ""last_time"": 366, ""last_y"": 147, ""sample_2_y"": 183, ""first_x"": 545, ""sample_4_time"": 366, ""sample_3_y"": 163, ""first_y"": 244, ""sample_1_y"": 208, ""sample_3_time"": 283, ""count"": 22}",Q1 (0-90<U+00B0>),Q2 (90-180<U+00B0>),FALSE,TRUE,Formant,135,0.23972989999998617,0.23972989999998617,90.23972989999999,90.23972989999999,FALSE
164887,20,righth,1,yes,5,"""5-10""",30,315,310.2363583,1550,217,"{""first_x"": 589, ""count"": 9, ""last_y"": 396, ""first_time"": 83, ""first_y"": 287, ""last_x"": 674, ""last_time"": 217}",Q4 (270-360<U+00B0>),Q4 (270-360<U+00B0>),TRUE,TRUE,Correct,315,4.763641699999994,4.763641699999994,4.763641699999994,4.763641699999994,TRUE
164887,20,righth,1,yes,5,"""5-10""",31,135,135,1267,216,"{""sample_0_time"": 16, ""last_x"": 444, ""sample_2_y"": 177, ""sample_1_x"": 496, ""first_time"": 16, ""last_time"": 216, ""last_y"": 146, ""sample_0_x"": 538, ""sample_4_y"": 146, ""count"": 13, ""sample_1_y"": 204, ""sample_0_y"": 249, ""sample_2_time"": 116, ""sample_3_y"": 155, ""first_y"": 249, ""sample_4_time"": 216, ""sample_3_x"": 454, ""sample_4_x"": 444, ""sample_3_time"": 167, ""sample_1_time"": 66, ""sample_2_x"": 469, ""first_x"": 538}",Q2 (90-180<U+00B0>),Q2 (90-180<U+00B0>),TRUE,TRUE,Correct,135,0,0,0,0,TRUE
164887,20,righth,1,yes,5,"""5-10""",32,225,311.9123487,999,251,"{""sample_2_time"": 134, ""first_y"": 278, ""sample_3_y"": 376, ""sample_0_y"": 278, ""sample_1_y"": 304, ""count"": 15, ""sample_2_x"": 633, ""sample_4_time"": 251, ""sample_1_time"": 68, ""sample_2_y"": 345, ""last_y"": 393, ""last_x"": 678, ""sample_4_x"": 678, ""sample_3_time"": 201, ""sample_4_y"": 393, ""first_time"": 17, ""first_x"": 581, ""sample_3_x"": 655, ""sample_1_x"": 607, ""sample_0_x"": 581, ""last_time"": 251, ""sample_0_time"": 17}",Q3 (180-270<U+00B0>),Q4 (270-360<U+00B0>),FALSE,TRUE,Formant,315,3.0876513000000045,3.0876513000000045,86.9123487,86.9123487,FALSE
164887,20,righth,1,yes,5,"""5-10""",33,45,50.28124063,2866,334,"{""first_x"": 585, ""sample_4_time"": 334, ""last_time"": 334, ""sample_2_y"": 168, ""sample_2_x"": 640, ""sample_1_time"": 100, ""count"": 20, ""last_x"": 672, ""sample_4_y"": 136, ""sample_1_x"": 615, ""sample_0_y"": 247, ""first_time"": 17, ""sample_0_x"": 585, ""last_y"": 136, ""sample_1_y"": 205, ""sample_0_time"": 17, ""sample_3_time"": 267, ""first_y"": 247, ""sample_3_x"": 661, ""sample_4_x"": 672, ""sample_2_time"": 183, ""sample_3_y"": 146}",Q1 (0-90<U+00B0>),Q1 (0-90<U+00B0>),TRUE,TRUE,Correct,45,5.281240629999999,5.281240629999999,5.281240629999999,5.281240629999999,TRUE
164887,20,righth,1,yes,5,"""5-10""",34,45,57.06130946,3033,1684,"{""sample_1_time"": 400, ""last_time"": 1684, ""sample_0_time"": 17, ""sample_2_y"": 205, ""count"": 93, ""sample_1_y"": 236, ""sample_2_x"": 616, ""sample_0_x"": 570, ""first_y"": 254, ""last_x"": 656, ""sample_2_time"": 783, ""sample_3_x"": 648, ""sample_1_x"": 587, ""sample_4_y"": 124, ""first_time"": 17, ""sample_4_x"": 656, ""sample_3_y"": 161, ""first_x"": 570, ""sample_0_y"": 254, ""sample_3_time"": 1267, ""sample_4_time"": 1684, ""last_y"": 124}",Q1 (0-90<U+00B0>),Q1 (0-90<U+00B0>),TRUE,TRUE,Correct,45,12.061309459999997,12.061309459999997,12.061309459999997,12.061309459999997,TRUE
164887,20,righth,1,yes,5,"""5-10""",35,225,228.8460301,3399,1768,"{""sample_2_y"": 328, ""sample_4_time"": 1768, ""sample_0_y"": 277, ""sample_2_time"": 1059, ""sample_4_x"": 453, ""last_x"": 453, ""sample_0_x"": 555, ""sample_3_time"": 1417, ""first_time"": 18, ""sample_3_x"": 477, ""sample_3_y"": 361, ""sample_1_y"": 303, ""sample_1_time"": 518, ""last_time"": 1768, ""first_x"": 555, ""sample_2_x"": 505, ""last_y"": 393, ""count"": 87, ""sample_4_y"": 393, ""first_y"": 277, ""sample_0_time"": 18, ""sample_1_x"": 531}",Q3 (180-270<U+00B0>),Q3 (180-270<U+00B0>),TRUE,TRUE,Correct,225,3.8460301000000072,3.8460301000000072,3.8460301000000072,3.8460301000000072,TRUE
164887,20,righth,1,yes,5,"""5-10""",36,135,137.1386826,2384,1950,"{""count"": 64, ""last_time"": 1950, ""sample_4_y"": 150, ""sample_2_time"": 650, ""sample_1_y"": 242, ""sample_1_time"": 388, ""first_time"": 17, ""sample_1_x"": 527, ""sample_3_x"": 460, ""sample_3_y"": 192, ""sample_4_time"": 1950, ""sample_0_time"": 17, ""sample_0_x"": 550, ""first_y"": 256, ""sample_2_x"": 487, ""sample_4_x"": 439, ""sample_3_time"": 1716, ""last_x"": 439, ""first_x"": 550, ""sample_0_y"": 256, ""sample_2_y"": 222, ""last_y"": 150}",Q2 (90-180<U+00B0>),Q2 (90-180<U+00B0>),TRUE,TRUE,Correct,135,2.13868260000001,2.13868260000001,2.13868260000001,2.13868260000001,TRUE
164887,20,righth,1,yes,5,"""5-10""",37,315,314.0451587,2250,1433,"{""sample_4_x"": 682, ""sample_0_y"": 274, ""sample_1_x"": 602, ""sample_3_x"": 655, ""sample_4_time"": 1433, ""sample_3_y"": 362, ""sample_4_y"": 388, ""sample_0_x"": 577, ""sample_2_x"": 628, ""first_x"": 577, ""last_time"": 1433, ""last_y"": 388, ""sample_0_time"": 16, ""count"": 84, ""last_x"": 682, ""first_time"": 16, ""sample_3_time"": 1099, ""sample_1_y"": 294, ""sample_1_time"": 399, ""sample_2_time"": 749, ""sample_2_y"": 321, ""first_y"": 274}",Q4 (270-360<U+00B0>),Q4 (270-360<U+00B0>),TRUE,TRUE,Correct,315,0.9548412999999982,0.9548412999999982,0.9548412999999982,0.9548412999999982,TRUE
164887,20,righth,1,yes,5,"""5-10""",38,45,46.663725,2300,1283,"{""sample_3_y"": 170, ""sample_0_y"": 255, ""sample_3_x"": 653, ""sample_4_y"": 142, ""count"": 77, ""sample_1_x"": 607, ""sample_2_time"": 650, ""sample_0_time"": 16, ""sample_4_x"": 681, ""sample_1_time"": 333, ""sample_2_x"": 634, ""sample_3_time"": 967, ""last_x"": 681, ""first_time"": 16, ""first_x"": 571, ""sample_4_time"": 1283, ""sample_0_x"": 571, ""last_time"": 1283, ""first_y"": 255, ""last_y"": 142, ""sample_2_y"": 199, ""sample_1_y"": 226}",Q1 (0-90<U+00B0>),Q1 (0-90<U+00B0>),TRUE,TRUE,Correct,45,1.6637249999999995,1.6637249999999995,1.6637249999999995,1.6637249999999995,TRUE
164887,20,righth,1,yes,5,"""5-10""",39,135,138.8140748,2100,1051,"{""sample_2_y"": 220, ""sample_1_x"": 509, ""first_y"": 267, ""count"": 63, ""last_time"": 1050, ""sample_1_y"": 246, ""sample_4_time"": 1050, ""sample_2_x"": 486, ""sample_4_y"": 154, ""sample_3_x"": 456, ""sample_0_time"": 17, ""sample_0_x"": 551, ""sample_1_time"": 267, ""last_y"": 154, ""sample_4_x"": 436, ""sample_0_y"": 267, ""first_x"": 551, ""sample_3_time"": 800, ""sample_2_time"": 534, ""first_time"": 17, ""sample_3_y"": 184, ""last_x"": 436}",Q2 (90-180<U+00B0>),Q2 (90-180<U+00B0>),TRUE,TRUE,Correct,135,3.814074799999986,3.814074799999986,3.814074799999986,3.814074799999986,TRUE
164887,20,righth,1,yes,5,"""5-10""",40,315,223.5679038,1984,1399,"{""sample_4_time"": 1399, ""sample_3_y"": 348, ""sample_1_time"": 371, ""sample_2_y"": 321, ""sample_3_x"": 470, ""sample_0_time"": 16, ""sample_1_y"": 286, ""sample_0_y"": 273, ""last_y"": 383, ""sample_4_y"": 383, ""first_y"": 273, ""sample_3_time"": 1033, ""last_time"": 1399, ""sample_2_x"": 496, ""sample_2_time"": 683, ""sample_4_x"": 441, ""count"": 76, ""sample_1_x"": 535, ""sample_0_x"": 554, ""last_x"": 441, ""first_time"": 16, ""first_x"": 554}",Q4 (270-360<U+00B0>),Q3 (180-270<U+00B0>),FALSE,TRUE,Formant,225,1.4320961999999895,1.4320961999999895,91.43209619999999,91.43209619999999,FALSE
164887,20,righth,1,yes,5,"""5-10""",41,225,225.9548413,2467,917,"{""sample_4_y"": 388, ""sample_4_x"": 446, ""first_x"": 552, ""sample_1_y"": 301, ""sample_3_x"": 472, ""sample_2_x"": 500, ""last_time"": 917, ""sample_1_x"": 526, ""sample_0_y"": 276, ""first_time"": 17, ""sample_3_y"": 359, ""sample_0_time"": 17, ""last_x"": 446, ""sample_2_time"": 450, ""sample_4_time"": 917, ""last_y"": 388, ""sample_2_y"": 328, ""sample_0_x"": 552, ""first_y"": 276, ""sample_3_time"": 700, ""sample_1_time"": 233, ""count"": 53}",Q3 (180-270<U+00B0>),Q3 (180-270<U+00B0>),TRUE,TRUE,Correct,225,0.9548412999999982,0.9548412999999982,0.9548412999999982,0.9548412999999982,TRUE
164887,20,righth,1,yes,5,"""5-10""",42,45,47.83878784,1999,901,"{""sample_2_time"": 468, ""sample_4_y"": 139, ""sample_0_y"": 252, ""last_time"": 901, ""sample_3_y"": 165, ""sample_1_x"": 616, ""first_x"": 580, ""sample_3_time"": 684, ""first_time"": 17, ""sample_3_x"": 656, ""sample_1_time"": 234, ""first_y"": 252, ""sample_2_x"": 638, ""sample_4_time"": 901, ""sample_4_x"": 679, ""sample_1_y"": 215, ""count"": 54, ""last_x"": 679, ""sample_2_y"": 185, ""sample_0_time"": 17, ""sample_0_x"": 580, ""last_y"": 139}",Q1 (0-90<U+00B0>),Q1 (0-90<U+00B0>),TRUE,TRUE,Correct,45,2.838787840000002,2.838787840000002,2.838787840000002,2.838787840000002,TRUE
164887,20,righth,1,yes,5,"""5-10""",43,45,45.95484125,2500,1250,"{""sample_3_y"": 179, ""sample_1_time"": 316, ""sample_2_time"": 633, ""first_x"": 582, ""sample_2_y"": 203, ""first_time"": 17, ""sample_1_y"": 224, ""last_x"": 682, ""sample_0_x"": 582, ""count"": 75, ""last_time"": 1250, ""sample_0_y"": 256, ""sample_1_x"": 615, ""last_y"": 144, ""sample_2_x"": 634, ""first_y"": 256, ""sample_4_y"": 144, ""sample_3_x"": 653, ""sample_0_time"": 17, ""sample_3_time"": 950, ""sample_4_x"": 682, ""sample_4_time"": 1250}",Q1 (0-90<U+00B0>),Q1 (0-90<U+00B0>),TRUE,TRUE,Correct,45,0.9548412500000012,0.9548412500000012,0.9548412500000012,0.9548412500000012,TRUE
164887,20,righth,1,yes,5,"""5-10""",44,135,140.2374761,2184,1833,"{""sample_2_y"": 223, ""sample_3_y"": 192, ""sample_3_x"": 477, ""first_x"": 553, ""sample_1_y"": 256, ""sample_0_time"": 16, ""first_y"": 260, ""first_time"": 16, ""count"": 63, ""sample_0_y"": 260, ""sample_4_x"": 433, ""sample_4_y"": 157, ""sample_3_time"": 1583, ""sample_1_x"": 544, ""sample_2_time"": 1322, ""last_x"": 433, ""sample_2_x"": 517, ""last_y"": 157, ""sample_0_x"": 553, ""sample_4_time"": 1833, ""sample_1_time"": 321, ""last_time"": 1833}",Q2 (90-180<U+00B0>),Q2 (90-180<U+00B0>),TRUE,TRUE,Correct,135,5.237476100000009,5.237476100000009,5.237476100000009,5.237476100000009,TRUE
164887,20,righth,1,yes,5,"""5-10""",45,45,49.00182658,1149,284,"{""sample_3_x"": 665, ""sample_4_y"": 136, ""count"": 13, ""sample_4_x"": 677, ""sample_2_y"": 175, ""first_time"": 84, ""sample_1_y"": 197, ""sample_0_x"": 586, ""first_y"": 254, ""last_x"": 677, ""sample_2_time"": 184, ""sample_0_y"": 254, ""sample_0_time"": 84, ""last_time"": 284, ""sample_3_y"": 156, ""sample_3_time"": 234, ""sample_4_time"": 284, ""sample_1_x"": 639, ""first_x"": 586, ""last_y"": 136, ""sample_1_time"": 134, ""sample_2_x"": 654}",Q1 (0-90<U+00B0>),Q1 (0-90<U+00B0>),TRUE,TRUE,Correct,45,4.0018265799999995,4.0018265799999995,4.0018265799999995,4.0018265799999995,TRUE
164887,20,righth,1,yes,5,"""5-10""",46,315,227.8387878,1417,1083,"{""sample_4_x"": 449, ""last_x"": 449, ""sample_2_y"": 343, ""first_y"": 281, ""sample_4_time"": 1083, ""sample_3_time"": 850, ""sample_2_time"": 517, ""sample_3_y"": 365, ""last_y"": 393, ""sample_4_y"": 393, ""count"": 60, ""sample_0_x"": 558, ""first_x"": 558, ""sample_2_x"": 500, ""sample_1_time"": 266, ""sample_1_x"": 532, ""sample_0_time"": 16, ""sample_1_y"": 313, ""first_time"": 16, ""sample_0_y"": 281, ""sample_3_x"": 478, ""last_time"": 1083}",Q4 (270-360<U+00B0>),Q3 (180-270<U+00B0>),FALSE,TRUE,Formant,225,2.8387878000000057,2.8387878000000057,87.1612122,87.1612122,FALSE
164887,20,righth,1,yes,5,"""5-10""",47,45,51.70983681,2233,1016,"{""sample_2_y"": 187, ""sample_4_x"": 669, ""sample_3_y"": 161, ""last_y"": 133, ""sample_3_x"": 652, ""sample_1_y"": 215, ""first_x"": 581, ""last_time"": 1016, ""sample_0_x"": 581, ""first_y"": 254, ""sample_4_y"": 133, ""sample_0_time"": 16, ""last_x"": 669, ""sample_4_time"": 1016, ""sample_0_y"": 254, ""sample_1_time"": 266, ""sample_2_x"": 634, ""sample_2_time"": 516, ""count"": 61, ""sample_3_time"": 766, ""sample_1_x"": 612, ""first_time"": 16}",Q1 (0-90<U+00B0>),Q1 (0-90<U+00B0>),TRUE,TRUE,Correct,45,6.709836809999999,6.709836809999999,6.709836809999999,6.709836809999999,TRUE
164887,20,righth,1,yes,5,"""5-10""",48,225,225.2377405,1867,1017,"{""sample_1_y"": 288, ""sample_0_time"": 16, ""last_y"": 387, ""sample_2_x"": 522, ""count"": 57, ""last_time"": 1017, ""sample_1_x"": 545, ""first_y"": 277, ""sample_0_x"": 557, ""sample_4_time"": 1017, ""sample_2_y"": 309, ""sample_3_x"": 466, ""sample_1_time"": 261, ""sample_3_y"": 358, ""sample_4_y"": 387, ""sample_3_time"": 783, ""first_time"": 16, ""sample_2_time"": 550, ""first_x"": 557, ""sample_4_x"": 444, ""sample_0_y"": 277, ""last_x"": 444}",Q3 (180-270<U+00B0>),Q3 (180-270<U+00B0>),TRUE,TRUE,Correct,225,0.23774050000000102,0.23774050000000102,0.23774050000000102,0.23774050000000102,TRUE
164887,20,righth,1,yes,5,"""5-10""",49,135,136.4086287,1317,2200,"{""sample_4_time"": 2200, ""first_time"": 17, ""sample_0_y"": 258, ""last_x"": 439, ""count"": 98, ""sample_1_time"": 800, ""sample_0_time"": 17, ""sample_1_x"": 560, ""sample_2_time"": 1333, ""sample_1_y"": 280, ""sample_3_y"": 193, ""sample_2_y"": 241, ""last_time"": 2200, ""last_y"": 147, ""sample_3_x"": 464, ""sample_4_y"": 147, ""sample_4_x"": 439, ""sample_0_x"": 553, ""sample_2_x"": 523, ""sample_3_time"": 1750, ""first_y"": 258, ""first_x"": 553}",Q2 (90-180<U+00B0>),Q2 (90-180<U+00B0>),TRUE,TRUE,Correct,135,1.4086287000000084,1.4086287000000084,1.4086287000000084,1.4086287000000084,TRUE
164887,20,righth,1,yes,5,"""5-10""",50,315,315.2397299,2774,2201,"{""last_x"": 684, ""sample_0_y"": 274, ""sample_4_y"": 385, ""sample_1_x"": 603, ""last_y"": 385, ""sample_0_x"": 578, ""count"": 118, ""sample_3_time"": 1717, ""sample_3_y"": 326, ""first_x"": 578, ""first_y"": 274, ""sample_1_y"": 289, ""sample_2_y"": 294, ""last_time"": 2200, ""sample_3_x"": 640, ""sample_2_time"": 1234, ""sample_1_time"": 534, ""sample_2_x"": 603, ""sample_4_x"": 684, ""first_time"": 17, ""sample_4_time"": 2200, ""sample_0_time"": 17}",Q4 (270-360<U+00B0>),Q4 (270-360<U+00B0>),TRUE,TRUE,Correct,315,0.23972989999998617,0.23972989999998617,0.23972989999998617,0.23972989999998617,TRUE
164887,20,righth,1,yes,5,"""5-10""",51,225,224.7622595,3916,1084,"{""sample_0_x"": 557, ""sample_2_y"": 315, ""first_time"": 17, ""sample_2_time"": 550, ""sample_1_y"": 291, ""sample_3_time"": 817, ""count"": 65, ""sample_4_y"": 386, ""sample_2_x"": 508, ""last_x"": 443, ""first_y"": 277, ""sample_4_time"": 1084, ""sample_0_y"": 277, ""first_x"": 557, ""last_time"": 1084, ""sample_1_time"": 283, ""sample_0_time"": 17, ""last_y"": 386, ""sample_3_x"": 475, ""sample_3_y"": 342, ""sample_4_x"": 443, ""sample_1_x"": 539}",Q3 (180-270<U+00B0>),Q3 (180-270<U+00B0>),TRUE,TRUE,Correct,225,0.23774050000000102,0.23774050000000102,0.23774050000000102,0.23774050000000102,TRUE
164887,20,righth,1,yes,5,"""5-10""",52,225,225.7131886,1807,1033,"{""sample_2_time"": 533, ""count"": 62, ""last_time"": 1033, ""sample_4_time"": 1033, ""sample_4_x"": 445, ""sample_2_x"": 505, ""sample_0_x"": 558, ""first_x"": 558, ""first_y"": 279, ""sample_3_x"": 470, ""sample_1_y"": 300, ""last_y"": 388, ""sample_2_y"": 322, ""sample_4_y"": 388, ""sample_1_x"": 532, ""sample_0_y"": 279, ""sample_3_time"": 782, ""sample_0_time"": 17, ""first_time"": 17, ""sample_3_y"": 354, ""sample_1_time"": 266, ""last_x"": 445}",Q3 (180-270<U+00B0>),Q3 (180-270<U+00B0>),TRUE,TRUE,Correct,225,0.7131885999999952,0.7131885999999952,0.7131885999999952,0.7131885999999952,TRUE
164887,20,righth,1,yes,5,"""5-10""",53,225,225.2397299,2033,983,"{""last_y"": 386, ""sample_3_y"": 347, ""last_time"": 983, ""sample_1_y"": 292, ""first_x"": 555, ""sample_2_time"": 500, ""sample_2_y"": 314, ""last_x"": 445, ""sample_4_x"": 445, ""sample_3_x"": 471, ""sample_1_x"": 533, ""sample_3_time"": 750, ""sample_0_x"": 555, ""sample_0_time"": 16, ""first_y"": 275, ""sample_2_x"": 510, ""sample_4_y"": 386, ""sample_4_time"": 983, ""sample_1_time"": 250, ""count"": 59, ""sample_0_y"": 275, ""first_time"": 16}",Q3 (180-270<U+00B0>),Q3 (180-270<U+00B0>),TRUE,TRUE,Correct,225,0.23972989999998617,0.23972989999998617,0.23972989999998617,0.23972989999998617,TRUE
164887,20,righth,1,yes,5,"""5-10""",54,225,226.1984817,1899,1084,"{""last_x"": 447, ""sample_4_y"": 388, ""sample_2_x"": 503, ""last_time"": 1084, ""first_x"": 557, ""sample_0_x"": 557, ""sample_1_x"": 532, ""sample_3_y"": 355, ""first_time"": 17, ""first_y"": 275, ""sample_2_y"": 321, ""sample_3_x"": 468, ""sample_0_time"": 17, ""sample_3_time"": 817, ""sample_4_x"": 447, ""last_y"": 388, ""sample_0_y"": 275, ""sample_2_time"": 551, ""count"": 65, ""sample_1_time"": 284, ""sample_1_y"": 295, ""sample_4_time"": 1084}",Q3 (180-270<U+00B0>),Q3 (180-270<U+00B0>),TRUE,TRUE,Correct,225,1.198481700000002,1.198481700000002,1.198481700000002,1.198481700000002,TRUE
164887,20,righth,1,yes,5,"""5-10""",55,225,223.8114614,2218,933,"{""sample_4_y"": 384, ""sample_1_y"": 297, ""first_y"": 271, ""sample_0_x"": 551, ""sample_0_time"": 17, ""sample_4_time"": 933, ""sample_2_y"": 324, ""sample_2_x"": 488, ""first_time"": 17, ""sample_0_y"": 271, ""sample_3_y"": 354, ""sample_4_x"": 441, ""count"": 56, ""first_x"": 551, ""last_x"": 441, ""sample_3_x"": 462, ""sample_1_time"": 250, ""last_time"": 933, ""sample_3_time"": 717, ""sample_1_x"": 518, ""sample_2_time"": 483, ""last_y"": 384}",Q3 (180-270<U+00B0>),Q3 (180-270<U+00B0>),TRUE,TRUE,Correct,225,1.188538599999987,1.188538599999987,1.188538599999987,1.188538599999987,TRUE
164887,20,righth,1,yes,5,"""5-10""",56,225,225.4774538,2183,967,"{""count"": 58, ""sample_2_x"": 473, ""sample_0_time"": 17, ""sample_4_y"": 387, ""sample_3_y"": 358, ""sample_2_y"": 333, ""last_x"": 445, ""first_time"": 17, ""sample_1_y"": 301, ""sample_1_time"": 250, ""sample_0_y"": 274, ""sample_0_x"": 554, ""sample_2_time"": 500, ""last_y"": 387, ""sample_3_time"": 734, ""sample_4_x"": 445, ""last_time"": 966, ""sample_3_x"": 457, ""sample_4_time"": 966, ""first_y"": 274, ""sample_1_x"": 510, ""first_x"": 554}",Q3 (180-270<U+00B0>),Q3 (180-270<U+00B0>),TRUE,TRUE,Correct,225,0.47745380000000637,0.47745380000000637,0.47745380000000637,0.47745380000000637,TRUE
164887,20,righth,1,yes,5,"""5-10""",57,45,45.2397299,2883,1934,"{""sample_1_y"": 239, ""first_time"": 73, ""last_y"": 146, ""sample_2_y"": 212, ""last_time"": 1934, ""count"": 85, ""sample_2_time"": 1234, ""first_x"": 573, ""sample_3_y"": 171, ""sample_4_time"": 1934, ""last_x"": 683, ""sample_1_time"": 450, ""first_y"": 260, ""sample_0_time"": 73, ""sample_3_x"": 658, ""sample_4_y"": 146, ""sample_2_x"": 618, ""sample_4_x"": 683, ""sample_1_x"": 590, ""sample_0_x"": 573, ""sample_0_y"": 260, ""sample_3_time"": 1584}",Q1 (0-90<U+00B0>),Q1 (0-90<U+00B0>),TRUE,TRUE,Correct,45,0.23972990000000038,0.23972990000000038,0.23972990000000038,0.23972990000000038,TRUE
164887,20,righth,1,yes,5,"""5-10""",58,135,139.9799996,2784,1466,"{""last_x"": 433, ""sample_2_x"": 505, ""last_time"": 1466, ""sample_0_x"": 554, ""sample_1_time"": 500, ""sample_4_y"": 156, ""sample_2_time"": 833, ""sample_4_x"": 433, ""first_y"": 260, ""sample_3_y"": 206, ""count"": 78, ""first_time"": 16, ""first_x"": 554, ""sample_2_y"": 228, ""sample_3_x"": 480, ""sample_0_time"": 16, ""sample_3_time"": 1149, ""sample_4_time"": 1466, ""sample_0_y"": 260, ""last_y"": 156, ""sample_1_x"": 538, ""sample_1_y"": 247}",Q2 (90-180<U+00B0>),Q2 (90-180<U+00B0>),TRUE,TRUE,Correct,135,4.9799996000000135,4.9799996000000135,4.9799996000000135,4.9799996000000135,TRUE
164887,20,righth,1,yes,5,"""5-10""",59,135,136.1984817,2016,1017,"{""sample_4_y"": 149, ""sample_3_y"": 189, ""sample_3_time"": 767, ""sample_4_time"": 1017, ""sample_0_x"": 556, ""sample_0_time"": 17, ""first_y"": 256, ""first_time"": 17, ""sample_0_y"": 256, ""last_y"": 149, ""sample_3_x"": 467, ""sample_1_time"": 267, ""sample_2_x"": 499, ""sample_1_x"": 527, ""sample_4_x"": 442, ""sample_1_y"": 230, ""count"": 61, ""first_x"": 556, ""last_time"": 1017, ""sample_2_y"": 214, ""sample_2_time"": 517, ""last_x"": 442}",Q2 (90-180<U+00B0>),Q2 (90-180<U+00B0>),TRUE,TRUE,Correct,135,1.198481700000002,1.198481700000002,1.198481700000002,1.198481700000002,TRUE
164887,20,righth,1,yes,5,"""5-10""",60,45,45.71318864,2283,484,"{""sample_3_y"": 153, ""sample_4_y"": 144, ""sample_4_x"": 683, ""last_time"": 484, ""sample_2_x"": 668, ""sample_2_time"": 250, ""sample_3_x"": 673, ""sample_1_time"": 134, ""sample_1_y"": 194, ""sample_1_x"": 632, ""last_y"": 144, ""sample_2_y"": 157, ""sample_4_time"": 484, ""sample_3_time"": 367, ""last_x"": 683, ""first_time"": 17, ""first_y"": 251, ""count"": 29, ""sample_0_time"": 17, ""first_x"": 577, ""sample_0_y"": 251, ""sample_0_x"": 577}",Q1 (0-90<U+00B0>),Q1 (0-90<U+00B0>),TRUE,TRUE,Correct,45,0.7131886399999985,0.7131886399999985,0.7131886399999985,0.7131886399999985,TRUE
164887,20,righth,1,yes,5,"""5-10""",61,135,141.654425,2117,2150,"{""sample_3_x"": 466, ""count"": 79, ""sample_0_time"": 16, ""last_y"": 160, ""last_time"": 2150, ""sample_1_y"": 255, ""sample_1_x"": 527, ""sample_3_y"": 185, ""sample_0_y"": 267, ""sample_3_time"": 1833, ""sample_0_x"": 552, ""sample_1_time"": 333, ""sample_4_x"": 430, ""sample_2_y"": 221, ""sample_2_x"": 503, ""sample_2_time"": 1505, ""first_y"": 267, ""first_time"": 16, ""sample_4_y"": 160, ""last_x"": 430, ""sample_4_time"": 2150, ""first_x"": 552}",Q2 (90-180<U+00B0>),Q2 (90-180<U+00B0>),TRUE,TRUE,Correct,135,6.654425000000003,6.654425000000003,6.654425000000003,6.654425000000003,TRUE
164887,20,righth,1,yes,5,"""5-10""",62,135,139.2190953,2346,1184,"{""sample_2_time"": 600, ""last_y"": 153, ""sample_2_y"": 223, ""sample_0_y"": 259, ""sample_1_y"": 246, ""sample_2_x"": 494, ""first_x"": 553, ""count"": 71, ""sample_1_time"": 300, ""sample_0_time"": 17, ""sample_3_x"": 458, ""last_x"": 433, ""first_y"": 259, ""last_time"": 1184, ""sample_4_time"": 1184, ""sample_4_y"": 153, ""first_time"": 17, ""sample_1_x"": 534, ""sample_4_x"": 433, ""sample_0_x"": 553, ""sample_3_y"": 191, ""sample_3_time"": 900}",Q2 (90-180<U+00B0>),Q2 (90-180<U+00B0>),TRUE,TRUE,Correct,135,4.219095299999992,4.219095299999992,4.219095299999992,4.219095299999992,TRUE
164887,20,righth,1,yes,5,"""5-10""",63,135,139.5453353,849,2284,"{""last_y"": 156, ""sample_4_time"": 2284, ""sample_4_x"": 435, ""sample_1_x"": 524, ""sample_4_y"": 156, ""last_time"": 2284, ""first_time"": 17, ""first_y"": 253, ""sample_2_time"": 1651, ""sample_2_x"": 489, ""sample_1_y"": 234, ""sample_1_time"": 1134, ""sample_0_y"": 253, ""sample_0_time"": 17, ""sample_3_x"": 459, ""sample_0_x"": 548, ""count"": 77, ""sample_3_y"": 198, ""first_x"": 548, ""sample_3_time"": 1967, ""last_x"": 435, ""sample_2_y"": 219}",Q2 (90-180<U+00B0>),Q2 (90-180<U+00B0>),TRUE,TRUE,Correct,135,4.545335300000005,4.545335300000005,4.545335300000005,4.545335300000005,TRUE
164887,20,righth,1,yes,5,"""5-10""",64,315,312.614056,2550,3167,"{""sample_0_y"": 273, ""sample_4_y"": 391, ""sample_4_time"": 3167, ""sample_3_time"": 2517, ""sample_1_time"": 734, ""sample_0_time"": 17, ""sample_1_x"": 506, ""sample_4_x"": 679, ""last_time"": 3167, ""count"": 159, ""last_x"": 679, ""sample_3_y"": 317, ""sample_1_y"": 315, ""sample_2_time"": 1851, ""first_y"": 273, ""first_x"": 555, ""sample_3_x"": 626, ""last_y"": 391, ""first_time"": 17, ""sample_2_y"": 300, ""sample_2_x"": 534, ""sample_0_x"": 555}",Q4 (270-360<U+00B0>),Q4 (270-360<U+00B0>),TRUE,TRUE,Correct,315,2.385943999999995,2.385943999999995,2.385943999999995,2.385943999999995,TRUE
164887,20,righth,1,yes,5,"""5-10""",65,135,137.385944,2332,1300,"{""last_y"": 151, ""sample_2_time"": 650, ""last_x"": 439, ""sample_0_x"": 552, ""sample_1_time"": 334, ""sample_1_y"": 220, ""sample_3_x"": 456, ""sample_3_time"": 967, ""sample_2_y"": 187, ""first_y"": 257, ""sample_2_x"": 476, ""sample_4_y"": 151, ""sample_1_x"": 516, ""sample_4_x"": 439, ""sample_4_time"": 1300, ""last_time"": 1300, ""sample_0_time"": 17, ""first_x"": 552, ""sample_3_y"": 167, ""count"": 76, ""sample_0_y"": 257, ""first_time"": 17}",Q2 (90-180<U+00B0>),Q2 (90-180<U+00B0>),TRUE,TRUE,Correct,135,2.385943999999995,2.385943999999995,2.385943999999995,2.385943999999995,TRUE
164887,20,righth,1,yes,5,"""5-10""",66,135,136.1984817,2300,1000,"{""count"": 60, ""sample_0_y"": 258, ""first_y"": 258, ""sample_1_y"": 208, ""first_x"": 549, ""sample_3_time"": 767, ""sample_4_x"": 442, ""sample_2_y"": 189, ""last_y"": 149, ""sample_1_x"": 507, ""last_x"": 442, ""sample_4_time"": 1000, ""sample_0_time"": 16, ""sample_3_x"": 457, ""sample_4_y"": 149, ""sample_0_x"": 549, ""first_time"": 16, ""sample_1_time"": 267, ""sample_2_time"": 516, ""sample_2_x"": 477, ""last_time"": 1000, ""sample_3_y"": 173}",Q2 (90-180<U+00B0>),Q2 (90-180<U+00B0>),TRUE,TRUE,Correct,135,1.198481700000002,1.198481700000002,1.198481700000002,1.198481700000002,TRUE
164887,20,righth,1,yes,5,"""5-10""",67,225,229.7244517,2250,950,"{""sample_1_x"": 530, ""sample_2_y"": 308, ""sample_1_time"": 250, ""sample_4_y"": 397, ""last_x"": 453, ""sample_0_y"": 268, ""sample_4_time"": 950, ""last_y"": 397, ""sample_3_x"": 475, ""first_time"": 16, ""first_x"": 550, ""sample_0_x"": 550, ""sample_3_y"": 357, ""sample_2_x"": 506, ""first_y"": 268, ""count"": 57, ""sample_0_time"": 16, ""sample_4_x"": 453, ""sample_2_time"": 483, ""sample_3_time"": 717, ""last_time"": 950, ""sample_1_y"": 285}",Q3 (180-270<U+00B0>),Q3 (180-270<U+00B0>),TRUE,TRUE,Correct,225,4.724451700000003,4.724451700000003,4.724451700000003,4.724451700000003,TRUE
164887,20,righth,1,yes,5,"""5-10""",68,315,316.4320962,1700,1167,"{""sample_2_x"": 641, ""last_time"": 1166, ""sample_2_time"": 600, ""sample_4_time"": 1166, ""sample_1_x"": 623, ""sample_4_x"": 687, ""first_y"": 274, ""last_y"": 383, ""last_x"": 687, ""sample_3_x"": 657, ""first_time"": 16, ""sample_3_y"": 335, ""sample_4_y"": 383, ""sample_3_time"": 883, ""count"": 70, ""sample_0_y"": 274, ""first_x"": 575, ""sample_0_time"": 16, ""sample_2_y"": 314, ""sample_1_time"": 299, ""sample_0_x"": 575, ""sample_1_y"": 298}",Q4 (270-360<U+00B0>),Q4 (270-360<U+00B0>),TRUE,TRUE,Correct,315,1.4320961999999895,1.4320961999999895,1.4320961999999895,1.4320961999999895,TRUE
164887,20,righth,1,yes,5,"""5-10""",69,135,137.5918667,1367,866,"{""sample_0_x"": 550, ""sample_2_time"": 449, ""first_x"": 550, ""sample_3_y"": 188, ""sample_4_x"": 437, ""sample_2_y"": 219, ""sample_4_time"": 866, ""first_time"": 16, ""last_x"": 437, ""sample_3_x"": 462, ""sample_1_time"": 232, ""last_time"": 866, ""sample_4_y"": 150, ""sample_0_time"": 16, ""sample_0_y"": 263, ""count"": 52, ""last_y"": 150, ""sample_2_x"": 488, ""sample_1_y"": 241, ""first_y"": 263, ""sample_3_time"": 666, ""sample_1_x"": 513}",Q2 (90-180<U+00B0>),Q2 (90-180<U+00B0>),TRUE,TRUE,Correct,135,2.591866699999997,2.591866699999997,2.591866699999997,2.591866699999997,TRUE
164887,20,righth,1,yes,5,"""5-10""",70,315,312.3648154,2149,1167,"{""first_time"": 17, ""sample_3_y"": 347, ""first_x"": 569, ""last_time"": 1167, ""sample_3_time"": 884, ""sample_1_y"": 290, ""sample_4_x"": 678, ""count"": 70, ""first_y"": 275, ""sample_0_y"": 275, ""sample_2_x"": 621, ""sample_1_time"": 300, ""sample_2_y"": 307, ""sample_4_y"": 391, ""last_y"": 391, ""last_x"": 678, ""sample_1_x"": 595, ""sample_2_time"": 600, ""sample_4_time"": 1167, ""sample_3_x"": 652, ""sample_0_time"": 17, ""sample_0_x"": 569}",Q4 (270-360<U+00B0>),Q4 (270-360<U+00B0>),TRUE,TRUE,Correct,315,2.6351846000000023,2.6351846000000023,2.6351846000000023,2.6351846000000023,TRUE
164887,20,righth,1,yes,5,"""5-10""",71,315,313.3223605,1983,816,"{""first_time"": 16, ""last_x"": 680, ""sample_0_x"": 581, ""count"": 49, ""sample_2_x"": 635, ""sample_4_time"": 816, ""last_y"": 389, ""sample_3_x"": 663, ""sample_1_time"": 216, ""sample_0_time"": 16, ""sample_4_y"": 389, ""sample_3_y"": 359, ""sample_2_time"": 416, ""sample_0_y"": 273, ""sample_3_time"": 616, ""sample_2_y"": 319, ""last_time"": 816, ""sample_1_y"": 297, ""first_x"": 581, ""first_y"": 273, ""sample_4_x"": 680, ""sample_1_x"": 610}",Q4 (270-360<U+00B0>),Q4 (270-360<U+00B0>),TRUE,TRUE,Correct,315,1.677639499999998,1.677639499999998,1.677639499999998,1.677639499999998,TRUE
164887,20,righth,1,yes,5,"""5-10""",72,135,144.6197278,2116,734,"{""sample_1_y"": 236, ""sample_2_x"": 477, ""count"": 44, ""last_x"": 426, ""first_x"": 547, ""sample_0_y"": 258, ""first_y"": 258, ""last_time"": 734, ""sample_0_time"": 17, ""sample_1_x"": 506, ""sample_4_time"": 734, ""sample_0_x"": 547, ""sample_2_time"": 384, ""sample_2_y"": 215, ""sample_4_y"": 168, ""sample_3_time"": 567, ""sample_3_y"": 191, ""sample_3_x"": 450, ""last_y"": 168, ""first_time"": 17, ""sample_1_time"": 201, ""sample_4_x"": 426}",Q2 (90-180<U+00B0>),Q2 (90-180<U+00B0>),TRUE,TRUE,Correct,135,9.619727799999993,9.619727799999993,9.619727799999993,9.619727799999993,TRUE
164887,20,righth,1,yes,5,"""5-10""",73,45,42.61405597,2116,1467,"{""first_y"": 260, ""last_time"": 1467, ""sample_1_y"": 250, ""sample_0_x"": 575, ""sample_4_x"": 689, ""sample_1_x"": 598, ""sample_4_time"": 1467, ""last_y"": 151, ""first_time"": 16, ""sample_3_x"": 668, ""count"": 83, ""sample_4_y"": 151, ""sample_2_y"": 218, ""sample_2_time"": 700, ""sample_2_x"": 632, ""sample_3_time"": 1050, ""sample_1_time"": 350, ""sample_0_y"": 260, ""sample_3_y"": 180, ""first_x"": 575, ""last_x"": 689, ""sample_0_time"": 16}",Q1 (0-90<U+00B0>),Q1 (0-90<U+00B0>),TRUE,TRUE,Correct,45,2.3859440299999974,2.3859440299999974,2.3859440299999974,2.3859440299999974,TRUE
164887,20,righth,1,yes,5,"""5-10""",74,225,221.1539699,1367,1316,"{""sample_0_time"": 16, ""sample_4_y"": 377, ""sample_4_x"": 437, ""sample_1_y"": 292, ""count"": 79, ""sample_2_y"": 314, ""sample_4_time"": 1316, ""sample_0_x"": 553, ""sample_0_y"": 273, ""sample_1_x"": 516, ""sample_3_y"": 340, ""first_y"": 273, ""first_x"": 553, ""sample_2_time"": 666, ""last_y"": 377, ""sample_1_time"": 333, ""sample_3_x"": 457, ""first_time"": 16, ""sample_3_time"": 1000, ""sample_2_x"": 482, ""last_x"": 437, ""last_time"": 1316}",Q3 (180-270<U+00B0>),Q3 (180-270<U+00B0>),TRUE,TRUE,Correct,225,3.8460301000000072,3.8460301000000072,3.8460301000000072,3.8460301000000072,TRUE
164887,20,righth,1,yes,5,"""5-10""",75,225,226.6776395,2384,1417,"{""sample_2_y"": 314, ""sample_3_time"": 1083, ""sample_0_y"": 274, ""sample_2_time"": 733, ""first_y"": 274, ""count"": 83, ""last_y"": 389, ""first_x"": 554, ""sample_1_time"": 350, ""last_x"": 448, ""sample_2_x"": 492, ""last_time"": 1417, ""first_time"": 16, ""sample_1_y"": 290, ""sample_4_y"": 389, ""sample_1_x"": 523, ""sample_0_time"": 16, ""sample_4_x"": 448, ""sample_3_y"": 349, ""sample_3_x"": 467, ""sample_4_time"": 1417, ""sample_0_x"": 554}",Q3 (180-270<U+00B0>),Q3 (180-270<U+00B0>),TRUE,TRUE,Correct,225,1.677639499999998,1.677639499999998,1.677639499999998,1.677639499999998,TRUE
164887,20,righth,1,yes,5,"""5-10""",76,225,226.1787592,2300,1501,"{""last_x"": 445, ""sample_1_y"": 281, ""sample_0_x"": 552, ""first_x"": 552, ""last_y"": 390, ""sample_2_time"": 784, ""sample_4_y"": 390, ""sample_3_x"": 457, ""sample_4_x"": 445, ""count"": 88, ""last_time"": 1500, ""sample_3_time"": 1150, ""sample_0_time"": 17, ""sample_3_y"": 357, ""sample_1_x"": 510, ""sample_4_time"": 1500, ""sample_1_time"": 417, ""first_time"": 17, ""sample_2_x"": 474, ""sample_2_y"": 320, ""first_y"": 265, ""sample_0_y"": 265}",Q3 (180-270<U+00B0>),Q3 (180-270<U+00B0>),TRUE,TRUE,Correct,225,1.1787592000000018,1.1787592000000018,1.1787592000000018,1.1787592000000018,TRUE
164887,20,righth,1,yes,5,"""5-10""",77,45,46.42026555,1966,3034,"{""last_y"": 142, ""sample_3_y"": 249, ""first_y"": 260, ""last_time"": 3034, ""sample_3_x"": 566, ""last_x"": 682, ""sample_1_time"": 701, ""sample_2_y"": 183, ""first_time"": 17, ""sample_2_x"": 457, ""first_x"": 554, ""sample_4_time"": 3034, ""count"": 167, ""sample_4_y"": 142, ""sample_3_time"": 2351, ""sample_0_x"": 554, ""sample_1_y"": 234, ""sample_1_x"": 489, ""sample_4_x"": 682, ""sample_0_time"": 17, ""sample_2_time"": 1401, ""sample_0_y"": 260}",Q1 (0-90<U+00B0>),Q1 (0-90<U+00B0>),TRUE,TRUE,Correct,45,1.4202655500000034,1.4202655500000034,1.4202655500000034,1.4202655500000034,TRUE
164887,20,righth,1,yes,5,"""5-10""",78,135,134.2868114,3450,1083,"{""sample_2_y"": 214, ""last_time"": 1083, ""sample_2_time"": 550, ""sample_0_y"": 263, ""last_y"": 144, ""sample_0_x"": 551, ""last_x"": 445, ""sample_4_y"": 144, ""sample_3_y"": 175, ""sample_4_time"": 1083, ""sample_1_time"": 284, ""sample_0_time"": 17, ""sample_2_x"": 509, ""first_y"": 263, ""sample_1_y"": 243, ""sample_3_x"": 480, ""first_x"": 551, ""sample_4_x"": 445, ""sample_3_time"": 816, ""sample_1_x"": 529, ""count"": 65, ""first_time"": 17}",Q2 (90-180<U+00B0>),Q2 (90-180<U+00B0>),TRUE,TRUE,Correct,135,0.7131885999999952,0.7131885999999952,0.7131885999999952,0.7131885999999952,TRUE
164887,20,righth,1,yes,5,"""5-10""",79,225,222.614056,1882,851,"{""sample_3_y"": 344, ""sample_0_x"": 540, ""sample_4_y"": 381, ""sample_4_x"": 439, ""sample_1_x"": 485, ""sample_1_time"": 218, ""sample_2_x"": 471, ""first_y"": 273, ""sample_0_y"": 273, ""sample_1_y"": 303, ""sample_2_y"": 316, ""last_time"": 851, ""sample_0_time"": 17, ""sample_3_time"": 651, ""first_x"": 540, ""last_y"": 381, ""count"": 51, ""first_time"": 17, ""sample_4_time"": 851, ""sample_2_time"": 434, ""last_x"": 439, ""sample_3_x"": 453}",Q3 (180-270<U+00B0>),Q3 (180-270<U+00B0>),TRUE,TRUE,Correct,225,2.385943999999995,2.385943999999995,2.385943999999995,2.385943999999995,TRUE
164887,20,righth,1,yes,5,"""5-10""",80,315,317.8864185,1047,1684,"{""sample_1_x"": 607, ""last_x"": 689, ""sample_4_time"": 1683, ""first_x"": 575, ""first_time"": 16, ""sample_1_time"": 349, ""sample_0_y"": 282, ""last_y"": 379, ""sample_2_y"": 329, ""first_y"": 282, ""sample_4_x"": 689, ""sample_0_x"": 575, ""sample_4_y"": 379, ""sample_3_y"": 343, ""sample_3_x"": 657, ""last_time"": 1683, ""sample_1_y"": 304, ""sample_2_time"": 684, ""sample_2_x"": 641, ""count"": 80, ""sample_0_time"": 16, ""sample_3_time"": 1319}",Q4 (270-360<U+00B0>),Q4 (270-360<U+00B0>),TRUE,TRUE,Correct,315,2.8864184999999907,2.8864184999999907,2.8864184999999907,2.8864184999999907,TRUE
164887,20,righth,1,yes,5,"""5-10""",81,45,48.36646066,2867,1717,"{""sample_2_y"": 206, ""sample_0_time"": 16, ""first_y"": 259, ""first_x"": 555, ""sample_3_time"": 1317, ""sample_0_y"": 259, ""sample_1_time"": 584, ""count"": 89, ""sample_4_time"": 1717, ""sample_4_x"": 676, ""sample_3_y"": 171, ""sample_3_x"": 658, ""sample_2_time"": 950, ""last_y"": 140, ""sample_4_y"": 140, ""first_time"": 16, ""sample_0_x"": 555, ""sample_1_y"": 227, ""last_time"": 1717, ""sample_2_x"": 632, ""sample_1_x"": 606, ""last_x"": 676}",Q1 (0-90<U+00B0>),Q1 (0-90<U+00B0>),TRUE,TRUE,Correct,45,3.3664606600000013,3.3664606600000013,3.3664606600000013,3.3664606600000013,TRUE
164887,20,righth,1,yes,5,"""5-10""",82,135,139.3250604,2500,1216,"{""sample_2_y"": 218, ""sample_3_y"": 187, ""sample_1_x"": 529, ""sample_3_time"": 933, ""count"": 70, ""sample_3_x"": 463, ""sample_2_time"": 650, ""last_x"": 436, ""sample_4_x"": 436, ""sample_1_y"": 246, ""last_time"": 1216, ""sample_4_y"": 156, ""first_y"": 266, ""first_x"": 553, ""sample_0_time"": 68, ""first_time"": 68, ""sample_2_x"": 492, ""sample_0_y"": 266, ""sample_0_x"": 553, ""sample_1_time"": 350, ""sample_4_time"": 1216, ""last_y"": 156}",Q2 (90-180<U+00B0>),Q2 (90-180<U+00B0>),TRUE,TRUE,Correct,135,4.325060400000012,4.325060400000012,4.325060400000012,4.325060400000012,TRUE
164887,20,righth,1,yes,5,"""5-10""",83,135,140.7582602,2149,351,"{""sample_0_time"": 17, ""sample_0_x"": 544, ""sample_1_time"": 101, ""sample_0_y"": 264, ""sample_4_y"": 159, ""sample_2_y"": 201, ""sample_3_time"": 267, ""sample_1_y"": 232, ""last_time"": 351, ""sample_2_x"": 466, ""first_y"": 264, ""count"": 21, ""last_x"": 433, ""sample_4_x"": 433, ""last_y"": 159, ""sample_3_x"": 445, ""sample_2_time"": 184, ""sample_1_x"": 497, ""sample_4_time"": 351, ""first_x"": 544, ""sample_3_y"": 178, ""first_time"": 17}",Q2 (90-180<U+00B0>),Q2 (90-180<U+00B0>),TRUE,TRUE,Correct,135,5.758260199999995,5.758260199999995,5.758260199999995,5.758260199999995,TRUE
164887,20,righth,1,yes,5,"""5-10""",84,315,313.8114614,1999,1418,"{""sample_3_x"": 646, ""sample_2_y"": 305, ""sample_3_y"": 338, ""sample_2_time"": 717, ""first_y"": 266, ""sample_1_time"": 367, ""sample_2_x"": 621, ""sample_4_x"": 682, ""first_time"": 17, ""sample_4_time"": 1417, ""first_x"": 574, ""sample_0_x"": 574, ""sample_3_time"": 1067, ""last_x"": 682, ""last_time"": 1417, ""sample_4_y"": 389, ""sample_0_y"": 266, ""sample_0_time"": 17, ""sample_1_y"": 285, ""last_y"": 389, ""count"": 85, ""sample_1_x"": 587}",Q4 (270-360<U+00B0>),Q4 (270-360<U+00B0>),TRUE,TRUE,Correct,315,1.1885386000000153,1.1885386000000153,1.1885386000000153,1.1885386000000153,TRUE
164887,20,righth,1,yes,5,"""5-10""",85,45,46.43209618,3100,1767,"{""first_time"": 16, ""sample_0_y"": 264, ""sample_3_x"": 655, ""sample_3_y"": 182, ""sample_3_time"": 1402, ""last_y"": 143, ""sample_2_time"": 950, ""sample_1_y"": 249, ""count"": 90, ""sample_2_x"": 642, ""last_time"": 1767, ""sample_4_y"": 143, ""sample_4_x"": 681, ""sample_0_x"": 576, ""sample_0_time"": 16, ""first_y"": 264, ""sample_1_time"": 566, ""last_x"": 681, ""sample_2_y"": 199, ""sample_1_x"": 595, ""sample_4_time"": 1767, ""first_x"": 576}",Q1 (0-90<U+00B0>),Q1 (0-90<U+00B0>),TRUE,TRUE,Correct,45,1.432096180000002,1.432096180000002,1.432096180000002,1.432096180000002,TRUE
164887,20,righth,1,yes,5,"""5-10""",86,315,318.591259,2234,1467,"{""first_y"": 274, ""sample_3_time"": 1083, ""sample_0_time"": 16, ""sample_3_y"": 352, ""sample_4_x"": 691, ""sample_1_y"": 292, ""sample_0_y"": 274, ""count"": 86, ""last_x"": 691, ""sample_2_y"": 323, ""sample_1_time"": 366, ""sample_4_y"": 378, ""sample_1_x"": 605, ""first_time"": 16, ""sample_3_x"": 674, ""sample_2_time"": 733, ""sample_0_x"": 576, ""first_x"": 576, ""last_time"": 1466, ""sample_2_x"": 639, ""last_y"": 378, ""sample_4_time"": 1466}",Q4 (270-360<U+00B0>),Q4 (270-360<U+00B0>),TRUE,TRUE,Correct,315,3.5912589999999796,3.5912589999999796,3.5912589999999796,3.5912589999999796,TRUE
164887,20,righth,1,yes,5,"""5-10""",87,315,317.385944,1833,1384,"{""sample_3_x"": 650, ""last_time"": 1384, ""count"": 83, ""sample_3_time"": 1050, ""sample_1_x"": 595, ""sample_2_time"": 701, ""first_time"": 17, ""sample_0_time"": 17, ""sample_1_time"": 351, ""sample_3_y"": 340, ""sample_4_x"": 689, ""sample_2_y"": 304, ""sample_2_x"": 612, ""sample_0_x"": 577, ""last_y"": 381, ""sample_4_y"": 381, ""first_y"": 270, ""sample_1_y"": 287, ""last_x"": 689, ""sample_4_time"": 1384, ""sample_0_y"": 270, ""first_x"": 577}",Q4 (270-360<U+00B0>),Q4 (270-360<U+00B0>),TRUE,TRUE,Correct,315,2.385943999999995,2.385943999999995,2.385943999999995,2.385943999999995,TRUE
164887,20,righth,1,yes,5,"""5-10""",88,225,222.614056,2084,1350,"{""sample_2_y"": 304, ""count"": 81, ""first_time"": 16, ""first_x"": 550, ""sample_2_x"": 468, ""last_y"": 381, ""sample_3_time"": 1016, ""first_y"": 263, ""sample_3_x"": 444, ""sample_1_time"": 350, ""sample_0_time"": 16, ""last_x"": 439, ""sample_2_time"": 683, ""sample_0_x"": 550, ""sample_3_y"": 334, ""last_time"": 1350, ""sample_1_y"": 275, ""sample_0_y"": 263, ""sample_1_x"": 510, ""sample_4_x"": 439, ""sample_4_y"": 381, ""sample_4_time"": 1350}",Q3 (180-270<U+00B0>),Q3 (180-270<U+00B0>),TRUE,TRUE,Correct,225,2.385943999999995,2.385943999999995,2.385943999999995,2.385943999999995,TRUE
164887,20,righth,1,yes,5,"""5-10""",89,315,313.8114614,2000,1067,"{""sample_3_x"": 655, ""sample_2_x"": 637, ""sample_2_y"": 309, ""last_time"": 1067, ""sample_3_time"": 817, ""sample_1_time"": 283, ""sample_2_time"": 550, ""sample_0_x"": 576, ""last_x"": 682, ""sample_4_y"": 389, ""last_y"": 389, ""sample_1_x"": 609, ""sample_3_y"": 331, ""count"": 64, ""sample_0_time"": 16, ""sample_1_y"": 291, ""sample_0_y"": 276, ""sample_4_time"": 1067, ""sample_4_x"": 682, ""first_x"": 576, ""first_time"": 16, ""first_y"": 276}",Q4 (270-360<U+00B0>),Q4 (270-360<U+00B0>),TRUE,TRUE,Correct,315,1.1885386000000153,1.1885386000000153,1.1885386000000153,1.1885386000000153,TRUE
164887,20,righth,1,yes,5,"""5-10""",90,45,44.52254622,2483,2350,"{""sample_4_time"": 2350, ""count"": 130, ""last_time"": 2350, ""first_y"": 264, ""last_x"": 685, ""sample_2_time"": 1283, ""sample_0_x"": 544, ""first_x"": 544, ""sample_0_time"": 17, ""sample_0_y"": 264, ""last_y"": 147, ""sample_4_y"": 147, ""sample_2_y"": 250, ""sample_1_x"": 477, ""sample_3_time"": 1817, ""sample_2_x"": 571, ""sample_1_time"": 551, ""sample_4_x"": 685, ""first_time"": 17, ""sample_1_y"": 219, ""sample_3_x"": 641, ""sample_3_y"": 207}",Q1 (0-90<U+00B0>),Q1 (0-90<U+00B0>),TRUE,TRUE,Correct,45,0.4774537799999976,0.4774537799999976,0.4774537799999976,0.4774537799999976,TRUE
164887,20,righth,1,yes,5,"""5-10""",91,45,47.63518458,1917,683,"{""sample_4_time"": 683, ""sample_0_x"": 576, ""count"": 41, ""last_y"": 141, ""sample_1_y"": 245, ""sample_3_x"": 656, ""sample_1_time"": 183, ""sample_0_time"": 16, ""sample_1_x"": 598, ""last_x"": 678, ""sample_2_x"": 624, ""first_time"": 16, ""sample_0_y"": 267, ""last_time"": 683, ""sample_3_y"": 167, ""first_x"": 576, ""sample_2_y"": 211, ""sample_4_y"": 141, ""sample_3_time"": 517, ""sample_2_time"": 350, ""first_y"": 267, ""sample_4_x"": 678}",Q1 (0-90<U+00B0>),Q1 (0-90<U+00B0>),TRUE,TRUE,Correct,45,2.6351845800000007,2.6351845800000007,2.6351845800000007,2.6351845800000007,TRUE
164887,20,righth,1,yes,5,"""5-10""",92,225,222.1375948,1816,700,"{""sample_3_y"": 343, ""sample_3_time"": 533, ""sample_0_y"": 275, ""sample_1_y"": 296, ""sample_4_time"": 700, ""last_x"": 438, ""sample_1_x"": 512, ""sample_1_time"": 183, ""sample_4_y"": 380, ""sample_0_x"": 545, ""sample_4_x"": 438, ""sample_2_y"": 319, ""count"": 42, ""first_time"": 17, ""first_x"": 545, ""first_y"": 275, ""sample_2_time"": 367, ""sample_0_time"": 17, ""sample_3_x"": 460, ""last_time"": 700, ""last_y"": 380, ""sample_2_x"": 482}",Q3 (180-270<U+00B0>),Q3 (180-270<U+00B0>),TRUE,TRUE,Correct,225,2.862405200000012,2.862405200000012,2.862405200000012,2.862405200000012,TRUE
164887,20,righth,1,yes,5,"""5-10""",93,45,44.28084388,1717,967,"{""last_y"": 148, ""sample_1_y"": 217, ""sample_2_y"": 194, ""sample_4_y"": 148, ""first_y"": 256, ""sample_2_time"": 416, ""sample_3_x"": 677, ""sample_0_time"": 17, ""sample_4_time"": 967, ""sample_1_time"": 216, ""sample_2_x"": 653, ""sample_3_time"": 617, ""first_x"": 583, ""sample_0_x"": 583, ""last_time"": 967, ""first_time"": 17, ""last_x"": 685, ""sample_3_y"": 162, ""sample_0_y"": 256, ""count"": 48, ""sample_1_x"": 629, ""sample_4_x"": 685}",Q1 (0-90<U+00B0>),Q1 (0-90<U+00B0>),TRUE,TRUE,Correct,45,0.719156120000001,0.719156120000001,0.719156120000001,0.719156120000001,TRUE
164887,20,righth,1,yes,5,"""5-10""",94,45,46.19848165,1833,1383,"{""sample_0_x"": 577, ""first_y"": 258, ""sample_3_x"": 667, ""count"": 76, ""sample_1_time"": 416, ""sample_0_time"": 16, ""first_time"": 16, ""sample_1_y"": 227, ""sample_1_x"": 599, ""sample_2_y"": 193, ""sample_2_time"": 733, ""sample_4_x"": 681, ""sample_4_time"": 1383, ""last_x"": 681, ""sample_0_y"": 258, ""first_x"": 577, ""sample_3_time"": 1050, ""sample_3_y"": 170, ""last_time"": 1383, ""sample_2_x"": 645, ""sample_4_y"": 144, ""last_y"": 144}",Q1 (0-90<U+00B0>),Q1 (0-90<U+00B0>),TRUE,TRUE,Correct,45,1.198481649999998,1.198481649999998,1.198481649999998,1.198481649999998,TRUE
164887,20,righth,1,yes,5,"""5-10""",95,315,321.2344801,2233,1967,"{""sample_1_y"": 282, ""count"": 64, ""first_time"": 68, ""last_time"": 1967, ""sample_0_time"": 68, ""sample_2_time"": 600, ""sample_3_y"": 346, ""sample_3_x"": 679, ""first_y"": 270, ""sample_0_x"": 580, ""sample_3_time"": 867, ""last_y"": 372, ""sample_4_time"": 1967, ""first_x"": 580, ""sample_2_y"": 312, ""sample_1_x"": 645, ""last_x"": 696, ""sample_2_x"": 670, ""sample_4_y"": 372, ""sample_0_y"": 270, ""sample_4_x"": 696, ""sample_1_time"": 334}",Q4 (270-360<U+00B0>),Q4 (270-360<U+00B0>),TRUE,TRUE,Correct,315,6.234480099999985,6.234480099999985,6.234480099999985,6.234480099999985,TRUE
164887,20,righth,1,yes,5,"""5-10""",96,225,223.3223605,2599,1550,"{""sample_2_x"": 480, ""sample_3_time"": 1167, ""sample_2_y"": 306, ""sample_4_x"": 441, ""sample_0_y"": 264, ""sample_3_y"": 333, ""sample_2_time"": 784, ""sample_1_x"": 514, ""sample_4_y"": 382, ""sample_0_time"": 16, ""first_x"": 552, ""sample_0_x"": 552, ""sample_1_y"": 276, ""last_y"": 382, ""last_time"": 1550, ""first_time"": 16, ""sample_3_x"": 461, ""last_x"": 441, ""sample_4_time"": 1550, ""count"": 93, ""sample_1_time"": 400, ""first_y"": 264}",Q3 (180-270<U+00B0>),Q3 (180-270<U+00B0>),TRUE,TRUE,Correct,225,1.677639499999998,1.677639499999998,1.677639499999998,1.677639499999998,TRUE
164887,20,righth,1,yes,5,"""5-10""",97,315,320.021461,1366,1668,"{""first_time"": 17, ""first_x"": 569, ""sample_4_time"": 1667, ""count"": 100, ""sample_1_time"": 434, ""sample_2_time"": 851, ""sample_0_y"": 278, ""sample_0_x"": 569, ""sample_1_x"": 600, ""sample_3_time"": 1267, ""last_y"": 375, ""sample_4_y"": 375, ""last_time"": 1667, ""sample_1_y"": 287, ""sample_2_y"": 305, ""first_y"": 278, ""sample_3_x"": 660, ""last_x"": 694, ""sample_4_x"": 694, ""sample_2_x"": 627, ""sample_3_y"": 334, ""sample_0_time"": 17}",Q4 (270-360<U+00B0>),Q4 (270-360<U+00B0>),TRUE,TRUE,Correct,315,5.021460999999988,5.021460999999988,5.021460999999988,5.021460999999988,TRUE
164887,20,righth,1,yes,5,"""5-10""",98,135,138.5322946,2083,1083,"{""last_time"": 1083, ""sample_1_x"": 522, ""sample_2_y"": 223, ""sample_2_x"": 498, ""last_x"": 435, ""sample_0_time"": 16, ""sample_3_y"": 195, ""sample_1_y"": 240, ""sample_0_y"": 259, ""sample_4_y"": 152, ""sample_3_x"": 469, ""sample_4_time"": 1083, ""first_y"": 259, ""sample_1_time"": 283, ""first_time"": 16, ""last_y"": 152, ""sample_3_time"": 817, ""sample_2_time"": 550, ""sample_0_x"": 549, ""count"": 65, ""sample_4_x"": 435, ""first_x"": 549}",Q2 (90-180<U+00B0>),Q2 (90-180<U+00B0>),TRUE,TRUE,Correct,135,3.5322946,3.5322946,3.5322946,3.5322946,TRUE
164887,20,righth,1,yes,5,"""5-10""",99,315,316.8626209,1466,1000,"{""first_x"": 574, ""sample_1_time"": 267, ""sample_3_x"": 653, ""sample_2_time"": 517, ""last_y"": 385, ""first_y"": 273, ""sample_1_x"": 601, ""sample_0_y"": 273, ""sample_2_x"": 625, ""sample_3_y"": 339, ""sample_1_y"": 295, ""sample_4_time"": 1000, ""sample_4_y"": 385, ""sample_0_time"": 16, ""last_time"": 1000, ""count"": 60, ""first_time"": 16, ""last_x"": 691, ""sample_4_x"": 691, ""sample_2_y"": 313, ""sample_0_x"": 574, ""sample_3_time"": 767}",Q4 (270-360<U+00B0>),Q4 (270-360<U+00B0>),TRUE,TRUE,Correct,315,1.8626209000000244,1.8626209000000244,1.8626209000000244,1.8626209000000244,TRUE
164887,20,righth,1,yes,5,"""5-10""",100,315,316.6500394,1200,600,"{""count"": 33, ""sample_0_x"": 578, ""sample_2_time"": 333, ""sample_4_time"": 600, ""sample_4_x"": 689, ""sample_3_x"": 668, ""first_time"": 16, ""sample_3_time"": 466, ""first_x"": 578, ""sample_1_x"": 613, ""sample_2_x"": 640, ""sample_3_y"": 364, ""last_time"": 600, ""first_y"": 280, ""sample_1_y"": 317, ""sample_2_y"": 338, ""sample_0_time"": 16, ""last_x"": 689, ""sample_0_y"": 280, ""sample_4_y"": 384, ""last_y"": 384, ""sample_1_time"": 200}",Q4 (270-360<U+00B0>),Q4 (270-360<U+00B0>),TRUE,TRUE,Correct,315,1.6500394000000256,1.6500394000000256,1.6500394000000256,1.6500394000000256,TRUE
164914,19,righth,2,yes,0,"""5-10""",21,225,135.3969621,2728,753,"{""first_y"": 407, ""first_x"": 417, ""sample_1_y"": 332, ""sample_0_y"": 407, ""sample_2_x"": 311, ""sample_0_time"": 20, ""sample_4_x"": 261, ""sample_3_x"": 277, ""last_time"": 753, ""sample_3_y"": 273, ""first_time"": 20, ""sample_2_y"": 304, ""sample_1_x"": 339, ""last_y"": 258, ""last_x"": 261, ""sample_1_time"": 134, ""sample_4_y"": 258, ""sample_3_time"": 384, ""count"": 30, ""sample_0_x"": 417, ""sample_2_time"": 267, ""sample_4_time"": 753}",Q3 (180-270<U+00B0>),Q2 (90-180<U+00B0>),TRUE,FALSE,Frequency,135,0.3969620999999961,0.3969620999999961,89.6030379,89.6030379,FALSE
164914,19,righth,2,yes,0,"""5-10""",22,315,45.93481321,129,466,"{""first_time"": 17, ""sample_2_y"": 347, ""count"": 28, ""first_y"": 444, ""sample_0_y"": 444, ""last_x"": 690, ""sample_4_time"": 466, ""sample_0_x"": 519, ""sample_1_time"": 132, ""sample_2_time"": 250, ""sample_0_time"": 17, ""sample_1_y"": 387, ""last_time"": 466, ""last_y"": 255, ""sample_4_y"": 255, ""sample_3_y"": 288, ""sample_1_x"": 586, ""sample_2_x"": 620, ""sample_3_time"": 366, ""first_x"": 519, ""sample_3_x"": 659, ""sample_4_x"": 690}",Q4 (270-360<U+00B0>),Q1 (0-90<U+00B0>),TRUE,FALSE,Frequency,45,0.9348132100000015,0.9348132100000015,269.06518679,90.93481321000002,FALSE
164914,19,righth,2,yes,0,"""5-10""",23,225,316.6211459,750,399,"{""first_y"": 501, ""last_y"": 679, ""sample_4_y"": 679, ""count"": 24, ""sample_2_time"": 216, ""sample_4_time"": 399, ""sample_0_x"": 527, ""sample_3_time"": 316, ""sample_1_x"": 615, ""sample_4_x"": 697, ""sample_0_time"": 16, ""sample_3_x"": 669, ""last_time"": 399, ""first_time"": 16, ""sample_2_x"": 648, ""sample_2_y"": 610, ""first_x"": 527, ""last_x"": 697, ""sample_1_time"": 116, ""sample_3_y"": 638, ""sample_1_y"": 575, ""sample_0_y"": 501}",Q3 (180-270<U+00B0>),Q4 (270-360<U+00B0>),FALSE,TRUE,Formant,315,1.6211458999999877,1.6211458999999877,91.62114589999999,91.62114589999999,FALSE
164914,19,righth,2,yes,0,"""5-10""",24,225,227.687969,393,584,"{""last_x"": 276, ""sample_1_y"": 549, ""sample_1_time"": 149, ""sample_0_y"": 489, ""sample_1_x"": 389, ""sample_2_time"": 300, ""sample_4_y"": 696, ""first_y"": 489, ""sample_4_x"": 276, ""count"": 35, ""first_x"": 450, ""sample_0_time"": 17, ""sample_2_y"": 606, ""first_time"": 17, ""sample_3_time"": 449, ""sample_4_time"": 584, ""sample_3_x"": 304, ""sample_3_y"": 648, ""last_y"": 696, ""sample_2_x"": 337, ""sample_0_x"": 450, ""last_time"": 584}",Q3 (180-270<U+00B0>),Q3 (180-270<U+00B0>),TRUE,TRUE,Correct,225,2.6879690000000096,2.6879690000000096,2.6879690000000096,2.6879690000000096,TRUE
164914,19,righth,2,yes,0,"""5-10""",25,225,225.7884243,1420,351,"{""sample_1_time"": 100, ""sample_0_x"": 421, ""first_x"": 421, ""sample_4_time"": 351, ""count"": 21, ""last_y"": 694, ""sample_3_y"": 660, ""sample_3_time"": 267, ""sample_1_y"": 576, ""sample_0_y"": 527, ""sample_2_time"": 184, ""sample_0_time"": 17, ""sample_3_x"": 290, ""last_time"": 351, ""first_time"": 17, ""sample_4_y"": 694, ""sample_1_x"": 368, ""sample_2_x"": 329, ""sample_2_y"": 617, ""last_x"": 264, ""first_y"": 527, ""sample_4_x"": 264}",Q3 (180-270<U+00B0>),Q3 (180-270<U+00B0>),TRUE,TRUE,Correct,225,0.7884243000000026,0.7884243000000026,0.7884243000000026,0.7884243000000026,TRUE
164914,19,righth,2,yes,0,"""5-10""",26,225,223.5580766,1030,217,"{""sample_3_y"": 648, ""sample_0_x"": 415, ""sample_4_time"": 215, ""sample_1_x"": 355, ""sample_2_x"": 320, ""sample_0_y"": 530, ""last_y"": 686, ""sample_4_y"": 686, ""last_time"": 215, ""sample_2_y"": 614, ""count"": 13, ""first_time"": 18, ""sample_4_x"": 255, ""sample_2_time"": 116, ""sample_1_y"": 584, ""sample_3_time"": 165, ""first_y"": 530, ""sample_0_time"": 18, ""first_x"": 415, ""sample_3_x"": 288, ""sample_1_time"": 66, ""last_x"": 255}",Q3 (180-270<U+00B0>),Q3 (180-270<U+00B0>),TRUE,TRUE,Correct,225,1.4419234000000074,1.4419234000000074,1.4419234000000074,1.4419234000000074,TRUE
164914,19,righth,2,yes,0,"""5-10""",27,45,138.7429883,1785,366,"{""first_y"": 451, ""sample_2_y"": 309, ""sample_3_x"": 274, ""first_time"": 16, ""sample_1_y"": 351, ""sample_3_y"": 297, ""last_time"": 366, ""sample_4_y"": 273, ""count"": 22, ""sample_4_time"": 366, ""sample_2_time"": 199, ""sample_4_x"": 251, ""sample_1_time"": 99, ""sample_3_time"": 283, ""sample_2_x"": 278, ""sample_0_time"": 16, ""sample_1_x"": 317, ""sample_0_y"": 451, ""last_y"": 273, ""first_x"": 449, ""last_x"": 251, ""sample_0_x"": 449}",Q1 (0-90<U+00B0>),Q2 (90-180<U+00B0>),FALSE,TRUE,Formant,135,3.7429883000000075,3.7429883000000075,93.74298830000001,93.74298830000001,FALSE
164914,19,righth,2,yes,0,"""5-10""",28,135,142.0247321,1782,49,"{""last_y"": 288, ""first_x"": 360, ""count"": 3, ""first_y"": 388, ""last_x"": 242, ""first_time"": 16, ""last_time"": 49}",Q2 (90-180<U+00B0>),Q2 (90-180<U+00B0>),TRUE,TRUE,Correct,135,7.024732099999994,7.024732099999994,7.024732099999994,7.024732099999994,TRUE
164914,19,righth,2,yes,0,"""5-10""",29,135,44.46949868,1388,317,"{""sample_2_time"": 166, ""first_time"": 18, ""sample_0_y"": 457, ""sample_1_time"": 83, ""sample_3_x"": 679, ""sample_4_x"": 697, ""sample_4_y"": 259, ""sample_0_time"": 18, ""sample_1_x"": 624, ""last_x"": 697, ""sample_0_x"": 514, ""sample_2_x"": 662, ""last_time"": 317, ""last_y"": 259, ""sample_2_y"": 297, ""first_x"": 514, ""sample_4_time"": 317, ""sample_3_y"": 280, ""first_y"": 457, ""sample_1_y"": 341, ""sample_3_time"": 250, ""count"": 19}",Q2 (90-180<U+00B0>),Q1 (0-90<U+00B0>),FALSE,TRUE,Formant,45,0.530501319999999,0.530501319999999,90.53050132,90.53050132,FALSE
164914,19,righth,2,yes,0,"""5-10""",30,135,131.2012285,1120,83,"{""first_x"": 409, ""count"": 5, ""last_y"": 208, ""first_time"": 17, ""first_y"": 392, ""last_x"": 247, ""last_time"": 83}",Q2 (90-180<U+00B0>),Q2 (90-180<U+00B0>),TRUE,TRUE,Correct,135,3.7987714999999866,3.7987714999999866,3.7987714999999866,3.7987714999999866,TRUE
164914,19,righth,2,yes,0,"""5-10""",31,45,140.2900812,1058,135,"{""last_x"": 243, ""first_time"": 17, ""last_time"": 134, ""last_y"": 277, ""count"": 8, ""first_y"": 396, ""first_x"": 379}",Q1 (0-90<U+00B0>),Q2 (90-180<U+00B0>),FALSE,TRUE,Formant,135,5.290081200000003,5.290081200000003,95.2900812,95.2900812,FALSE
164914,19,righth,2,yes,0,"""5-10""",32,45,138.6954853,1410,100,"{""first_y"": 395, ""count"": 6, ""last_y"": 263, ""last_x"": 240, ""first_time"": 17, ""first_x"": 372, ""last_time"": 100}",Q1 (0-90<U+00B0>),Q2 (90-180<U+00B0>),FALSE,TRUE,Formant,135,3.6954853000000014,3.6954853000000014,93.6954853,93.6954853,FALSE
164914,19,righth,2,yes,0,"""5-10""",33,315,225.5405102,1318,167,"{""first_x"": 426, ""last_time"": 166, ""count"": 10, ""last_x"": 269, ""first_time"": 16, ""last_y"": 687, ""first_y"": 520}",Q4 (270-360<U+00B0>),Q3 (180-270<U+00B0>),FALSE,TRUE,Formant,225,0.5405101999999999,0.5405101999999999,89.4594898,89.4594898,FALSE
164914,19,righth,2,yes,0,"""5-10""",34,315,225.1341819,357,84,"{""last_time"": 84, ""count"": 5, ""first_y"": 546, ""last_x"": 266, ""first_time"": 18, ""first_x"": 400, ""last_y"": 687}",Q4 (270-360<U+00B0>),Q3 (180-270<U+00B0>),FALSE,TRUE,Formant,225,0.1341818999999873,0.1341818999999873,89.86581810000001,89.86581810000001,FALSE
164914,19,righth,2,yes,0,"""5-10""",35,315,219.8055711,973,117,"{""last_x"": 245, ""first_time"": 16, ""last_time"": 117, ""first_x"": 424, ""last_y"": 668, ""count"": 7, ""first_y"": 517}",Q4 (270-360<U+00B0>),Q3 (180-270<U+00B0>),FALSE,TRUE,Formant,225,5.194428899999991,5.194428899999991,95.19442889999999,95.19442889999999,FALSE
164914,19,righth,2,yes,0,"""5-10""",36,225,229.3987054,894,300,"{""count"": 18, ""last_time"": 300, ""sample_4_y"": 704, ""sample_2_time"": 167, ""sample_1_y"": 618, ""sample_1_time"": 84, ""first_time"": 17, ""sample_1_x"": 363, ""sample_3_x"": 297, ""sample_3_y"": 687, ""sample_4_time"": 300, ""sample_0_time"": 17, ""sample_0_x"": 425, ""first_y"": 544, ""sample_2_x"": 321, ""sample_4_x"": 281, ""sample_3_time"": 234, ""last_x"": 281, ""first_x"": 425, ""sample_0_y"": 544, ""sample_2_y"": 661, ""last_y"": 704}",Q3 (180-270<U+00B0>),Q3 (180-270<U+00B0>),TRUE,TRUE,Correct,225,4.398705400000011,4.398705400000011,4.398705400000011,4.398705400000011,TRUE
164914,19,righth,2,yes,0,"""5-10""",37,135,132.2378717,1793,66,"{""first_x"": 360, ""last_time"": 66, ""last_y"": 234, ""count"": 4, ""last_x"": 262, ""first_time"": 16, ""first_y"": 352}",Q2 (90-180<U+00B0>),Q2 (90-180<U+00B0>),TRUE,TRUE,Correct,135,2.7621283000000005,2.7621283000000005,2.7621283000000005,2.7621283000000005,TRUE
164914,19,righth,2,yes,0,"""5-10""",38,135,45.13355635,1843,301,"{""sample_3_y"": 284, ""sample_0_y"": 410, ""sample_3_x"": 676, ""sample_4_y"": 258, ""count"": 18, ""sample_1_x"": 605, ""sample_2_time"": 167, ""sample_0_time"": 19, ""sample_4_x"": 693, ""sample_1_time"": 84, ""sample_2_x"": 655, ""sample_3_time"": 233, ""last_x"": 693, ""first_time"": 19, ""first_x"": 537, ""sample_4_time"": 300, ""sample_0_x"": 537, ""last_time"": 300, ""first_y"": 410, ""last_y"": 258, ""sample_2_y"": 305, ""sample_1_y"": 347}",Q2 (90-180<U+00B0>),Q1 (0-90<U+00B0>),FALSE,TRUE,Formant,45,0.1335563499999992,0.1335563499999992,89.86644365000001,89.86644365000001,FALSE
164914,19,righth,2,yes,0,"""5-10""",39,45,45.79572355,1080,400,"{""sample_2_y"": 322, ""sample_1_x"": 579, ""first_y"": 437, ""count"": 24, ""last_time"": 399, ""sample_1_y"": 378, ""sample_4_time"": 399, ""sample_2_x"": 630, ""sample_4_y"": 254, ""sample_3_x"": 660, ""sample_0_time"": 18, ""sample_0_x"": 515, ""sample_1_time"": 117, ""last_y"": 254, ""sample_4_x"": 692, ""sample_0_y"": 437, ""first_x"": 515, ""sample_3_time"": 317, ""sample_2_time"": 216, ""first_time"": 18, ""sample_3_y"": 290, ""last_x"": 692}",Q1 (0-90<U+00B0>),Q1 (0-90<U+00B0>),TRUE,TRUE,Correct,45,0.7957235499999982,0.7957235499999982,0.7957235499999982,0.7957235499999982,TRUE
164914,19,righth,2,yes,0,"""5-10""",40,225,312.440246,1007,333,"{""sample_4_time"": 333, ""sample_3_y"": 671, ""sample_1_time"": 100, ""sample_2_y"": 622, ""sample_3_x"": 661, ""sample_0_time"": 19, ""sample_1_y"": 583, ""sample_0_y"": 503, ""last_y"": 695, ""sample_4_y"": 695, ""first_y"": 503, ""sample_3_time"": 267, ""last_time"": 333, ""sample_2_x"": 620, ""sample_2_time"": 183, ""sample_4_x"": 682, ""count"": 20, ""sample_1_x"": 579, ""sample_0_x"": 514, ""last_x"": 682, ""first_time"": 19, ""first_x"": 514}",Q3 (180-270<U+00B0>),Q4 (270-360<U+00B0>),FALSE,TRUE,Formant,315,2.559753999999998,2.559753999999998,87.440246,87.440246,FALSE
164914,19,righth,2,yes,0,"""5-10""",41,135,46.47567731,1125,117,"{""first_x"": 529, ""last_time"": 117, ""first_time"": 19, ""last_x"": 687, ""last_y"": 254, ""first_y"": 413, ""count"": 7}",Q2 (90-180<U+00B0>),Q1 (0-90<U+00B0>),FALSE,TRUE,Formant,45,1.4756773100000018,1.4756773100000018,88.52432268999999,88.52432268999999,FALSE
164914,19,righth,2,yes,0,"""5-10""",42,135,42.04368934,946,266,"{""sample_2_time"": 150, ""sample_4_y"": 271, ""sample_0_y"": 424, ""last_time"": 266, ""sample_3_y"": 280, ""sample_1_x"": 603, ""first_x"": 532, ""sample_3_time"": 217, ""first_time"": 17, ""sample_3_x"": 691, ""sample_1_time"": 84, ""first_y"": 424, ""sample_2_x"": 661, ""sample_4_time"": 266, ""sample_4_x"": 703, ""sample_1_y"": 354, ""count"": 16, ""last_x"": 703, ""sample_2_y"": 304, ""sample_0_time"": 17, ""sample_0_x"": 532, ""last_y"": 271}",Q2 (90-180<U+00B0>),Q1 (0-90<U+00B0>),FALSE,TRUE,Formant,45,2.9563106599999998,2.9563106599999998,92.95631066,92.95631066,FALSE
164914,19,righth,2,yes,0,"""5-10""",43,135,46.87349301,877,200,"{""sample_3_y"": 261, ""sample_1_time"": 67, ""sample_2_time"": 116, ""first_x"": 525, ""sample_2_y"": 282, ""first_time"": 16, ""sample_1_y"": 344, ""last_x"": 686, ""sample_0_x"": 525, ""count"": 12, ""last_time"": 200, ""sample_0_y"": 421, ""sample_1_x"": 596, ""last_y"": 252, ""sample_2_x"": 658, ""first_y"": 421, ""sample_4_y"": 252, ""sample_3_x"": 677, ""sample_0_time"": 16, ""sample_3_time"": 166, ""sample_4_x"": 686, ""sample_4_time"": 200}",Q2 (90-180<U+00B0>),Q1 (0-90<U+00B0>),FALSE,TRUE,Formant,45,1.8734930099999971,1.8734930099999971,88.12650699,88.12650699,FALSE
164914,19,righth,2,yes,0,"""5-10""",44,135,43.52432269,1162,233,"{""sample_2_y"": 288, ""sample_3_y"": 271, ""sample_3_x"": 687, ""first_x"": 544, ""sample_1_y"": 360, ""sample_0_time"": 20, ""first_y"": 425, ""first_time"": 20, ""count"": 14, ""sample_0_y"": 425, ""sample_4_x"": 698, ""sample_4_y"": 265, ""sample_3_time"": 182, ""sample_1_x"": 604, ""sample_2_time"": 133, ""last_x"": 698, ""sample_2_x"": 668, ""last_y"": 265, ""sample_0_x"": 544, ""sample_4_time"": 233, ""sample_1_time"": 66, ""last_time"": 233}",Q2 (90-180<U+00B0>),Q1 (0-90<U+00B0>),FALSE,TRUE,Formant,45,1.4756773100000018,1.4756773100000018,91.47567731000001,91.47567731000001,FALSE
164914,19,righth,2,yes,0,"""5-10""",45,45,45,1055,400,"{""sample_3_x"": 662, ""sample_4_y"": 260, ""count"": 24, ""sample_4_x"": 692, ""sample_2_y"": 340, ""first_time"": 16, ""sample_1_y"": 393, ""sample_0_x"": 507, ""first_y"": 446, ""last_x"": 692, ""sample_2_time"": 216, ""sample_0_y"": 446, ""sample_0_time"": 16, ""last_time"": 400, ""sample_3_y"": 291, ""sample_3_time"": 316, ""sample_4_time"": 400, ""sample_1_x"": 572, ""first_x"": 507, ""last_y"": 260, ""sample_1_time"": 117, ""sample_2_x"": 625}",Q1 (0-90<U+00B0>),Q1 (0-90<U+00B0>),TRUE,TRUE,Correct,45,0,0,0,0,TRUE
164914,19,righth,2,yes,0,"""5-10""",46,225,311.8054105,748,317,"{""sample_4_x"": 682, ""last_x"": 682, ""sample_2_y"": 642, ""first_y"": 530, ""sample_4_time"": 317, ""sample_3_time"": 250, ""sample_2_time"": 166, ""sample_3_y"": 666, ""last_y"": 700, ""sample_4_y"": 700, ""count"": 19, ""sample_0_x"": 537, ""first_x"": 537, ""sample_2_x"": 625, ""sample_1_time"": 83, ""sample_1_x"": 584, ""sample_0_time"": 17, ""sample_1_y"": 591, ""first_time"": 17, ""sample_0_y"": 530, ""sample_3_x"": 649, ""last_time"": 317}",Q3 (180-270<U+00B0>),Q4 (270-360<U+00B0>),FALSE,TRUE,Formant,315,3.1945895000000064,3.1945895000000064,86.8054105,86.8054105,FALSE
164914,19,righth,2,yes,0,"""5-10""",47,315,312.5917836,857,317,"{""sample_2_y"": 640, ""sample_4_x"": 684, ""sample_3_y"": 676, ""last_y"": 696, ""sample_3_x"": 654, ""sample_1_y"": 586, ""first_x"": 506, ""last_time"": 317, ""sample_0_x"": 506, ""first_y"": 509, ""sample_4_y"": 696, ""sample_0_time"": 17, ""last_x"": 684, ""sample_4_time"": 317, ""sample_0_y"": 509, ""sample_1_time"": 83, ""sample_2_x"": 618, ""sample_2_time"": 167, ""count"": 19, ""sample_3_time"": 250, ""sample_1_x"": 570, ""first_time"": 17}",Q4 (270-360<U+00B0>),Q4 (270-360<U+00B0>),TRUE,TRUE,Correct,315,2.408216400000015,2.408216400000015,2.408216400000015,2.408216400000015,TRUE
164914,19,righth,2,yes,0,"""5-10""",48,225,309.8532977,1041,116,"{""last_y"": 709, ""count"": 7, ""last_time"": 115, ""first_y"": 571, ""first_time"": 16, ""first_x"": 554, ""last_x"": 676}",Q3 (180-270<U+00B0>),Q4 (270-360<U+00B0>),FALSE,TRUE,Formant,315,5.146702300000015,5.146702300000015,84.85329769999998,84.85329769999998,FALSE
164914,19,righth,2,yes,0,"""5-10""",49,45,45,849,600,"{""sample_4_time"": 600, ""first_time"": 16, ""sample_0_y"": 411, ""last_x"": 691, ""count"": 21, ""sample_1_time"": 100, ""sample_0_time"": 16, ""sample_1_x"": 577, ""sample_2_time"": 400, ""sample_1_y"": 360, ""sample_3_y"": 292, ""sample_2_y"": 330, ""last_time"": 600, ""last_y"": 261, ""sample_3_x"": 652, ""sample_4_y"": 261, ""sample_4_x"": 691, ""sample_0_x"": 529, ""sample_2_x"": 608, ""sample_3_time"": 499, ""first_y"": 411, ""first_x"": 529}",Q1 (0-90<U+00B0>),Q1 (0-90<U+00B0>),TRUE,TRUE,Correct,45,0,0,0,0,TRUE
164914,19,righth,2,yes,0,"""5-10""",50,225,227.1779845,962,432,"{""last_x"": 264, ""sample_0_y"": 492, ""sample_4_y"": 705, ""sample_1_x"": 450, ""last_y"": 705, ""sample_0_x"": 469, ""count"": 12, ""sample_3_time"": 399, ""sample_3_y"": 672, ""first_x"": 469, ""first_y"": 492, ""sample_1_y"": 515, ""sample_2_y"": 556, ""last_time"": 432, ""sample_3_x"": 302, ""sample_2_time"": 349, ""sample_1_time"": 66, ""sample_2_x"": 416, ""sample_4_x"": 264, ""first_time"": 17, ""sample_4_time"": 432, ""sample_0_time"": 17}",Q3 (180-270<U+00B0>),Q3 (180-270<U+00B0>),TRUE,TRUE,Correct,225,2.177984500000008,2.177984500000008,2.177984500000008,2.177984500000008,TRUE
164914,19,righth,2,yes,0,"""5-10""",51,225,226.3510651,741,349,"{""sample_0_x"": 422, ""sample_2_y"": 641, ""first_time"": 16, ""sample_2_time"": 182, ""sample_1_y"": 602, ""sample_3_time"": 265, ""count"": 21, ""sample_4_y"": 690, ""sample_2_x"": 302, ""last_x"": 272, ""first_y"": 534, ""sample_4_time"": 348, ""sample_0_y"": 534, ""first_x"": 422, ""last_time"": 348, ""sample_1_time"": 99, ""sample_0_time"": 16, ""last_y"": 690, ""sample_3_x"": 287, ""sample_3_y"": 663, ""sample_4_x"": 272, ""sample_1_x"": 342}",Q3 (180-270<U+00B0>),Q3 (180-270<U+00B0>),TRUE,TRUE,Correct,225,1.3510650999999996,1.3510650999999996,1.3510650999999996,1.3510650999999996,TRUE
164914,19,righth,2,yes,0,"""5-10""",52,315,223.8037423,1008,332,"{""sample_2_time"": 182, ""count"": 20, ""last_time"": 331, ""sample_4_time"": 331, ""sample_4_x"": 259, ""sample_2_x"": 300, ""sample_0_x"": 417, ""first_x"": 417, ""first_y"": 522, ""sample_3_x"": 275, ""sample_1_y"": 576, ""last_y"": 684, ""sample_2_y"": 617, ""sample_4_y"": 684, ""sample_1_x"": 347, ""sample_0_y"": 522, ""sample_3_time"": 265, ""sample_0_time"": 15, ""first_time"": 15, ""sample_3_y"": 655, ""sample_1_time"": 99, ""last_x"": 259}",Q4 (270-360<U+00B0>),Q3 (180-270<U+00B0>),FALSE,TRUE,Formant,225,1.1962576999999897,1.1962576999999897,91.19625769999999,91.19625769999999,FALSE
164914,19,righth,2,yes,0,"""5-10""",53,135,39.64417496,3161,247,"{""last_y"": 270, ""sample_3_y"": 314, ""last_time"": 247, ""sample_1_y"": 418, ""first_x"": 503, ""sample_2_time"": 131, ""sample_2_y"": 368, ""last_x"": 724, ""sample_4_x"": 724, ""sample_3_x"": 689, ""sample_1_x"": 524, ""sample_3_time"": 198, ""sample_0_x"": 503, ""sample_0_time"": 15, ""first_y"": 444, ""sample_2_x"": 624, ""sample_4_y"": 270, ""sample_4_time"": 247, ""sample_1_time"": 64, ""count"": 15, ""sample_0_y"": 444, ""first_time"": 15}",Q2 (90-180<U+00B0>),Q1 (0-90<U+00B0>),FALSE,TRUE,Formant,45,5.355825039999999,5.355825039999999,95.35582504,95.35582504,FALSE
164914,19,righth,2,yes,0,"""5-10""",54,225,320.9494813,959,434,"{""last_x"": 728, ""sample_4_y"": 675, ""sample_2_x"": 680, ""last_time"": 433, ""first_x"": 510, ""sample_0_x"": 510, ""sample_1_x"": 576, ""sample_3_y"": 649, ""first_time"": 17, ""first_y"": 497, ""sample_2_y"": 631, ""sample_3_x"": 711, ""sample_0_time"": 17, ""sample_3_time"": 216, ""sample_4_x"": 728, ""last_y"": 675, ""sample_0_y"": 497, ""sample_2_time"": 150, ""count"": 16, ""sample_1_time"": 83, ""sample_1_y"": 550, ""sample_4_time"": 433}",Q3 (180-270<U+00B0>),Q4 (270-360<U+00B0>),FALSE,TRUE,Formant,315,5.949481300000002,5.949481300000002,95.9494813,95.9494813,FALSE
164914,19,righth,2,yes,0,"""5-10""",55,135,42.75166686,916,200,"{""sample_4_y"": 265, ""sample_1_y"": 342, ""first_y"": 430, ""sample_0_x"": 530, ""sample_0_time"": 17, ""sample_4_time"": 199, ""sample_2_y"": 293, ""sample_2_x"": 674, ""first_time"": 17, ""sample_0_y"": 430, ""sample_3_y"": 272, ""sample_4_x"": 704, ""count"": 12, ""first_x"": 530, ""last_x"": 704, ""sample_3_x"": 695, ""sample_1_time"": 66, ""last_time"": 199, ""sample_3_time"": 166, ""sample_1_x"": 623, ""sample_2_time"": 116, ""last_y"": 265}",Q2 (90-180<U+00B0>),Q1 (0-90<U+00B0>),FALSE,TRUE,Formant,45,2.2483331399999997,2.2483331399999997,92.24833314,92.24833314,FALSE
164914,19,righth,2,yes,0,"""5-10""",56,45,43.91907581,940,383,"{""count"": 23, ""sample_2_x"": 641, ""sample_0_time"": 17, ""sample_4_y"": 265, ""sample_3_y"": 286, ""sample_2_y"": 316, ""last_x"": 695, ""first_time"": 17, ""sample_1_y"": 366, ""sample_1_time"": 100, ""sample_0_y"": 442, ""sample_0_x"": 506, ""sample_2_time"": 200, ""last_y"": 265, ""sample_3_time"": 300, ""sample_4_x"": 695, ""last_time"": 383, ""sample_3_x"": 670, ""sample_4_time"": 383, ""first_y"": 442, ""sample_1_x"": 587, ""first_x"": 506}",Q1 (0-90<U+00B0>),Q1 (0-90<U+00B0>),TRUE,TRUE,Correct,45,1.0809241899999975,1.0809241899999975,1.0809241899999975,1.0809241899999975,TRUE
164914,19,righth,2,yes,0,"""5-10""",57,45,128.1572266,1279,182,"{""sample_1_y"": 377, ""first_time"": 17, ""last_y"": 235, ""sample_2_y"": 308, ""last_time"": 181, ""count"": 11, ""sample_2_time"": 99, ""first_x"": 448, ""sample_3_y"": 253, ""sample_4_time"": 181, ""last_x"": 292, ""sample_1_time"": 49, ""first_y"": 436, ""sample_0_time"": 17, ""sample_3_x"": 308, ""sample_4_y"": 235, ""sample_2_x"": 366, ""sample_4_x"": 292, ""sample_1_x"": 412, ""sample_0_x"": 448, ""sample_0_y"": 436, ""sample_3_time"": 148}",Q1 (0-90<U+00B0>),Q2 (90-180<U+00B0>),FALSE,TRUE,Formant,135,6.842773399999999,6.842773399999999,83.1572266,83.1572266,FALSE
164914,19,righth,2,yes,0,"""5-10""",58,135,311.2880262,1105,382,"{""last_x"": 688, ""sample_2_x"": 623, ""last_time"": 382, ""sample_0_x"": 530, ""sample_1_time"": 99, ""sample_4_y"": 711, ""sample_2_time"": 198, ""sample_4_x"": 688, ""first_y"": 543, ""sample_3_y"": 676, ""count"": 23, ""first_time"": 18, ""first_x"": 530, ""sample_2_y"": 644, ""sample_3_x"": 646, ""sample_0_time"": 18, ""sample_3_time"": 299, ""sample_4_time"": 382, ""sample_0_y"": 543, ""last_y"": 711, ""sample_1_x"": 587, ""sample_1_y"": 601}",Q2 (90-180<U+00B0>),Q4 (270-360<U+00B0>),FALSE,FALSE,Both,315,3.7119738000000098,3.7119738000000098,176.2880262,176.2880262,FALSE
164914,19,righth,2,yes,0,"""5-10""",59,225,220.3787486,1093,467,"{""sample_4_y"": 672, ""sample_3_y"": 640, ""sample_3_time"": 366, ""sample_4_time"": 467, ""sample_0_x"": 440, ""sample_0_time"": 16, ""first_y"": 495, ""first_time"": 16, ""sample_0_y"": 495, ""last_y"": 672, ""sample_3_x"": 278, ""sample_1_time"": 132, ""sample_2_x"": 333, ""sample_1_x"": 368, ""sample_4_x"": 245, ""sample_1_y"": 547, ""count"": 28, ""first_x"": 440, ""last_time"": 467, ""sample_2_y"": 581, ""sample_2_time"": 250, ""last_x"": 245}",Q3 (180-270<U+00B0>),Q3 (180-270<U+00B0>),TRUE,TRUE,Correct,225,4.621251400000006,4.621251400000006,4.621251400000006,4.621251400000006,TRUE
164914,19,righth,2,yes,0,"""5-10""",60,45,314.1930705,1409,367,"{""sample_3_y"": 661, ""sample_4_y"": 689, ""sample_4_x"": 689, ""last_time"": 367, ""sample_2_x"": 632, ""sample_2_time"": 200, ""sample_3_x"": 661, ""sample_1_time"": 100, ""sample_1_y"": 585, ""sample_1_x"": 586, ""last_y"": 689, ""sample_2_y"": 632, ""sample_4_time"": 367, ""sample_3_time"": 284, ""last_x"": 689, ""first_time"": 18, ""first_y"": 506, ""count"": 22, ""sample_0_time"": 18, ""first_x"": 511, ""sample_0_y"": 506, ""sample_0_x"": 511}",Q1 (0-90<U+00B0>),Q4 (270-360<U+00B0>),TRUE,FALSE,Frequency,315,0.8069295000000238,0.8069295000000238,269.1930705,90.80692950000002,FALSE
164914,19,righth,2,yes,0,"""5-10""",61,135,47.39702853,1136,384,"{""sample_3_x"": 657, ""count"": 23, ""sample_0_time"": 17, ""last_y"": 249, ""last_time"": 383, ""sample_1_y"": 386, ""sample_1_x"": 549, ""sample_3_y"": 281, ""sample_0_y"": 433, ""sample_3_time"": 300, ""sample_0_x"": 510, ""sample_1_time"": 100, ""sample_4_x"": 685, ""sample_2_y"": 338, ""sample_2_x"": 599, ""sample_2_time"": 200, ""first_y"": 433, ""first_time"": 17, ""sample_4_y"": 249, ""last_x"": 685, ""sample_4_time"": 383, ""first_x"": 510}",Q2 (90-180<U+00B0>),Q1 (0-90<U+00B0>),FALSE,TRUE,Formant,45,2.39702853,2.39702853,87.60297147,87.60297147,FALSE
164914,19,righth,2,yes,0,"""5-10""",62,45,316.4288501,1551,401,"{""sample_2_time"": 217, ""last_y"": 688, ""sample_2_y"": 618, ""sample_0_y"": 518, ""sample_1_y"": 578, ""sample_2_x"": 620, ""first_x"": 512, ""count"": 24, ""sample_1_time"": 117, ""sample_0_time"": 17, ""sample_3_x"": 660, ""last_x"": 705, ""first_y"": 518, ""last_time"": 401, ""sample_4_time"": 401, ""sample_4_y"": 688, ""first_time"": 17, ""sample_1_x"": 575, ""sample_4_x"": 705, ""sample_0_x"": 512, ""sample_3_y"": 654, ""sample_3_time"": 317}",Q1 (0-90<U+00B0>),Q4 (270-360<U+00B0>),TRUE,FALSE,Frequency,315,1.428850099999977,1.428850099999977,271.4288501,88.57114990000002,FALSE
164914,19,righth,2,yes,0,"""5-10""",63,315,220.1604124,1300,200,"{""last_y"": 673, ""sample_4_time"": 200, ""sample_4_x"": 242, ""sample_1_x"": 320, ""sample_4_y"": 673, ""last_time"": 200, ""first_time"": 17, ""first_y"": 524, ""sample_2_time"": 117, ""sample_2_x"": 276, ""sample_1_y"": 608, ""sample_1_time"": 66, ""sample_0_y"": 524, ""sample_0_time"": 17, ""sample_3_x"": 254, ""sample_0_x"": 421, ""count"": 12, ""sample_3_y"": 661, ""first_x"": 421, ""sample_3_time"": 166, ""last_x"": 242, ""sample_2_y"": 643}",Q4 (270-360<U+00B0>),Q3 (180-270<U+00B0>),FALSE,TRUE,Formant,225,4.839587599999987,4.839587599999987,94.83958759999999,94.83958759999999,FALSE
164914,19,righth,2,yes,0,"""5-10""",64,135,38.57308413,4562,228,"{""sample_0_y"": 453, ""sample_4_y"": 280, ""sample_4_time"": 228, ""sample_3_time"": 179, ""sample_1_time"": 45, ""sample_0_time"": 7, ""sample_1_x"": 576, ""sample_4_x"": 721, ""last_time"": 228, ""count"": 15, ""last_x"": 721, ""sample_3_y"": 317, ""sample_1_y"": 411, ""sample_2_time"": 111, ""first_y"": 453, ""first_x"": 510, ""sample_3_x"": 699, ""last_y"": 280, ""first_time"": 7, ""sample_2_y"": 351, ""sample_2_x"": 668, ""sample_0_x"": 510}",Q2 (90-180<U+00B0>),Q1 (0-90<U+00B0>),FALSE,TRUE,Formant,45,6.426915870000002,6.426915870000002,96.42691587,96.42691587,FALSE
164914,19,righth,2,yes,0,"""5-10""",65,45,45,1470,833,"{""last_y"": 261, ""sample_2_time"": 433, ""last_x"": 691, ""sample_0_x"": 499, ""sample_1_time"": 216, ""sample_1_y"": 393, ""sample_3_x"": 661, ""sample_3_time"": 633, ""sample_2_y"": 332, ""first_y"": 456, ""sample_2_x"": 620, ""sample_4_y"": 261, ""sample_1_x"": 559, ""sample_4_x"": 691, ""sample_4_time"": 833, ""last_time"": 833, ""sample_0_time"": 16, ""first_x"": 499, ""sample_3_y"": 291, ""count"": 50, ""sample_0_y"": 456, ""first_time"": 16}",Q1 (0-90<U+00B0>),Q1 (0-90<U+00B0>),TRUE,TRUE,Correct,45,0,0,0,0,TRUE
164914,19,righth,2,yes,0,"""5-10""",66,315,312.5804908,1148,332,"{""count"": 20, ""sample_0_y"": 506, ""first_y"": 506, ""sample_1_y"": 586, ""first_x"": 503, ""sample_3_time"": 266, ""sample_4_x"": 683, ""sample_2_y"": 631, ""last_y"": 695, ""sample_1_x"": 575, ""last_x"": 683, ""sample_4_time"": 332, ""sample_0_time"": 16, ""sample_3_x"": 651, ""sample_4_y"": 695, ""sample_0_x"": 503, ""first_time"": 16, ""sample_1_time"": 99, ""sample_2_time"": 183, ""sample_2_x"": 618, ""last_time"": 332, ""sample_3_y"": 665}",Q4 (270-360<U+00B0>),Q4 (270-360<U+00B0>),TRUE,TRUE,Correct,315,2.419509199999993,2.419509199999993,2.419509199999993,2.419509199999993,TRUE
164914,19,righth,2,yes,0,"""5-10""",67,315,317.5241658,789,432,"{""sample_1_x"": 585, ""sample_2_y"": 597, ""sample_1_time"": 116, ""sample_4_y"": 679, ""last_x"": 704, ""sample_0_y"": 507, ""sample_4_time"": 432, ""last_y"": 679, ""sample_3_x"": 665, ""first_time"": 16, ""first_x"": 518, ""sample_0_x"": 518, ""sample_3_y"": 629, ""sample_2_x"": 631, ""first_y"": 507, ""count"": 26, ""sample_0_time"": 16, ""sample_4_x"": 704, ""sample_2_time"": 233, ""sample_3_time"": 333, ""last_time"": 432, ""sample_1_y"": 561}",Q4 (270-360<U+00B0>),Q4 (270-360<U+00B0>),TRUE,TRUE,Correct,315,2.5241657999999916,2.5241657999999916,2.5241657999999916,2.5241657999999916,TRUE
164914,19,righth,2,yes,0,"""5-10""",68,315,315.6555295,937,449,"{""sample_2_x"": 618, ""last_time"": 449, ""sample_2_time"": 232, ""sample_4_time"": 449, ""sample_1_x"": 575, ""sample_4_x"": 700, ""first_y"": 507, ""last_y"": 689, ""last_x"": 700, ""sample_3_x"": 667, ""first_time"": 17, ""sample_3_y"": 654, ""sample_4_y"": 689, ""sample_3_time"": 349, ""count"": 27, ""sample_0_y"": 507, ""first_x"": 512, ""sample_0_time"": 17, ""sample_2_y"": 610, ""sample_1_time"": 115, ""sample_0_x"": 512, ""sample_1_y"": 571}",Q4 (270-360<U+00B0>),Q4 (270-360<U+00B0>),TRUE,TRUE,Correct,315,0.6555295000000001,0.6555295000000001,0.6555295000000001,0.6555295000000001,TRUE
164914,19,righth,2,yes,0,"""5-10""",69,45,44.46949868,1045,350,"{""sample_0_x"": 514, ""sample_2_time"": 183, ""first_x"": 514, ""sample_3_y"": 307, ""sample_4_x"": 697, ""sample_2_y"": 341, ""sample_4_time"": 350, ""first_time"": 17, ""last_x"": 697, ""sample_3_x"": 654, ""sample_1_time"": 99, ""last_time"": 350, ""sample_4_y"": 259, ""sample_0_time"": 17, ""sample_0_y"": 441, ""count"": 21, ""last_y"": 259, ""sample_2_x"": 619, ""sample_1_y"": 385, ""first_y"": 441, ""sample_3_time"": 266, ""sample_1_x"": 575}",Q1 (0-90<U+00B0>),Q1 (0-90<U+00B0>),TRUE,TRUE,Correct,45,0.530501319999999,0.530501319999999,0.530501319999999,0.530501319999999,TRUE
164914,19,righth,2,yes,0,"""5-10""",70,45,44.05639013,510,432,"{""first_time"": 16, ""sample_3_y"": 290, ""first_x"": 505, ""last_time"": 432, ""sample_3_time"": 332, ""sample_1_y"": 381, ""sample_4_x"": 695, ""count"": 26, ""first_y"": 450, ""sample_0_y"": 450, ""sample_2_x"": 637, ""sample_1_time"": 116, ""sample_2_y"": 324, ""sample_4_y"": 264, ""last_y"": 264, ""last_x"": 695, ""sample_1_x"": 575, ""sample_2_time"": 233, ""sample_4_time"": 432, ""sample_3_x"": 670, ""sample_0_time"": 16, ""sample_0_x"": 505}",Q1 (0-90<U+00B0>),Q1 (0-90<U+00B0>),TRUE,TRUE,Correct,45,0.9436098700000031,0.9436098700000031,0.9436098700000031,0.9436098700000031,TRUE
164914,19,righth,2,yes,0,"""5-10""",71,315,313.3788541,576,401,"{""first_time"": 18, ""last_x"": 685, ""sample_0_x"": 498, ""count"": 24, ""sample_2_x"": 603, ""sample_4_time"": 401, ""last_y"": 691, ""sample_3_x"": 635, ""sample_1_time"": 116, ""sample_0_time"": 18, ""sample_4_y"": 691, ""sample_3_y"": 647, ""sample_2_time"": 217, ""sample_0_y"": 500, ""sample_3_time"": 316, ""sample_2_y"": 615, ""last_time"": 401, ""sample_1_y"": 579, ""first_x"": 498, ""first_y"": 500, ""sample_4_x"": 685, ""sample_1_x"": 570}",Q4 (270-360<U+00B0>),Q4 (270-360<U+00B0>),TRUE,TRUE,Correct,315,1.6211458999999877,1.6211458999999877,1.6211458999999877,1.6211458999999877,TRUE
164914,19,righth,2,yes,0,"""5-10""",72,225,314.7335099,382,383,"{""sample_1_y"": 559, ""sample_2_x"": 599, ""count"": 23, ""last_x"": 693, ""first_x"": 506, ""sample_0_y"": 505, ""first_y"": 505, ""last_time"": 383, ""sample_0_time"": 18, ""sample_1_x"": 553, ""sample_4_time"": 383, ""sample_0_x"": 506, ""sample_2_time"": 200, ""sample_2_y"": 610, ""sample_4_y"": 689, ""sample_3_time"": 300, ""sample_3_y"": 656, ""sample_3_x"": 653, ""last_y"": 689, ""first_time"": 18, ""sample_1_time"": 101, ""sample_4_x"": 693}",Q3 (180-270<U+00B0>),Q4 (270-360<U+00B0>),FALSE,TRUE,Formant,315,0.2664900999999986,0.2664900999999986,89.7335099,89.7335099,FALSE
164914,19,righth,2,yes,0,"""5-10""",73,225,319.5632298,731,433,"{""first_y"": 461, ""last_time"": 433, ""sample_1_y"": 466, ""sample_0_x"": 498, ""sample_4_x"": 709, ""sample_1_x"": 501, ""sample_4_time"": 433, ""last_y"": 669, ""first_time"": 17, ""sample_3_x"": 636, ""count"": 23, ""sample_4_y"": 669, ""sample_2_y"": 497, ""sample_2_time"": 249, ""sample_2_x"": 496, ""sample_3_time"": 349, ""sample_1_time"": 149, ""sample_0_y"": 461, ""sample_3_y"": 607, ""first_x"": 498, ""last_x"": 709, ""sample_0_time"": 17}",Q3 (180-270<U+00B0>),Q4 (270-360<U+00B0>),FALSE,TRUE,Formant,315,4.563229799999988,4.563229799999988,94.56322979999999,94.56322979999999,FALSE
164914,19,righth,2,yes,0,"""5-10""",74,45,42.17603971,470,568,"{""sample_0_time"": 17, ""sample_4_y"": 261, ""sample_4_x"": 713, ""sample_1_y"": 569, ""count"": 32, ""sample_2_y"": 602, ""sample_4_time"": 567, ""sample_0_x"": 501, ""sample_0_y"": 493, ""sample_1_x"": 575, ""sample_3_y"": 505, ""first_y"": 493, ""first_x"": 501, ""sample_2_time"": 284, ""last_y"": 261, ""sample_1_time"": 150, ""sample_3_x"": 617, ""first_time"": 17, ""sample_3_time"": 451, ""sample_2_x"": 604, ""last_x"": 713, ""last_time"": 567}",Q1 (0-90<U+00B0>),Q1 (0-90<U+00B0>),TRUE,TRUE,Correct,45,2.8239602900000023,2.8239602900000023,2.8239602900000023,2.8239602900000023,TRUE
164914,19,righth,2,yes,0,"""5-10""",75,45,44.05639013,220,702,"{""sample_2_y"": 362, ""sample_3_time"": 534, ""sample_0_y"": 456, ""sample_2_time"": 368, ""first_y"": 456, ""count"": 42, ""last_y"": 264, ""first_x"": 503, ""sample_1_time"": 184, ""last_x"": 695, ""sample_2_x"": 577, ""last_time"": 700, ""first_time"": 18, ""sample_1_y"": 417, ""sample_4_y"": 264, ""sample_1_x"": 533, ""sample_0_time"": 18, ""sample_4_x"": 695, ""sample_3_y"": 297, ""sample_3_x"": 641, ""sample_4_time"": 700, ""sample_0_x"": 503}",Q1 (0-90<U+00B0>),Q1 (0-90<U+00B0>),TRUE,TRUE,Correct,45,0.9436098700000031,0.9436098700000031,0.9436098700000031,0.9436098700000031,TRUE
164914,19,righth,2,yes,0,"""5-10""",76,225,312.5804908,578,333,"{""last_x"": 683, ""sample_1_y"": 584, ""sample_0_x"": 502, ""first_x"": 502, ""last_y"": 695, ""sample_2_time"": 183, ""sample_4_y"": 695, ""sample_3_x"": 649, ""sample_4_x"": 683, ""count"": 20, ""last_time"": 332, ""sample_3_time"": 265, ""sample_0_time"": 18, ""sample_3_y"": 666, ""sample_1_x"": 566, ""sample_4_time"": 332, ""sample_1_time"": 99, ""first_time"": 18, ""sample_2_x"": 614, ""sample_2_y"": 632, ""first_y"": 518, ""sample_0_y"": 518}",Q3 (180-270<U+00B0>),Q4 (270-360<U+00B0>),FALSE,TRUE,Formant,315,2.419509199999993,2.419509199999993,87.5804908,87.5804908,FALSE
164914,19,righth,2,yes,0,"""5-10""",77,315,314.2005759,548,433,"{""last_y"": 691, ""sample_3_y"": 665, ""first_y"": 501, ""last_time"": 432, ""sample_3_x"": 658, ""last_x"": 691, ""sample_1_time"": 116, ""sample_2_y"": 629, ""first_time"": 16, ""sample_2_x"": 620, ""first_x"": 498, ""sample_4_time"": 432, ""count"": 26, ""sample_4_y"": 691, ""sample_3_time"": 332, ""sample_0_x"": 498, ""sample_1_y"": 570, ""sample_1_x"": 566, ""sample_4_x"": 691, ""sample_0_time"": 16, ""sample_2_time"": 233, ""sample_0_y"": 501}",Q4 (270-360<U+00B0>),Q4 (270-360<U+00B0>),TRUE,TRUE,Correct,315,0.7994241000000102,0.7994241000000102,0.7994241000000102,0.7994241000000102,TRUE
164914,19,righth,2,yes,0,"""5-10""",78,45,42.63592041,1340,383,"{""sample_2_y"": 350, ""last_time"": 383, ""sample_2_time"": 200, ""sample_0_y"": 456, ""last_y"": 264, ""sample_0_x"": 526, ""last_x"": 706, ""sample_4_y"": 264, ""sample_3_y"": 303, ""sample_4_time"": 383, ""sample_1_time"": 101, ""sample_0_time"": 18, ""sample_2_x"": 622, ""first_y"": 456, ""sample_1_y"": 412, ""sample_3_x"": 674, ""first_x"": 526, ""sample_4_x"": 706, ""sample_3_time"": 300, ""sample_1_x"": 570, ""count"": 23, ""first_time"": 18}",Q1 (0-90<U+00B0>),Q1 (0-90<U+00B0>),TRUE,TRUE,Correct,45,2.364079590000003,2.364079590000003,2.364079590000003,2.364079590000003,TRUE
164914,19,righth,2,yes,0,"""5-10""",79,135,47.27989254,967,467,"{""sample_3_y"": 285, ""sample_0_x"": 500, ""sample_4_y"": 251, ""sample_4_x"": 684, ""sample_1_x"": 556, ""sample_1_time"": 134, ""sample_2_x"": 620, ""first_y"": 454, ""sample_0_y"": 454, ""sample_1_y"": 386, ""sample_2_y"": 325, ""last_time"": 466, ""sample_0_time"": 18, ""sample_3_time"": 366, ""first_x"": 500, ""last_y"": 251, ""count"": 28, ""first_time"": 18, ""sample_4_time"": 466, ""sample_2_time"": 249, ""last_x"": 684, ""sample_3_x"": 654}",Q2 (90-180<U+00B0>),Q1 (0-90<U+00B0>),FALSE,TRUE,Formant,45,2.2798925399999987,2.2798925399999987,87.72010746000001,87.72010746000001,FALSE
164914,19,righth,2,yes,0,"""5-10""",80,225,307.9245332,1079,283,"{""sample_1_x"": 570, ""last_x"": 666, ""sample_4_time"": 283, ""first_x"": 514, ""first_time"": 17, ""sample_1_time"": 83, ""sample_0_y"": 524, ""last_y"": 713, ""sample_2_y"": 636, ""first_y"": 524, ""sample_4_x"": 666, ""sample_0_x"": 514, ""sample_4_y"": 713, ""sample_3_y"": 671, ""sample_3_x"": 632, ""last_time"": 283, ""sample_1_y"": 590, ""sample_2_time"": 150, ""sample_2_x"": 605, ""count"": 17, ""sample_0_time"": 17, ""sample_3_time"": 217}",Q3 (180-270<U+00B0>),Q4 (270-360<U+00B0>),FALSE,TRUE,Formant,315,7.075466800000015,7.075466800000015,82.92453319999998,82.92453319999998,FALSE
164914,19,righth,2,yes,0,"""5-10""",81,315,313.6980473,960,416,"{""sample_2_y"": 618, ""sample_0_time"": 17, ""first_y"": 512, ""first_x"": 506, ""sample_3_time"": 333, ""sample_0_y"": 512, ""sample_1_time"": 133, ""count"": 24, ""sample_4_time"": 416, ""sample_4_x"": 694, ""sample_3_y"": 663, ""sample_3_x"": 656, ""sample_2_time"": 233, ""last_y"": 698, ""sample_4_y"": 698, ""first_time"": 17, ""sample_0_x"": 506, ""sample_1_y"": 573, ""last_time"": 416, ""sample_2_x"": 610, ""sample_1_x"": 567, ""last_x"": 694}",Q4 (270-360<U+00B0>),Q4 (270-360<U+00B0>),TRUE,TRUE,Correct,315,1.3019527000000153,1.3019527000000153,1.3019527000000153,1.3019527000000153,TRUE
164914,19,righth,2,yes,0,"""5-10""",82,315,42.73072519,1991,400,"{""sample_2_y"": 350, ""sample_3_y"": 309, ""sample_1_x"": 572, ""sample_3_time"": 316, ""count"": 24, ""sample_3_x"": 673, ""sample_2_time"": 216, ""last_x"": 702, ""sample_4_x"": 702, ""sample_1_y"": 403, ""last_time"": 400, ""sample_4_y"": 267, ""first_y"": 476, ""first_x"": 500, ""sample_0_time"": 17, ""first_time"": 17, ""sample_2_x"": 627, ""sample_0_y"": 476, ""sample_0_x"": 500, ""sample_1_time"": 116, ""sample_4_time"": 400, ""last_y"": 267}",Q4 (270-360<U+00B0>),Q1 (0-90<U+00B0>),TRUE,FALSE,Frequency,45,2.269274809999999,2.269274809999999,272.26927481,87.73072518999999,FALSE
164914,19,righth,2,yes,0,"""5-10""",83,135,45.40066326,1030,435,"{""sample_0_time"": 17, ""sample_0_x"": 528, ""sample_1_time"": 68, ""sample_0_y"": 418, ""sample_4_y"": 257, ""sample_2_y"": 318, ""sample_3_time"": 384, ""sample_1_y"": 346, ""last_time"": 435, ""sample_2_x"": 629, ""first_y"": 418, ""count"": 15, ""last_x"": 692, ""sample_4_x"": 692, ""last_y"": 257, ""sample_3_x"": 655, ""sample_2_time"": 134, ""sample_1_x"": 592, ""sample_4_time"": 435, ""first_x"": 528, ""sample_3_y"": 290, ""first_time"": 17}",Q2 (90-180<U+00B0>),Q1 (0-90<U+00B0>),FALSE,TRUE,Formant,45,0.40066326000000174,0.40066326000000174,89.59933674,89.59933674,FALSE
164914,19,righth,2,yes,0,"""5-10""",84,315,315.1264805,959,552,"{""sample_2_y"": 577, ""sample_3_x"": 675, ""sample_3_y"": 644, ""sample_2_time"": 150, ""first_y"": 493, ""sample_1_time"": 83, ""sample_2_x"": 636, ""sample_4_x"": 706, ""first_time"": 16, ""sample_4_time"": 552, ""first_x"": 507, ""sample_0_x"": 507, ""sample_3_time"": 502, ""last_x"": 706, ""last_time"": 552, ""sample_4_y"": 699, ""sample_0_y"": 493, ""sample_0_time"": 16, ""sample_1_y"": 557, ""last_y"": 699, ""count"": 16, ""sample_1_x"": 609}",Q4 (270-360<U+00B0>),Q4 (270-360<U+00B0>),TRUE,TRUE,Correct,315,0.12648050000001376,0.12648050000001376,0.12648050000001376,0.12648050000001376,TRUE
164914,19,righth,2,yes,0,"""5-10""",85,315,313.126507,761,414,"{""first_time"": 17, ""sample_0_y"": 488, ""sample_3_x"": 640, ""sample_3_y"": 641, ""sample_3_time"": 315, ""last_y"": 694, ""sample_2_time"": 214, ""sample_1_y"": 545, ""count"": 25, ""sample_2_x"": 604, ""last_time"": 414, ""sample_4_y"": 694, ""sample_4_x"": 686, ""sample_0_x"": 510, ""sample_0_time"": 17, ""first_y"": 488, ""sample_1_time"": 114, ""last_x"": 686, ""sample_2_y"": 597, ""sample_1_x"": 565, ""sample_4_time"": 414, ""first_x"": 510}",Q4 (270-360<U+00B0>),Q4 (270-360<U+00B0>),TRUE,TRUE,Correct,315,1.8734929999999963,1.8734929999999963,1.8734929999999963,1.8734929999999963,TRUE
164914,19,righth,2,yes,0,"""5-10""",86,315,316.4756773,821,433,"{""first_y"": 495, ""sample_3_time"": 332, ""sample_0_time"": 18, ""sample_3_y"": 628, ""sample_4_x"": 698, ""sample_1_y"": 551, ""sample_0_y"": 495, ""count"": 26, ""last_x"": 698, ""sample_2_y"": 593, ""sample_1_time"": 116, ""sample_4_y"": 681, ""sample_1_x"": 569, ""first_time"": 18, ""sample_3_x"": 648, ""sample_2_time"": 232, ""sample_0_x"": 513, ""first_x"": 513, ""last_time"": 432, ""sample_2_x"": 611, ""last_y"": 681, ""sample_4_time"": 432}",Q4 (270-360<U+00B0>),Q4 (270-360<U+00B0>),TRUE,TRUE,Correct,315,1.4756772999999725,1.4756772999999725,1.4756772999999725,1.4756772999999725,TRUE
164914,19,righth,2,yes,0,"""5-10""",87,135,47.82396029,938,485,"{""sample_3_x"": 630, ""last_time"": 484, ""count"": 18, ""sample_3_time"": 417, ""sample_1_x"": 548, ""sample_2_time"": 184, ""first_time"": 19, ""sample_0_time"": 19, ""sample_1_time"": 85, ""sample_3_y"": 303, ""sample_4_x"": 691, ""sample_2_y"": 396, ""sample_2_x"": 559, ""sample_0_x"": 509, ""last_y"": 239, ""sample_4_y"": 239, ""first_y"": 442, ""sample_1_y"": 403, ""last_x"": 691, ""sample_4_time"": 484, ""sample_0_y"": 442, ""first_x"": 509}",Q2 (90-180<U+00B0>),Q1 (0-90<U+00B0>),FALSE,TRUE,Formant,45,2.8239602900000023,2.8239602900000023,87.17603971,87.17603971,FALSE
164914,19,righth,2,yes,0,"""5-10""",88,225,316.3447244,982,315,"{""sample_2_y"": 617, ""count"": 19, ""first_time"": 15, ""first_x"": 519, ""sample_2_x"": 625, ""last_y"": 681, ""sample_3_time"": 248, ""first_y"": 517, ""sample_3_x"": 667, ""sample_1_time"": 81, ""sample_0_time"": 15, ""last_x"": 697, ""sample_2_time"": 165, ""sample_0_x"": 519, ""sample_3_y"": 659, ""last_time"": 314, ""sample_1_y"": 573, ""sample_0_y"": 517, ""sample_1_x"": 581, ""sample_4_x"": 697, ""sample_4_y"": 681, ""sample_4_time"": 314}",Q3 (180-270<U+00B0>),Q4 (270-360<U+00B0>),FALSE,TRUE,Formant,315,1.3447244000000182,1.3447244000000182,91.34472440000002,91.34472440000002,FALSE
164914,19,righth,2,yes,0,"""5-10""",89,45,41.46448039,929,551,"{""sample_3_x"": 668, ""sample_2_x"": 650, ""sample_2_y"": 334, ""last_time"": 551, ""sample_3_time"": 466, ""sample_1_time"": 101, ""sample_2_time"": 183, ""sample_0_x"": 546, ""last_x"": 711, ""sample_4_y"": 268, ""last_y"": 268, ""sample_1_x"": 615, ""sample_3_y"": 316, ""count"": 21, ""sample_0_time"": 16, ""sample_1_y"": 359, ""sample_0_y"": 416, ""sample_4_time"": 551, ""sample_4_x"": 711, ""first_x"": 546, ""first_time"": 16, ""first_y"": 416}",Q1 (0-90<U+00B0>),Q1 (0-90<U+00B0>),TRUE,TRUE,Correct,45,3.5355196100000015,3.5355196100000015,3.5355196100000015,3.5355196100000015,TRUE
164914,19,righth,2,yes,0,"""5-10""",90,45,46.73570459,977,267,"{""sample_4_time"": 267, ""count"": 16, ""last_time"": 267, ""first_y"": 430, ""last_x"": 687, ""sample_2_time"": 151, ""sample_0_x"": 515, ""first_x"": 515, ""sample_0_time"": 19, ""sample_0_y"": 430, ""last_y"": 252, ""sample_4_y"": 252, ""sample_2_y"": 308, ""sample_1_x"": 588, ""sample_3_time"": 218, ""sample_2_x"": 625, ""sample_1_time"": 84, ""sample_4_x"": 687, ""first_time"": 19, ""sample_1_y"": 346, ""sample_3_x"": 670, ""sample_3_y"": 269}",Q1 (0-90<U+00B0>),Q1 (0-90<U+00B0>),TRUE,TRUE,Correct,45,1.7357045899999974,1.7357045899999974,1.7357045899999974,1.7357045899999974,TRUE
164914,19,righth,2,yes,0,"""5-10""",91,45,40.8281666,1382,417,"{""sample_4_time"": 417, ""sample_0_x"": 513, ""count"": 25, ""last_y"": 276, ""sample_1_y"": 385, ""sample_3_x"": 667, ""sample_1_time"": 117, ""sample_0_time"": 16, ""sample_1_x"": 571, ""last_x"": 707, ""sample_2_x"": 620, ""first_time"": 16, ""sample_0_y"": 440, ""last_time"": 417, ""sample_3_y"": 302, ""first_x"": 513, ""sample_2_y"": 339, ""sample_4_y"": 276, ""sample_3_time"": 317, ""sample_2_time"": 217, ""first_y"": 440, ""sample_4_x"": 707}",Q1 (0-90<U+00B0>),Q1 (0-90<U+00B0>),TRUE,TRUE,Correct,45,4.171833399999997,4.171833399999997,4.171833399999997,4.171833399999997,TRUE
164914,19,righth,2,yes,0,"""5-10""",92,45,43.68610698,6335,249,"{""sample_3_y"": 288, ""sample_3_time"": 200, ""sample_0_y"": 448, ""sample_1_y"": 406, ""sample_4_time"": 248, ""last_x"": 702, ""sample_1_x"": 541, ""sample_1_time"": 66, ""sample_4_y"": 260, ""sample_0_x"": 498, ""sample_4_x"": 702, ""sample_2_y"": 330, ""count"": 15, ""first_time"": 16, ""first_x"": 498, ""first_y"": 448, ""sample_2_time"": 132, ""sample_0_time"": 16, ""sample_3_x"": 671, ""last_time"": 248, ""last_y"": 260, ""sample_2_x"": 618}",Q1 (0-90<U+00B0>),Q1 (0-90<U+00B0>),TRUE,TRUE,Correct,45,1.3138930200000019,1.3138930200000019,1.3138930200000019,1.3138930200000019,TRUE
164914,19,righth,2,yes,0,"""5-10""",93,135,46.71177818,983,249,"{""last_y"": 249, ""sample_1_y"": 351, ""sample_2_y"": 305, ""sample_4_y"": 249, ""first_y"": 401, ""sample_2_time"": 133, ""sample_3_x"": 664, ""sample_0_time"": 18, ""sample_4_time"": 249, ""sample_1_time"": 68, ""sample_2_x"": 628, ""sample_3_time"": 200, ""first_x"": 542, ""sample_0_x"": 542, ""last_time"": 249, ""first_time"": 18, ""last_x"": 690, ""sample_3_y"": 273, ""sample_0_y"": 401, ""count"": 15, ""sample_1_x"": 584, ""sample_4_x"": 690}",Q2 (90-180<U+00B0>),Q1 (0-90<U+00B0>),FALSE,TRUE,Formant,45,1.7117781800000031,1.7117781800000031,88.28822181999999,88.28822181999999,FALSE
164914,19,righth,2,yes,0,"""5-10""",94,225,136.3322199,580,450,"{""sample_0_x"": 415, ""first_y"": 428, ""sample_3_x"": 285, ""count"": 27, ""sample_1_time"": 116, ""sample_0_time"": 19, ""first_time"": 19, ""sample_1_y"": 369, ""sample_1_x"": 354, ""sample_2_y"": 320, ""sample_2_time"": 233, ""sample_4_x"": 259, ""sample_4_time"": 450, ""last_x"": 259, ""sample_0_y"": 428, ""first_x"": 415, ""sample_3_time"": 350, ""sample_3_y"": 286, ""last_time"": 450, ""sample_2_x"": 311, ""sample_4_y"": 263, ""last_y"": 263}",Q3 (180-270<U+00B0>),Q2 (90-180<U+00B0>),TRUE,FALSE,Frequency,135,1.3322199000000126,1.3322199000000126,88.66778009999999,88.66778009999999,FALSE
164914,19,righth,2,yes,0,"""5-10""",95,225,308.5108336,510,167,"{""count"": 10, ""first_time"": 17, ""last_time"": 167, ""first_y"": 548, ""last_y"": 708, ""first_x"": 540, ""last_x"": 666}",Q3 (180-270<U+00B0>),Q4 (270-360<U+00B0>),FALSE,TRUE,Formant,315,6.489166399999988,6.489166399999988,83.51083360000001,83.51083360000001,FALSE
164914,19,righth,2,yes,0,"""5-10""",96,315,311.3477772,856,118,"{""first_x"": 541, ""last_y"": 698, ""last_time"": 117, ""first_time"": 20, ""last_x"": 677, ""count"": 7, ""first_y"": 537}",Q4 (270-360<U+00B0>),Q4 (270-360<U+00B0>),TRUE,TRUE,Correct,315,3.652222800000004,3.652222800000004,3.652222800000004,3.652222800000004,TRUE
164914,19,righth,2,yes,0,"""5-10""",97,315,221.3477772,94,534,"{""first_time"": 18, ""first_x"": 441, ""sample_4_time"": 534, ""count"": 32, ""sample_1_time"": 151, ""sample_2_time"": 285, ""sample_0_y"": 509, ""sample_0_x"": 441, ""sample_1_x"": 351, ""sample_3_time"": 417, ""last_y"": 671, ""sample_4_y"": 671, ""last_time"": 534, ""sample_1_y"": 570, ""sample_2_y"": 605, ""first_y"": 509, ""sample_3_x"": 294, ""last_x"": 254, ""sample_4_x"": 254, ""sample_2_x"": 318, ""sample_3_y"": 635, ""sample_0_time"": 18}",Q4 (270-360<U+00B0>),Q3 (180-270<U+00B0>),FALSE,TRUE,Formant,225,3.652222800000004,3.652222800000004,93.6522228,93.6522228,FALSE
164914,19,righth,2,yes,0,"""5-10""",98,135,45.52323458,541,584,"{""last_time"": 584, ""sample_1_x"": 556, ""sample_2_y"": 340, ""sample_2_x"": 599, ""last_x"": 696, ""sample_0_time"": 17, ""sample_3_y"": 288, ""sample_1_y"": 381, ""sample_0_y"": 450, ""sample_4_y"": 252, ""sample_3_x"": 651, ""sample_4_time"": 584, ""first_y"": 450, ""sample_1_time"": 150, ""first_time"": 17, ""last_y"": 252, ""sample_3_time"": 451, ""sample_2_time"": 300, ""sample_0_x"": 493, ""count"": 35, ""sample_4_x"": 696, ""first_x"": 493}",Q2 (90-180<U+00B0>),Q1 (0-90<U+00B0>),FALSE,TRUE,Formant,45,0.5232345800000004,0.5232345800000004,89.47676541999999,89.47676541999999,FALSE
164914,19,righth,2,yes,0,"""5-10""",99,315,224.8664436,910,501,"{""first_x"": 443, ""sample_1_time"": 83, ""sample_3_x"": 291, ""sample_2_time"": 151, ""last_y"": 687, ""first_y"": 513, ""sample_1_x"": 357, ""sample_0_y"": 513, ""sample_2_x"": 302, ""sample_3_y"": 663, ""sample_1_y"": 583, ""sample_4_time"": 501, ""sample_4_y"": 687, ""sample_0_time"": 19, ""last_time"": 501, ""count"": 16, ""first_time"": 19, ""last_x"": 264, ""sample_4_x"": 264, ""sample_2_y"": 640, ""sample_0_x"": 443, ""sample_3_time"": 218}",Q4 (270-360<U+00B0>),Q3 (180-270<U+00B0>),FALSE,TRUE,Formant,225,0.13355640000000335,0.13355640000000335,90.1335564,90.1335564,FALSE
164914,19,righth,2,yes,0,"""5-10""",100,135,43.27234483,962,334,"{""count"": 20, ""sample_0_x"": 519, ""sample_2_time"": 183, ""sample_4_time"": 333, ""sample_4_x"": 701, ""sample_3_x"": 676, ""first_time"": 17, ""sample_3_time"": 267, ""first_x"": 519, ""sample_1_x"": 590, ""sample_2_x"": 637, ""sample_3_y"": 284, ""last_time"": 333, ""first_y"": 434, ""sample_1_y"": 364, ""sample_2_y"": 321, ""sample_0_time"": 17, ""last_x"": 701, ""sample_0_y"": 434, ""sample_4_y"": 264, ""last_y"": 264, ""sample_1_time"": 99}",Q2 (90-180<U+00B0>),Q1 (0-90<U+00B0>),FALSE,TRUE,Formant,45,1.7276551699999985,1.7276551699999985,91.72765516999999,91.72765516999999,FALSE
164965,19,righth,2,yes,5,"""10+""",21,315,223.6852457,3158,1266,"{""first_y"": 341, ""first_x"": 627, ""sample_1_y"": 364, ""sample_0_y"": 341, ""sample_2_x"": 562, ""sample_0_time"": 18, ""sample_4_x"": 484, ""sample_3_x"": 526, ""last_time"": 1266, ""sample_3_y"": 450, ""first_time"": 18, ""sample_2_y"": 415, ""sample_1_x"": 605, ""last_y"": 488, ""last_x"": 484, ""sample_1_time"": 383, ""sample_4_y"": 488, ""sample_3_time"": 1000, ""count"": 68, ""sample_0_x"": 627, ""sample_2_time"": 716, ""sample_4_time"": 1266}",Q4 (270-360<U+00B0>),Q3 (180-270<U+00B0>),FALSE,TRUE,Formant,225,1.3147543000000042,1.3147543000000042,91.3147543,91.3147543,FALSE
164965,19,righth,2,yes,5,"""10+""",22,135,47.6195488,3147,1121,"{""first_time"": 16, ""sample_2_y"": 257, ""count"": 67, ""first_y"": 326, ""sample_0_y"": 326, ""last_x"": 786, ""sample_4_time"": 1120, ""sample_0_x"": 649, ""sample_1_time"": 286, ""sample_2_time"": 570, ""sample_0_time"": 16, ""sample_1_y"": 301, ""last_time"": 1120, ""last_y"": 179, ""sample_4_y"": 179, ""sample_3_y"": 216, ""sample_1_x"": 665, ""sample_2_x"": 699, ""sample_3_time"": 854, ""first_x"": 649, ""sample_3_x"": 741, ""sample_4_x"": 786}",Q2 (90-180<U+00B0>),Q1 (0-90<U+00B0>),FALSE,TRUE,Formant,45,2.619548799999997,2.619548799999997,87.38045120000001,87.38045120000001,FALSE
164965,19,righth,2,yes,5,"""10+""",23,135,46.11601039,3595,1255,"{""first_y"": 325, ""last_y"": 182, ""sample_4_y"": 182, ""count"": 73, ""sample_2_time"": 655, ""sample_4_time"": 1255, ""sample_0_x"": 648, ""sample_3_time"": 955, ""sample_1_x"": 660, ""sample_4_x"": 791, ""sample_0_time"": 17, ""sample_3_x"": 746, ""last_time"": 1255, ""first_time"": 17, ""sample_2_x"": 707, ""sample_2_y"": 270, ""first_x"": 648, ""last_x"": 791, ""sample_1_time"": 355, ""sample_3_y"": 232, ""sample_1_y"": 312, ""sample_0_y"": 325}",Q2 (90-180<U+00B0>),Q1 (0-90<U+00B0>),FALSE,TRUE,Formant,45,1.1160103899999996,1.1160103899999996,88.88398961,88.88398961,FALSE
164965,19,righth,2,yes,5,"""10+""",24,315,221.6335393,3181,1456,"{""last_x"": 478, ""sample_1_y"": 374, ""sample_1_time"": 421, ""sample_0_y"": 351, ""sample_1_x"": 601, ""sample_2_time"": 772, ""sample_4_y"": 483, ""first_y"": 351, ""sample_4_x"": 478, ""count"": 84, ""first_x"": 630, ""sample_0_time"": 17, ""sample_2_y"": 405, ""first_time"": 17, ""sample_3_time"": 1121, ""sample_4_time"": 1455, ""sample_3_x"": 518, ""sample_3_y"": 445, ""last_y"": 483, ""sample_2_x"": 566, ""sample_0_x"": 630, ""last_time"": 1455}",Q4 (270-360<U+00B0>),Q3 (180-270<U+00B0>),FALSE,TRUE,Formant,225,3.3664607000000046,3.3664607000000046,93.3664607,93.3664607,FALSE
164965,19,righth,2,yes,5,"""10+""",25,45,137.6025622,3397,1305,"{""sample_1_time"": 338, ""sample_0_x"": 624, ""first_x"": 624, ""sample_4_time"": 1305, ""count"": 78, ""last_y"": 192, ""sample_3_y"": 249, ""sample_3_time"": 988, ""sample_1_y"": 319, ""sample_0_y"": 333, ""sample_2_time"": 671, ""sample_0_time"": 16, ""sample_3_x"": 537, ""last_time"": 1305, ""first_time"": 16, ""sample_4_y"": 192, ""sample_1_x"": 606, ""sample_2_x"": 571, ""sample_2_y"": 286, ""last_x"": 479, ""first_y"": 333, ""sample_4_x"": 479}",Q1 (0-90<U+00B0>),Q2 (90-180<U+00B0>),FALSE,TRUE,Formant,135,2.602562199999994,2.602562199999994,92.6025622,92.6025622,FALSE
164965,19,righth,2,yes,5,"""10+""",26,225,315.3769405,3114,1201,"{""sample_3_y"": 459, ""sample_0_x"": 653, ""sample_4_time"": 1200, ""sample_1_x"": 681, ""sample_2_x"": 717, ""sample_0_y"": 354, ""last_y"": 490, ""sample_4_y"": 490, ""last_time"": 1200, ""sample_2_y"": 412, ""count"": 72, ""first_time"": 17, ""sample_4_x"": 793, ""sample_2_time"": 617, ""sample_1_y"": 378, ""sample_3_time"": 917, ""first_y"": 354, ""sample_0_time"": 17, ""first_x"": 653, ""sample_3_x"": 763, ""sample_1_time"": 316, ""last_x"": 793}",Q3 (180-270<U+00B0>),Q4 (270-360<U+00B0>),FALSE,TRUE,Formant,315,0.37694049999998924,0.37694049999998924,90.37694049999999,90.37694049999999,FALSE
164965,19,righth,2,yes,5,"""10+""",27,315,315.1866305,3091,1208,"{""first_y"": 349, ""sample_2_y"": 423, ""sample_3_x"": 765, ""first_time"": 19, ""sample_1_y"": 376, ""sample_3_y"": 463, ""last_time"": 1208, ""sample_4_y"": 492, ""count"": 72, ""sample_4_time"": 1208, ""sample_2_time"": 623, ""sample_4_x"": 794, ""sample_1_time"": 323, ""sample_3_time"": 924, ""sample_2_x"": 730, ""sample_0_time"": 19, ""sample_1_x"": 685, ""sample_0_y"": 349, ""last_y"": 492, ""first_x"": 651, ""last_x"": 794, ""sample_0_x"": 651}",Q4 (270-360<U+00B0>),Q4 (270-360<U+00B0>),TRUE,TRUE,Correct,315,0.18663049999997838,0.18663049999997838,0.18663049999997838,0.18663049999997838,TRUE
164965,19,righth,2,yes,5,"""10+""",28,225,318.564639,3344,1351,"{""sample_4_time"": 1350, ""last_y"": 482, ""first_x"": 652, ""count"": 81, ""sample_3_y"": 456, ""sample_0_time"": 18, ""sample_3_time"": 1017, ""sample_2_time"": 685, ""sample_2_x"": 727, ""sample_0_y"": 350, ""sample_4_y"": 482, ""first_y"": 350, ""sample_4_x"": 802, ""sample_1_time"": 351, ""last_x"": 802, ""first_time"": 18, ""sample_2_y"": 419, ""sample_0_x"": 652, ""sample_3_x"": 769, ""last_time"": 1350, ""sample_1_x"": 674, ""sample_1_y"": 370}",Q3 (180-270<U+00B0>),Q4 (270-360<U+00B0>),FALSE,TRUE,Formant,315,3.5646389999999997,3.5646389999999997,93.564639,93.564639,FALSE
164965,19,righth,2,yes,5,"""10+""",29,225,315.7538483,3357,854,"{""sample_2_time"": 437, ""first_time"": 16, ""sample_0_y"": 353, ""sample_1_time"": 221, ""sample_3_x"": 742, ""sample_4_x"": 794, ""sample_4_y"": 489, ""sample_0_time"": 16, ""sample_1_x"": 694, ""last_x"": 794, ""sample_0_x"": 655, ""sample_2_x"": 706, ""last_time"": 853, ""last_y"": 489, ""sample_2_y"": 409, ""first_x"": 655, ""sample_4_time"": 853, ""sample_3_y"": 446, ""first_y"": 353, ""sample_1_y"": 385, ""sample_3_time"": 653, ""count"": 51}",Q3 (180-270<U+00B0>),Q4 (270-360<U+00B0>),FALSE,TRUE,Formant,315,0.7538483000000156,0.7538483000000156,90.75384830000002,90.75384830000002,FALSE
164965,19,righth,2,yes,5,"""10+""",30,45,46.31475429,3452,1609,"{""first_x"": 649, ""sample_0_y"": 327, ""sample_2_time"": 857, ""sample_1_time"": 474, ""sample_1_y"": 303, ""count"": 91, ""sample_3_time"": 1240, ""last_y"": 183, ""sample_0_time"": 16, ""sample_3_x"": 750, ""sample_2_y"": 272, ""sample_2_x"": 697, ""first_time"": 16, ""first_y"": 327, ""sample_4_y"": 183, ""sample_1_x"": 665, ""sample_4_time"": 1608, ""sample_0_x"": 649, ""sample_4_x"": 789, ""last_x"": 789, ""last_time"": 1608, ""sample_3_y"": 223}",Q1 (0-90<U+00B0>),Q1 (0-90<U+00B0>),TRUE,TRUE,Correct,45,1.3147542900000033,1.3147542900000033,1.3147542900000033,1.3147542900000033,TRUE
164965,19,righth,2,yes,5,"""10+""",31,45,41.9872125,3386,1574,"{""sample_0_time"": 16, ""last_x"": 800, ""sample_2_y"": 277, ""sample_1_x"": 682, ""first_time"": 16, ""last_time"": 1574, ""last_y"": 195, ""sample_0_x"": 655, ""sample_4_y"": 195, ""count"": 89, ""sample_1_y"": 307, ""sample_0_y"": 330, ""sample_2_time"": 840, ""sample_3_y"": 237, ""first_y"": 330, ""sample_4_time"": 1574, ""sample_3_x"": 759, ""sample_4_x"": 800, ""sample_3_time"": 1207, ""sample_1_time"": 474, ""sample_2_x"": 720, ""first_x"": 655}",Q1 (0-90<U+00B0>),Q1 (0-90<U+00B0>),TRUE,TRUE,Correct,45,3.0127875000000017,3.0127875000000017,3.0127875000000017,3.0127875000000017,TRUE
164965,19,righth,2,yes,5,"""10+""",32,135,133.5121325,3342,1222,"{""sample_2_time"": 621, ""first_y"": 330, ""sample_3_y"": 224, ""sample_0_y"": 330, ""sample_1_y"": 317, ""count"": 73, ""sample_2_x"": 568, ""sample_4_time"": 1221, ""sample_1_time"": 320, ""sample_2_y"": 274, ""last_y"": 181, ""last_x"": 490, ""sample_4_x"": 490, ""sample_3_time"": 921, ""sample_4_y"": 181, ""first_time"": 16, ""first_x"": 625, ""sample_3_x"": 526, ""sample_1_x"": 610, ""sample_0_x"": 625, ""last_time"": 1221, ""sample_0_time"": 16}",Q2 (90-180<U+00B0>),Q2 (90-180<U+00B0>),TRUE,TRUE,Correct,135,1.487867499999993,1.487867499999993,1.487867499999993,1.487867499999993,TRUE
164965,19,righth,2,yes,5,"""10+""",33,225,222.9344901,2926,1138,"{""first_x"": 627, ""sample_4_time"": 1137, ""last_time"": 1137, ""sample_2_y"": 423, ""sample_2_x"": 546, ""sample_1_time"": 303, ""count"": 68, ""last_x"": 482, ""sample_4_y"": 486, ""sample_1_x"": 596, ""sample_0_y"": 351, ""first_time"": 17, ""sample_0_x"": 627, ""last_y"": 486, ""sample_1_y"": 379, ""sample_0_time"": 17, ""sample_3_time"": 870, ""first_y"": 351, ""sample_3_x"": 508, ""sample_4_x"": 482, ""sample_2_time"": 587, ""sample_3_y"": 459}",Q3 (180-270<U+00B0>),Q3 (180-270<U+00B0>),TRUE,TRUE,Correct,225,2.065509899999995,2.065509899999995,2.065509899999995,2.065509899999995,TRUE
164965,19,righth,2,yes,5,"""10+""",34,45,44.62305952,3111,1337,"{""sample_1_time"": 371, ""last_time"": 1337, ""sample_0_time"": 15, ""sample_2_y"": 265, ""count"": 78, ""sample_1_y"": 303, ""sample_2_x"": 715, ""sample_0_x"": 650, ""first_y"": 328, ""last_x"": 793, ""sample_2_time"": 703, ""sample_3_x"": 757, ""sample_1_x"": 674, ""sample_4_y"": 188, ""first_time"": 15, ""sample_4_x"": 793, ""sample_3_y"": 224, ""first_x"": 650, ""sample_0_y"": 328, ""sample_3_time"": 1020, ""sample_4_time"": 1337, ""last_y"": 188}",Q1 (0-90<U+00B0>),Q1 (0-90<U+00B0>),TRUE,TRUE,Correct,45,0.3769404800000018,0.3769404800000018,0.3769404800000018,0.3769404800000018,TRUE
164965,19,righth,2,yes,5,"""10+""",35,315,317.4406379,2996,1240,"{""sample_2_y"": 418, ""sample_4_time"": 1240, ""sample_0_y"": 353, ""sample_2_time"": 639, ""sample_4_x"": 799, ""last_x"": 799, ""sample_0_x"": 648, ""sample_3_time"": 939, ""first_time"": 17, ""sample_3_x"": 766, ""sample_3_y"": 453, ""sample_1_y"": 379, ""sample_1_time"": 324, ""last_time"": 1240, ""first_x"": 648, ""sample_2_x"": 729, ""last_y"": 485, ""count"": 74, ""sample_4_y"": 485, ""first_y"": 353, ""sample_0_time"": 17, ""sample_1_x"": 678}",Q4 (270-360<U+00B0>),Q4 (270-360<U+00B0>),TRUE,TRUE,Correct,315,2.440637900000013,2.440637900000013,2.440637900000013,2.440637900000013,TRUE
164965,19,righth,2,yes,5,"""10+""",36,315,319.7166908,3198,1271,"{""count"": 76, ""last_time"": 1270, ""sample_4_y"": 478, ""sample_2_time"": 653, ""sample_1_y"": 368, ""sample_1_time"": 336, ""first_time"": 15, ""sample_1_x"": 670, ""sample_3_x"": 767, ""sample_3_y"": 446, ""sample_4_time"": 1270, ""sample_0_time"": 15, ""sample_0_x"": 650, ""first_y"": 350, ""sample_2_x"": 716, ""sample_4_x"": 804, ""sample_3_time"": 970, ""last_x"": 804, ""first_x"": 650, ""sample_0_y"": 350, ""sample_2_y"": 406, ""last_y"": 478}",Q4 (270-360<U+00B0>),Q4 (270-360<U+00B0>),TRUE,TRUE,Correct,315,4.716690799999981,4.716690799999981,4.716690799999981,4.716690799999981,TRUE
164965,19,righth,2,yes,5,"""10+""",37,315,316.871745,3134,1188,"{""sample_4_x"": 798, ""sample_0_y"": 339, ""sample_1_x"": 666, ""sample_3_x"": 765, ""sample_4_time"": 1187, ""sample_3_y"": 454, ""sample_4_y"": 487, ""sample_0_x"": 654, ""sample_2_x"": 704, ""first_x"": 654, ""last_time"": 1187, ""last_y"": 487, ""sample_0_time"": 16, ""count"": 70, ""last_x"": 798, ""first_time"": 16, ""sample_3_time"": 903, ""sample_1_y"": 349, ""sample_1_time"": 321, ""sample_2_time"": 621, ""sample_2_y"": 396, ""first_y"": 339}",Q4 (270-360<U+00B0>),Q4 (270-360<U+00B0>),TRUE,TRUE,Correct,315,1.8717449999999758,1.8717449999999758,1.8717449999999758,1.8717449999999758,TRUE
164965,19,righth,2,yes,5,"""10+""",38,315,316.871745,2978,1188,"{""sample_3_y"": 462, ""sample_0_y"": 349, ""sample_3_x"": 768, ""sample_4_y"": 487, ""count"": 71, ""sample_1_x"": 676, ""sample_2_time"": 604, ""sample_0_time"": 16, ""sample_4_x"": 798, ""sample_1_time"": 304, ""sample_2_x"": 725, ""sample_3_time"": 903, ""last_x"": 798, ""first_time"": 16, ""first_x"": 652, ""sample_4_time"": 1187, ""sample_0_x"": 652, ""last_time"": 1187, ""first_y"": 349, ""last_y"": 487, ""sample_2_y"": 426, ""sample_1_y"": 377}",Q4 (270-360<U+00B0>),Q4 (270-360<U+00B0>),TRUE,TRUE,Correct,315,1.8717449999999758,1.8717449999999758,1.8717449999999758,1.8717449999999758,TRUE
164965,19,righth,2,yes,5,"""10+""",39,135,45.37447689,3295,1188,"{""sample_2_y"": 263, ""sample_1_x"": 676, ""first_y"": 330, ""count"": 71, ""last_time"": 1187, ""sample_1_y"": 302, ""sample_4_time"": 1187, ""sample_2_x"": 716, ""sample_4_y"": 185, ""sample_3_x"": 761, ""sample_0_time"": 17, ""sample_0_x"": 652, ""sample_1_time"": 303, ""last_y"": 185, ""sample_4_x"": 792, ""sample_0_y"": 330, ""first_x"": 652, ""sample_3_time"": 904, ""sample_2_time"": 603, ""first_time"": 17, ""sample_3_y"": 220, ""last_x"": 792}",Q2 (90-180<U+00B0>),Q1 (0-90<U+00B0>),FALSE,TRUE,Formant,45,0.37447688999999684,0.37447688999999684,89.62552311,89.62552311,FALSE
164965,19,righth,2,yes,5,"""10+""",40,315,314.8133695,2833,1151,"{""sample_4_time"": 1151, ""sample_3_y"": 464, ""sample_1_time"": 301, ""sample_2_y"": 422, ""sample_3_x"": 766, ""sample_0_time"": 17, ""sample_1_y"": 386, ""sample_0_y"": 353, ""last_y"": 493, ""sample_4_y"": 493, ""first_y"": 353, ""sample_3_time"": 868, ""last_time"": 1151, ""sample_2_x"": 714, ""sample_2_time"": 585, ""sample_4_x"": 793, ""count"": 69, ""sample_1_x"": 670, ""sample_0_x"": 637, ""last_x"": 793, ""first_time"": 17, ""first_x"": 637}",Q4 (270-360<U+00B0>),Q4 (270-360<U+00B0>),TRUE,TRUE,Correct,315,0.18663049999997838,0.18663049999997838,0.18663049999997838,0.18663049999997838,TRUE
164965,19,righth,2,yes,5,"""10+""",41,135,135.1878543,2971,1055,"{""sample_4_y"": 187, ""sample_4_x"": 487, ""first_x"": 627, ""sample_1_y"": 301, ""sample_3_x"": 517, ""sample_2_x"": 563, ""last_time"": 1055, ""sample_1_x"": 600, ""sample_0_y"": 322, ""first_time"": 16, ""sample_3_y"": 226, ""sample_0_time"": 16, ""last_x"": 487, ""sample_2_time"": 538, ""sample_4_time"": 1055, ""last_y"": 187, ""sample_2_y"": 272, ""sample_0_x"": 627, ""first_y"": 322, ""sample_3_time"": 805, ""sample_1_time"": 271, ""count"": 63}",Q2 (90-180<U+00B0>),Q2 (90-180<U+00B0>),TRUE,TRUE,Correct,135,0.18785429999999792,0.18785429999999792,0.18785429999999792,0.18785429999999792,TRUE
164965,19,righth,2,yes,5,"""10+""",42,45,38.41087812,2946,1505,"{""sample_2_time"": 770, ""sample_4_y"": 205, ""sample_0_y"": 342, ""last_time"": 1505, ""sample_3_y"": 261, ""sample_1_x"": 688, ""first_x"": 655, ""sample_3_time"": 1137, ""first_time"": 17, ""sample_3_x"": 783, ""sample_1_time"": 387, ""first_y"": 342, ""sample_2_x"": 740, ""sample_4_time"": 1505, ""sample_4_x"": 809, ""sample_1_y"": 331, ""count"": 90, ""last_x"": 809, ""sample_2_y"": 301, ""sample_0_time"": 17, ""sample_0_x"": 655, ""last_y"": 205}",Q1 (0-90<U+00B0>),Q1 (0-90<U+00B0>),TRUE,TRUE,Correct,45,6.58912188,6.58912188,6.58912188,6.58912188,TRUE
164965,19,righth,2,yes,5,"""10+""",43,45,39.1964245,3181,1687,"{""sample_3_y"": 266, ""sample_1_time"": 537, ""sample_2_time"": 920, ""first_x"": 657, ""sample_2_y"": 297, ""first_time"": 16, ""sample_1_y"": 322, ""last_x"": 808, ""sample_0_x"": 657, ""count"": 93, ""last_time"": 1687, ""sample_0_y"": 337, ""sample_1_x"": 684, ""last_y"": 202, ""sample_2_x"": 717, ""first_y"": 337, ""sample_4_y"": 202, ""sample_3_x"": 750, ""sample_0_time"": 16, ""sample_3_time"": 1304, ""sample_4_x"": 808, ""sample_4_time"": 1687}",Q1 (0-90<U+00B0>),Q1 (0-90<U+00B0>),TRUE,TRUE,Correct,45,5.803575500000001,5.803575500000001,5.803575500000001,5.803575500000001,TRUE
164965,19,righth,2,yes,5,"""10+""",44,45,40.48601154,2860,1004,"{""sample_2_y"": 288, ""sample_3_y"": 248, ""sample_3_x"": 758, ""first_x"": 652, ""sample_1_y"": 313, ""sample_0_time"": 16, ""first_y"": 330, ""first_time"": 16, ""count"": 60, ""sample_0_y"": 330, ""sample_4_x"": 804, ""sample_4_y"": 199, ""sample_3_time"": 771, ""sample_1_x"": 679, ""sample_2_time"": 520, ""last_x"": 804, ""sample_2_x"": 713, ""last_y"": 199, ""sample_0_x"": 652, ""sample_4_time"": 1004, ""sample_1_time"": 270, ""last_time"": 1004}",Q1 (0-90<U+00B0>),Q1 (0-90<U+00B0>),TRUE,TRUE,Correct,45,4.51398846,4.51398846,4.51398846,4.51398846,TRUE
164965,19,righth,2,yes,5,"""10+""",45,225,311.0612609,2748,838,"{""sample_3_x"": 741, ""sample_4_y"": 502, ""count"": 50, ""sample_4_x"": 782, ""sample_2_y"": 429, ""first_time"": 16, ""sample_1_y"": 389, ""sample_0_x"": 641, ""first_y"": 360, ""last_x"": 782, ""sample_2_time"": 438, ""sample_0_y"": 360, ""sample_0_time"": 16, ""last_time"": 838, ""sample_3_y"": 466, ""sample_3_time"": 637, ""sample_4_time"": 838, ""sample_1_x"": 663, ""first_x"": 641, ""last_y"": 502, ""sample_1_time"": 221, ""sample_2_x"": 703}",Q3 (180-270<U+00B0>),Q4 (270-360<U+00B0>),FALSE,TRUE,Formant,315,3.9387391000000207,3.9387391000000207,86.06126089999998,86.06126089999998,FALSE
164965,19,righth,2,yes,5,"""10+""",46,135,137.0520654,2639,783,"{""sample_4_x"": 481, ""last_x"": 481, ""sample_2_y"": 271, ""first_y"": 326, ""sample_4_time"": 783, ""sample_3_time"": 600, ""sample_2_time"": 400, ""sample_3_y"": 235, ""last_y"": 191, ""sample_4_y"": 191, ""count"": 47, ""sample_0_x"": 626, ""first_x"": 626, ""sample_2_x"": 557, ""sample_1_time"": 200, ""sample_1_x"": 602, ""sample_0_time"": 17, ""sample_1_y"": 305, ""first_time"": 17, ""sample_0_y"": 326, ""sample_3_x"": 520, ""last_time"": 783}",Q2 (90-180<U+00B0>),Q2 (90-180<U+00B0>),TRUE,TRUE,Correct,135,2.0520654000000036,2.0520654000000036,2.0520654000000036,2.0520654000000036,TRUE
164965,19,righth,2,yes,5,"""10+""",47,45,38.0831628,2951,1173,"{""sample_2_y"": 323, ""sample_4_x"": 811, ""sample_3_y"": 291, ""last_y"": 205, ""sample_3_x"": 740, ""sample_1_y"": 338, ""first_x"": 659, ""last_time"": 1173, ""sample_0_x"": 659, ""first_y"": 344, ""sample_4_y"": 205, ""sample_0_time"": 17, ""last_x"": 811, ""sample_4_time"": 1173, ""sample_0_y"": 344, ""sample_1_time"": 390, ""sample_2_x"": 702, ""sample_2_time"": 657, ""count"": 64, ""sample_3_time"": 923, ""sample_1_x"": 679, ""first_time"": 17}",Q1 (0-90<U+00B0>),Q1 (0-90<U+00B0>),TRUE,TRUE,Correct,45,6.916837200000003,6.916837200000003,6.916837200000003,6.916837200000003,TRUE
164965,19,righth,2,yes,5,"""10+""",48,135,51.2156359,2631,921,"{""sample_1_y"": 285, ""sample_0_time"": 17, ""last_y"": 171, ""sample_2_x"": 681, ""count"": 55, ""last_time"": 920, ""sample_1_x"": 659, ""first_y"": 321, ""sample_0_x"": 644, ""sample_4_time"": 920, ""sample_2_y"": 255, ""sample_3_x"": 725, ""sample_1_time"": 237, ""sample_3_y"": 211, ""sample_4_y"": 171, ""sample_3_time"": 704, ""first_time"": 17, ""sample_2_time"": 471, ""first_x"": 644, ""sample_4_x"": 775, ""sample_0_y"": 321, ""last_x"": 775}",Q2 (90-180<U+00B0>),Q1 (0-90<U+00B0>),FALSE,TRUE,Formant,45,6.215635900000002,6.215635900000002,83.7843641,83.7843641,FALSE
164965,19,righth,2,yes,5,"""10+""",49,225,222.3974378,2897,1137,"{""sample_4_time"": 1137, ""first_time"": 16, ""sample_0_y"": 347, ""last_x"": 479, ""count"": 68, ""sample_1_time"": 303, ""sample_0_time"": 16, ""sample_1_x"": 599, ""sample_2_time"": 586, ""sample_1_y"": 376, ""sample_3_y"": 458, ""sample_2_y"": 413, ""last_time"": 1137, ""last_y"": 486, ""sample_3_x"": 516, ""sample_4_y"": 486, ""sample_4_x"": 479, ""sample_0_x"": 625, ""sample_2_x"": 562, ""sample_3_time"": 869, ""first_y"": 347, ""first_x"": 625}",Q3 (180-270<U+00B0>),Q3 (180-270<U+00B0>),TRUE,TRUE,Correct,225,2.602562199999994,2.602562199999994,2.602562199999994,2.602562199999994,TRUE
164965,19,righth,2,yes,5,"""10+""",50,135,135.5562522,3026,1305,"{""last_x"": 484, ""sample_0_y"": 344, ""sample_4_y"": 186, ""sample_1_x"": 602, ""last_y"": 186, ""sample_0_x"": 625, ""count"": 78, ""sample_3_time"": 988, ""sample_3_y"": 254, ""first_x"": 625, ""first_y"": 344, ""sample_1_y"": 331, ""sample_2_y"": 313, ""last_time"": 1304, ""sample_3_x"": 528, ""sample_2_time"": 671, ""sample_1_time"": 338, ""sample_2_x"": 576, ""sample_4_x"": 484, ""first_time"": 16, ""sample_4_time"": 1304, ""sample_0_time"": 16}",Q2 (90-180<U+00B0>),Q2 (90-180<U+00B0>),TRUE,TRUE,Correct,135,0.5562521999999888,0.5562521999999888,0.5562521999999888,0.5562521999999888,TRUE
164965,19,righth,2,yes,5,"""10+""",51,315,324.833564,3368,1672,"{""sample_0_x"": 650, ""sample_2_y"": 416, ""first_time"": 16, ""sample_2_time"": 855, ""sample_1_y"": 376, ""sample_3_time"": 1272, ""count"": 100, ""sample_4_y"": 463, ""sample_2_x"": 730, ""last_x"": 816, ""first_y"": 349, ""sample_4_time"": 1671, ""sample_0_y"": 349, ""first_x"": 650, ""last_time"": 1671, ""sample_1_time"": 438, ""sample_0_time"": 16, ""last_y"": 463, ""sample_3_x"": 787, ""sample_3_y"": 451, ""sample_4_x"": 816, ""sample_1_x"": 680}",Q4 (270-360<U+00B0>),Q4 (270-360<U+00B0>),TRUE,TRUE,Correct,315,9.833564000000024,9.833564000000024,9.833564000000024,9.833564000000024,TRUE
164965,19,righth,2,yes,5,"""10+""",52,135,130.2833092,3168,1539,"{""sample_2_time"": 805, ""count"": 89, ""last_time"": 1538, ""sample_4_time"": 1538, ""sample_4_x"": 501, ""sample_2_x"": 548, ""sample_0_x"": 623, ""first_x"": 623, ""first_y"": 334, ""sample_3_x"": 514, ""sample_1_y"": 316, ""last_y"": 175, ""sample_2_y"": 279, ""sample_4_y"": 175, ""sample_1_x"": 597, ""sample_0_y"": 334, ""sample_3_time"": 1172, ""sample_0_time"": 15, ""first_time"": 15, ""sample_3_y"": 231, ""sample_1_time"": 439, ""last_x"": 501}",Q2 (90-180<U+00B0>),Q2 (90-180<U+00B0>),TRUE,TRUE,Correct,135,4.716690800000009,4.716690800000009,4.716690800000009,4.716690800000009,TRUE
164965,19,righth,2,yes,5,"""10+""",53,225,223.8766973,2797,1106,"{""last_y"": 489, ""sample_3_y"": 453, ""last_time"": 1105, ""sample_1_y"": 377, ""first_x"": 622, ""sample_2_time"": 604, ""sample_2_y"": 414, ""last_x"": 484, ""sample_4_x"": 484, ""sample_3_x"": 526, ""sample_1_x"": 597, ""sample_3_time"": 854, ""sample_0_x"": 622, ""sample_0_time"": 16, ""first_y"": 354, ""sample_2_x"": 564, ""sample_4_y"": 489, ""sample_4_time"": 1105, ""sample_1_time"": 271, ""count"": 62, ""sample_0_y"": 354, ""first_time"": 16}",Q3 (180-270<U+00B0>),Q3 (180-270<U+00B0>),TRUE,TRUE,Correct,225,1.1233027000000106,1.1233027000000106,1.1233027000000106,1.1233027000000106,TRUE
164965,19,righth,2,yes,5,"""10+""",54,135,141.4234704,2824,1555,"{""last_x"": 472, ""sample_4_y"": 205, ""sample_2_x"": 557, ""last_time"": 1555, ""first_x"": 623, ""sample_0_x"": 623, ""sample_1_x"": 600, ""sample_3_y"": 260, ""first_time"": 16, ""first_y"": 344, ""sample_2_y"": 309, ""sample_3_x"": 512, ""sample_0_time"": 16, ""sample_3_time"": 1171, ""sample_4_x"": 472, ""last_y"": 205, ""sample_0_y"": 344, ""sample_2_time"": 788, ""count"": 93, ""sample_1_time"": 404, ""sample_1_y"": 335, ""sample_4_time"": 1555}",Q2 (90-180<U+00B0>),Q2 (90-180<U+00B0>),TRUE,TRUE,Correct,135,6.423470400000014,6.423470400000014,6.423470400000014,6.423470400000014,TRUE
164965,19,righth,2,yes,5,"""10+""",55,225,223.6852457,3015,1139,"{""sample_4_y"": 488, ""sample_1_y"": 367, ""first_y"": 345, ""sample_0_x"": 626, ""sample_0_time"": 17, ""sample_4_time"": 1138, ""sample_2_y"": 398, ""sample_2_x"": 577, ""first_time"": 17, ""sample_0_y"": 345, ""sample_3_y"": 452, ""sample_4_x"": 484, ""count"": 65, ""first_x"": 626, ""last_x"": 484, ""sample_3_x"": 529, ""sample_1_time"": 339, ""last_time"": 1138, ""sample_3_time"": 871, ""sample_1_x"": 609, ""sample_2_time"": 605, ""last_y"": 488}",Q3 (180-270<U+00B0>),Q3 (180-270<U+00B0>),TRUE,TRUE,Correct,225,1.3147543000000042,1.3147543000000042,1.3147543000000042,1.3147543000000042,TRUE
164965,19,righth,2,yes,5,"""10+""",56,315,312.3632416,3347,2927,"{""count"": 155, ""sample_2_x"": 706, ""sample_0_time"": 17, ""sample_4_y"": 498, ""sample_3_y"": 460, ""sample_2_y"": 410, ""last_x"": 785, ""first_time"": 17, ""sample_1_y"": 364, ""sample_1_time"": 993, ""sample_0_y"": 346, ""sample_0_x"": 651, ""sample_2_time"": 1643, ""last_y"": 498, ""sample_3_time"": 2294, ""sample_4_x"": 785, ""last_time"": 2927, ""sample_3_x"": 748, ""sample_4_time"": 2927, ""first_y"": 346, ""sample_1_x"": 665, ""first_x"": 651}",Q4 (270-360<U+00B0>),Q4 (270-360<U+00B0>),TRUE,TRUE,Correct,315,2.6367584000000193,2.6367584000000193,2.6367584000000193,2.6367584000000193,TRUE
164965,19,righth,2,yes,5,"""10+""",57,45,37.29391048,2981,1774,"{""sample_1_y"": 328, ""first_time"": 15, ""last_y"": 208, ""sample_2_y"": 317, ""last_time"": 1774, ""count"": 96, ""sample_2_time"": 974, ""first_x"": 654, ""sample_3_y"": 281, ""sample_4_time"": 1774, ""last_x"": 812, ""sample_1_time"": 540, ""first_y"": 338, ""sample_0_time"": 15, ""sample_3_x"": 749, ""sample_4_y"": 208, ""sample_2_x"": 698, ""sample_4_x"": 812, ""sample_1_x"": 677, ""sample_0_x"": 654, ""sample_0_y"": 338, ""sample_3_time"": 1391}",Q1 (0-90<U+00B0>),Q1 (0-90<U+00B0>),TRUE,TRUE,Correct,45,7.706089519999999,7.706089519999999,7.706089519999999,7.706089519999999,TRUE
164965,19,righth,2,yes,5,"""10+""",58,315,309.4367912,2769,135,"{""last_x"": 779, ""last_time"": 134, ""first_y"": 365, ""count"": 8, ""first_time"": 17, ""first_x"": 661, ""last_y"": 508}",Q4 (270-360<U+00B0>),Q4 (270-360<U+00B0>),TRUE,TRUE,Correct,315,5.563208799999984,5.563208799999984,5.563208799999984,5.563208799999984,TRUE
164965,19,righth,2,yes,5,"""10+""",59,135,42.93449008,2955,1703,"{""sample_4_y"": 192, ""sample_3_y"": 243, ""sample_3_time"": 1303, ""sample_4_time"": 1703, ""sample_0_x"": 653, ""sample_0_time"": 15, ""first_y"": 341, ""first_time"": 15, ""sample_0_y"": 341, ""last_y"": 192, ""sample_3_x"": 762, ""sample_1_time"": 469, ""sample_2_x"": 717, ""sample_1_x"": 678, ""sample_4_x"": 798, ""sample_1_y"": 324, ""count"": 99, ""first_x"": 653, ""last_time"": 1703, ""sample_2_y"": 290, ""sample_2_time"": 886, ""last_x"": 798}",Q2 (90-180<U+00B0>),Q1 (0-90<U+00B0>),FALSE,TRUE,Formant,45,2.0655099199999967,2.0655099199999967,92.06550992,92.06550992,FALSE
164965,19,righth,2,yes,5,"""10+""",60,225,313.4925642,2994,1704,"{""sample_3_y"": 453, ""sample_4_y"": 495, ""sample_4_x"": 788, ""last_time"": 1703, ""sample_2_x"": 674, ""sample_2_time"": 886, ""sample_3_x"": 726, ""sample_1_time"": 469, ""sample_1_y"": 364, ""sample_1_x"": 650, ""last_y"": 495, ""sample_2_y"": 398, ""sample_4_time"": 1703, ""sample_3_time"": 1302, ""last_x"": 788, ""first_time"": 15, ""first_y"": 353, ""count"": 99, ""sample_0_time"": 15, ""first_x"": 643, ""sample_0_y"": 353, ""sample_0_x"": 643}",Q3 (180-270<U+00B0>),Q4 (270-360<U+00B0>),FALSE,TRUE,Formant,315,1.507435799999996,1.507435799999996,88.4925642,88.4925642,FALSE
164965,19,righth,2,yes,5,"""10+""",61,45,38.03795373,2994,1645,"{""sample_3_x"": 769, ""count"": 86, ""sample_0_time"": 16, ""last_y"": 206, ""last_time"": 1645, ""sample_1_y"": 318, ""sample_1_x"": 684, ""sample_3_y"": 251, ""sample_0_y"": 336, ""sample_3_time"": 1295, ""sample_0_x"": 658, ""sample_1_time"": 528, ""sample_4_x"": 810, ""sample_2_y"": 290, ""sample_2_x"": 724, ""sample_2_time"": 945, ""first_y"": 336, ""first_time"": 16, ""sample_4_y"": 206, ""last_x"": 810, ""sample_4_time"": 1645, ""first_x"": 658}",Q1 (0-90<U+00B0>),Q1 (0-90<U+00B0>),TRUE,TRUE,Correct,45,6.962046270000002,6.962046270000002,6.962046270000002,6.962046270000002,TRUE
164965,19,righth,2,yes,5,"""10+""",62,135,140.6359407,2911,1373,"{""sample_2_time"": 705, ""last_y"": 202, ""sample_2_y"": 305, ""sample_0_y"": 344, ""sample_1_y"": 334, ""sample_2_x"": 560, ""first_x"": 626, ""count"": 81, ""sample_1_time"": 371, ""sample_0_time"": 17, ""sample_3_x"": 517, ""last_x"": 473, ""last_time"": 1373, ""first_y"": 344, ""sample_4_time"": 1373, ""sample_4_y"": 202, ""first_time"": 17, ""sample_1_x"": 601, ""sample_4_x"": 473, ""sample_0_x"": 626, ""sample_3_y"": 263, ""sample_3_time"": 1039}",Q2 (90-180<U+00B0>),Q2 (90-180<U+00B0>),TRUE,TRUE,Correct,135,5.635940699999992,5.635940699999992,5.635940699999992,5.635940699999992,TRUE
164965,19,righth,2,yes,5,"""10+""",63,225,226.4878675,2727,1270,"{""last_y"": 497, ""sample_4_time"": 1270, ""sample_4_x"": 490, ""sample_1_x"": 633, ""sample_4_y"": 497, ""last_time"": 1270, ""first_time"": 17, ""first_y"": 354, ""sample_2_time"": 653, ""sample_2_x"": 589, ""sample_1_y"": 370, ""sample_1_time"": 336, ""sample_0_y"": 354, ""sample_0_time"": 17, ""sample_3_x"": 539, ""sample_0_x"": 642, ""count"": 75, ""sample_3_y"": 460, ""first_x"": 642, ""sample_3_time"": 970, ""last_x"": 490, ""sample_2_y"": 412}",Q3 (180-270<U+00B0>),Q3 (180-270<U+00B0>),TRUE,TRUE,Correct,225,1.487867499999993,1.487867499999993,1.487867499999993,1.487867499999993,TRUE
164965,19,righth,2,yes,5,"""10+""",64,315,314.4364531,3129,1204,"{""sample_0_y"": 353, ""sample_4_y"": 493, ""sample_4_time"": 1204, ""sample_3_time"": 937, ""sample_1_time"": 370, ""sample_0_time"": 16, ""sample_1_x"": 655, ""sample_4_x"": 791, ""last_time"": 1204, ""count"": 68, ""last_x"": 791, ""sample_3_y"": 459, ""sample_1_y"": 366, ""sample_2_time"": 653, ""first_y"": 353, ""first_x"": 645, ""sample_3_x"": 740, ""last_y"": 493, ""first_time"": 16, ""sample_2_y"": 410, ""sample_2_x"": 692, ""sample_0_x"": 645}",Q4 (270-360<U+00B0>),Q4 (270-360<U+00B0>),TRUE,TRUE,Correct,315,0.5635469000000057,0.5635469000000057,0.5635469000000057,0.5635469000000057,TRUE
164965,19,righth,2,yes,5,"""10+""",65,45,40.65913994,2900,1640,"{""last_y"": 199, ""sample_2_time"": 855, ""last_x"": 803, ""sample_0_x"": 653, ""sample_1_time"": 455, ""sample_1_y"": 319, ""sample_3_x"": 761, ""sample_3_time"": 1255, ""sample_2_y"": 292, ""first_y"": 336, ""sample_2_x"": 715, ""sample_4_y"": 199, ""sample_1_x"": 680, ""sample_4_x"": 803, ""sample_4_time"": 1639, ""last_time"": 1639, ""sample_0_time"": 17, ""first_x"": 653, ""sample_3_y"": 251, ""count"": 96, ""sample_0_y"": 336, ""first_time"": 17}",Q1 (0-90<U+00B0>),Q1 (0-90<U+00B0>),TRUE,TRUE,Correct,45,4.340860059999997,4.340860059999997,4.340860059999997,4.340860059999997,TRUE
164965,19,righth,2,yes,5,"""10+""",66,135,39.53289841,3046,953,"{""count"": 54, ""sample_0_y"": 337, ""first_y"": 337, ""sample_1_y"": 326, ""first_x"": 654, ""sample_3_time"": 736, ""sample_4_x"": 806, ""sample_2_y"": 290, ""last_y"": 202, ""sample_1_x"": 672, ""last_x"": 806, ""sample_4_time"": 953, ""sample_0_time"": 15, ""sample_3_x"": 765, ""sample_4_y"": 202, ""sample_0_x"": 654, ""first_time"": 15, ""sample_1_time"": 286, ""sample_2_time"": 519, ""sample_2_x"": 719, ""last_time"": 953, ""sample_3_y"": 250}",Q2 (90-180<U+00B0>),Q1 (0-90<U+00B0>),FALSE,TRUE,Formant,45,5.467101589999999,5.467101589999999,95.46710159,95.46710159,FALSE
164965,19,righth,2,yes,5,"""10+""",67,45,43.71883831,2880,437,"{""sample_1_x"": 691, ""sample_2_y"": 265, ""sample_1_time"": 121, ""sample_4_y"": 186, ""last_x"": 800, ""sample_0_y"": 330, ""sample_4_time"": 437, ""last_y"": 186, ""sample_3_x"": 769, ""first_time"": 16, ""first_x"": 654, ""sample_0_x"": 654, ""sample_3_y"": 224, ""sample_2_x"": 728, ""first_y"": 330, ""count"": 26, ""sample_0_time"": 16, ""sample_4_x"": 800, ""sample_2_time"": 237, ""sample_3_time"": 336, ""last_time"": 437, ""sample_1_y"": 296}",Q1 (0-90<U+00B0>),Q1 (0-90<U+00B0>),TRUE,TRUE,Correct,45,1.2811616899999976,1.2811616899999976,1.2811616899999976,1.2811616899999976,TRUE
164965,19,righth,2,yes,5,"""10+""",68,45,34.64490878,2581,254,"{""sample_2_x"": 746, ""last_time"": 253, ""sample_2_time"": 138, ""sample_4_time"": 253, ""sample_1_x"": 705, ""sample_4_x"": 818, ""first_y"": 337, ""last_y"": 216, ""last_x"": 818, ""sample_3_x"": 782, ""first_time"": 17, ""sample_3_y"": 266, ""sample_4_y"": 216, ""sample_3_time"": 204, ""count"": 15, ""sample_0_y"": 337, ""first_x"": 662, ""sample_0_time"": 17, ""sample_2_y"": 296, ""sample_1_time"": 73, ""sample_0_x"": 662, ""sample_1_y"": 318}",Q1 (0-90<U+00B0>),Q1 (0-90<U+00B0>),TRUE,TRUE,Correct,45,10.355091219999998,10.355091219999998,10.355091219999998,10.355091219999998,TRUE
164965,19,righth,2,yes,5,"""10+""",69,135,142.0334165,2763,1087,"{""sample_0_x"": 622, ""sample_2_time"": 553, ""first_x"": 622, ""sample_3_y"": 250, ""sample_4_x"": 467, ""sample_2_y"": 294, ""sample_4_time"": 1087, ""first_time"": 15, ""last_x"": 467, ""sample_3_x"": 498, ""sample_1_time"": 286, ""last_time"": 1087, ""sample_4_y"": 204, ""sample_0_time"": 15, ""sample_0_y"": 343, ""count"": 65, ""last_y"": 204, ""sample_2_x"": 539, ""sample_1_y"": 325, ""first_y"": 343, ""sample_3_time"": 820, ""sample_1_x"": 582}",Q2 (90-180<U+00B0>),Q2 (90-180<U+00B0>),TRUE,TRUE,Correct,135,7.033416499999987,7.033416499999987,7.033416499999987,7.033416499999987,TRUE
164965,19,righth,2,yes,5,"""10+""",70,45,38.65980825,3059,2109,"{""first_time"": 16, ""sample_3_y"": 260, ""first_x"": 655, ""last_time"": 2108, ""sample_3_time"": 1623, ""sample_1_y"": 328, ""sample_4_x"": 810, ""count"": 120, ""first_y"": 339, ""sample_0_y"": 339, ""sample_2_x"": 724, ""sample_1_time"": 623, ""sample_2_y"": 300, ""sample_4_y"": 203, ""last_y"": 203, ""last_x"": 810, ""sample_1_x"": 682, ""sample_2_time"": 1124, ""sample_4_time"": 2108, ""sample_3_x"": 768, ""sample_0_time"": 16, ""sample_0_x"": 655}",Q1 (0-90<U+00B0>),Q1 (0-90<U+00B0>),TRUE,TRUE,Correct,45,6.3401917500000025,6.3401917500000025,6.3401917500000025,6.3401917500000025,TRUE
164965,19,righth,2,yes,5,"""10+""",71,45,37.45507096,2978,1666,"{""first_time"": 16, ""last_x"": 811, ""sample_0_x"": 655, ""count"": 96, ""sample_2_x"": 718, ""sample_4_time"": 1666, ""last_y"": 208, ""sample_3_x"": 758, ""sample_1_time"": 483, ""sample_0_time"": 16, ""sample_4_y"": 208, ""sample_3_y"": 262, ""sample_2_time"": 883, ""sample_0_y"": 343, ""sample_3_time"": 1283, ""sample_2_y"": 300, ""last_time"": 1666, ""sample_1_y"": 335, ""first_x"": 655, ""first_y"": 343, ""sample_4_x"": 811, ""sample_1_x"": 673}",Q1 (0-90<U+00B0>),Q1 (0-90<U+00B0>),TRUE,TRUE,Correct,45,7.5449290399999995,7.5449290399999995,7.5449290399999995,7.5449290399999995,TRUE
164965,19,righth,2,yes,5,"""10+""",72,225,316.5074358,2826,1405,"{""sample_1_y"": 366, ""sample_2_x"": 742, ""count"": 84, ""last_x"": 796, ""first_x"": 653, ""sample_0_y"": 346, ""first_y"": 346, ""last_time"": 1404, ""sample_0_time"": 16, ""sample_1_x"": 697, ""sample_4_time"": 1404, ""sample_0_x"": 653, ""sample_2_time"": 721, ""sample_2_y"": 405, ""sample_4_y"": 487, ""sample_3_time"": 1070, ""sample_3_y"": 447, ""sample_3_x"": 777, ""last_y"": 487, ""first_time"": 16, ""sample_1_time"": 370, ""sample_4_x"": 796}",Q3 (180-270<U+00B0>),Q4 (270-360<U+00B0>),FALSE,TRUE,Formant,315,1.507435799999996,1.507435799999996,91.5074358,91.5074358,FALSE
164965,19,righth,2,yes,5,"""10+""",73,315,314.6255231,3131,1205,"{""first_y"": 352, ""last_time"": 1205, ""sample_1_y"": 377, ""sample_0_x"": 648, ""sample_4_x"": 792, ""sample_1_x"": 670, ""sample_4_time"": 1205, ""last_y"": 493, ""first_time"": 17, ""sample_3_x"": 748, ""count"": 72, ""sample_4_y"": 493, ""sample_2_y"": 417, ""sample_2_time"": 621, ""sample_2_x"": 708, ""sample_3_time"": 922, ""sample_1_time"": 322, ""sample_0_y"": 352, ""sample_3_y"": 458, ""first_x"": 648, ""last_x"": 792, ""sample_0_time"": 17}",Q4 (270-360<U+00B0>),Q4 (270-360<U+00B0>),TRUE,TRUE,Correct,315,0.37447689999999056,0.37447689999999056,0.37447689999999056,0.37447689999999056,TRUE
164965,19,righth,2,yes,5,"""10+""",74,315,315.7538483,2913,1322,"{""sample_0_time"": 16, ""sample_4_y"": 489, ""sample_4_x"": 794, ""sample_1_y"": 369, ""count"": 78, ""sample_2_y"": 434, ""sample_4_time"": 1321, ""sample_0_x"": 651, ""sample_0_y"": 348, ""sample_1_x"": 669, ""sample_3_y"": 458, ""first_y"": 348, ""first_x"": 651, ""sample_2_time"": 687, ""last_y"": 489, ""sample_1_time"": 355, ""sample_3_x"": 758, ""first_time"": 16, ""sample_3_time"": 1004, ""sample_2_x"": 732, ""last_x"": 794, ""last_time"": 1321}",Q4 (270-360<U+00B0>),Q4 (270-360<U+00B0>),TRUE,TRUE,Correct,315,0.7538483000000156,0.7538483000000156,0.7538483000000156,0.7538483000000156,TRUE
164965,19,righth,2,yes,5,"""10+""",75,45,39.77180811,151,3777,"{""sample_2_y"": 339, ""sample_3_time"": 3376, ""sample_0_y"": 340, ""sample_2_time"": 2970, ""first_y"": 340, ""count"": 99, ""last_y"": 200, ""first_x"": 625, ""sample_1_time"": 691, ""last_x"": 807, ""sample_2_x"": 643, ""last_time"": 3777, ""first_time"": 16, ""sample_1_y"": 344, ""sample_4_y"": 200, ""sample_1_x"": 637, ""sample_0_time"": 16, ""sample_4_x"": 807, ""sample_3_y"": 271, ""sample_3_x"": 727, ""sample_4_time"": 3777, ""sample_0_x"": 625}",Q1 (0-90<U+00B0>),Q1 (0-90<U+00B0>),TRUE,TRUE,Correct,45,5.228191889999998,5.228191889999998,5.228191889999998,5.228191889999998,TRUE
164965,19,righth,2,yes,5,"""10+""",76,315,313.4925642,2747,1106,"{""last_x"": 788, ""sample_1_y"": 380, ""sample_0_x"": 639, ""first_x"": 639, ""last_y"": 495, ""sample_2_time"": 573, ""sample_4_y"": 495, ""sample_3_x"": 753, ""sample_4_x"": 788, ""count"": 66, ""last_time"": 1106, ""sample_3_time"": 840, ""sample_0_time"": 16, ""sample_3_y"": 471, ""sample_1_x"": 657, ""sample_4_time"": 1106, ""sample_1_time"": 294, ""first_time"": 16, ""sample_2_x"": 710, ""sample_2_y"": 441, ""first_y"": 353, ""sample_0_y"": 353}",Q4 (270-360<U+00B0>),Q4 (270-360<U+00B0>),TRUE,TRUE,Correct,315,1.507435799999996,1.507435799999996,1.507435799999996,1.507435799999996,TRUE
164965,19,righth,2,yes,5,"""10+""",77,45,42.57524296,2831,1238,"{""last_y"": 192, ""sample_3_y"": 243, ""first_y"": 332, ""last_time"": 1238, ""sample_3_x"": 765, ""last_x"": 800, ""sample_1_time"": 321, ""sample_2_y"": 284, ""first_time"": 16, ""sample_2_x"": 729, ""first_x"": 657, ""sample_4_time"": 1238, ""count"": 74, ""sample_4_y"": 192, ""sample_3_time"": 938, ""sample_0_x"": 657, ""sample_1_y"": 310, ""sample_1_x"": 695, ""sample_4_x"": 800, ""sample_0_time"": 16, ""sample_2_time"": 637, ""sample_0_y"": 332}",Q1 (0-90<U+00B0>),Q1 (0-90<U+00B0>),TRUE,TRUE,Correct,45,2.424757040000003,2.424757040000003,2.424757040000003,2.424757040000003,TRUE
164965,19,righth,2,yes,5,"""10+""",78,135,141.1751936,2703,1187,"{""sample_2_y"": 303, ""last_time"": 1187, ""sample_2_time"": 603, ""sample_0_y"": 330, ""last_y"": 203, ""sample_0_x"": 628, ""last_x"": 471, ""sample_4_y"": 203, ""sample_3_y"": 265, ""sample_4_time"": 1187, ""sample_1_time"": 304, ""sample_0_time"": 16, ""sample_2_x"": 553, ""first_y"": 330, ""sample_1_y"": 325, ""sample_3_x"": 506, ""first_x"": 628, ""sample_4_x"": 471, ""sample_3_time"": 904, ""sample_1_x"": 601, ""count"": 71, ""first_time"": 16}",Q2 (90-180<U+00B0>),Q2 (90-180<U+00B0>),TRUE,TRUE,Correct,135,6.1751936,6.1751936,6.1751936,6.1751936,TRUE
164965,19,righth,2,yes,5,"""10+""",79,315,312.2386778,2664,722,"{""sample_3_y"": 446, ""sample_0_x"": 648, ""sample_4_y"": 502, ""sample_4_x"": 788, ""sample_1_x"": 664, ""sample_1_time"": 187, ""sample_2_x"": 679, ""first_y"": 360, ""sample_0_y"": 360, ""sample_1_y"": 391, ""sample_2_y"": 410, ""last_time"": 721, ""sample_0_time"": 16, ""sample_3_time"": 553, ""first_x"": 648, ""last_y"": 502, ""count"": 43, ""first_time"": 16, ""sample_4_time"": 721, ""sample_2_time"": 370, ""last_x"": 788, ""sample_3_x"": 714}",Q4 (270-360<U+00B0>),Q4 (270-360<U+00B0>),TRUE,TRUE,Correct,315,2.761322199999995,2.761322199999995,2.761322199999995,2.761322199999995,TRUE
164965,19,righth,2,yes,5,"""10+""",80,315,327.9380563,2627,1074,"{""sample_1_x"": 696, ""last_x"": 822, ""sample_4_time"": 1074, ""first_x"": 660, ""first_time"": 16, ""sample_1_time"": 291, ""sample_0_y"": 342, ""last_y"": 453, ""sample_2_y"": 379, ""first_y"": 342, ""sample_4_x"": 822, ""sample_0_x"": 660, ""sample_4_y"": 453, ""sample_3_y"": 419, ""sample_3_x"": 796, ""last_time"": 1074, ""sample_1_y"": 350, ""sample_2_time"": 557, ""sample_2_x"": 753, ""count"": 64, ""sample_0_time"": 16, ""sample_3_time"": 823}",Q4 (270-360<U+00B0>),Q4 (270-360<U+00B0>),TRUE,TRUE,Correct,315,12.938056300000028,12.938056300000028,12.938056300000028,12.938056300000028,TRUE
164965,19,righth,2,yes,5,"""10+""",81,225,217.6656212,2562,1355,"{""sample_2_y"": 370, ""sample_0_time"": 17, ""first_y"": 339, ""first_x"": 623, ""sample_3_time"": 1022, ""sample_0_y"": 339, ""sample_1_time"": 355, ""count"": 81, ""sample_4_time"": 1355, ""sample_4_x"": 469, ""sample_3_y"": 411, ""sample_3_x"": 495, ""sample_2_time"": 689, ""last_y"": 471, ""sample_4_y"": 471, ""first_time"": 17, ""sample_0_x"": 623, ""sample_1_y"": 342, ""last_time"": 1355, ""sample_2_x"": 525, ""sample_1_x"": 576, ""last_x"": 469}",Q3 (180-270<U+00B0>),Q3 (180-270<U+00B0>),TRUE,TRUE,Correct,225,7.334378799999996,7.334378799999996,7.334378799999996,7.334378799999996,TRUE
164965,19,righth,2,yes,5,"""10+""",82,135,152.3652349,2581,1122,"{""sample_2_y"": 314, ""sample_3_y"": 287, ""sample_1_x"": 585, ""sample_3_time"": 856, ""count"": 67, ""sample_3_x"": 486, ""sample_2_time"": 572, ""last_x"": 449, ""sample_4_x"": 449, ""sample_1_y"": 331, ""last_time"": 1122, ""sample_4_y"": 239, ""first_y"": 334, ""first_x"": 621, ""sample_0_time"": 17, ""first_time"": 17, ""sample_2_x"": 525, ""sample_0_y"": 334, ""sample_0_x"": 621, ""sample_1_time"": 292, ""sample_4_time"": 1122, ""last_y"": 239}",Q2 (90-180<U+00B0>),Q2 (90-180<U+00B0>),TRUE,TRUE,Correct,135,17.36523489999999,17.36523489999999,17.36523489999999,17.36523489999999,TRUE
164965,19,righth,2,yes,5,"""10+""",83,225,210.3712199,2661,940,"{""sample_0_time"": 16, ""sample_0_x"": 624, ""sample_1_time"": 256, ""sample_0_y"": 340, ""sample_4_y"": 448, ""sample_2_y"": 375, ""sample_3_time"": 721, ""sample_1_y"": 347, ""last_time"": 939, ""sample_2_x"": 523, ""first_y"": 340, ""count"": 56, ""last_x"": 454, ""sample_4_x"": 454, ""last_y"": 448, ""sample_3_x"": 484, ""sample_2_time"": 489, ""sample_1_x"": 582, ""sample_4_time"": 939, ""first_x"": 624, ""sample_3_y"": 409, ""first_time"": 16}",Q3 (180-270<U+00B0>),Q3 (180-270<U+00B0>),TRUE,TRUE,Correct,225,14.6287801,14.6287801,14.6287801,14.6287801,TRUE
164965,19,righth,2,yes,5,"""10+""",84,135,123.2470677,3150,2775,"{""sample_3_x"": 511, ""sample_2_y"": 299, ""sample_3_y"": 242, ""sample_2_time"": 1473, ""first_y"": 345, ""sample_1_time"": 790, ""sample_2_x"": 530, ""sample_4_x"": 522, ""first_time"": 15, ""sample_4_time"": 2774, ""first_x"": 626, ""sample_0_x"": 626, ""sample_3_time"": 2141, ""last_x"": 522, ""last_time"": 2774, ""sample_4_y"": 159, ""sample_0_y"": 345, ""sample_0_time"": 15, ""sample_1_y"": 329, ""last_y"": 159, ""count"": 156, ""sample_1_x"": 565}",Q2 (90-180<U+00B0>),Q2 (90-180<U+00B0>),TRUE,TRUE,Correct,135,11.752932299999998,11.752932299999998,11.752932299999998,11.752932299999998,TRUE
164965,19,righth,2,yes,5,"""10+""",85,315,323.1301024,2897,1454,"{""first_time"": 17, ""sample_0_y"": 338, ""sample_3_x"": 780, ""sample_3_y"": 422, ""sample_3_time"": 1105, ""last_y"": 468, ""sample_2_time"": 754, ""sample_1_y"": 342, ""count"": 86, ""sample_2_x"": 723, ""last_time"": 1454, ""sample_4_y"": 468, ""sample_4_x"": 812, ""sample_0_x"": 656, ""sample_0_time"": 17, ""first_y"": 338, ""sample_1_time"": 388, ""last_x"": 812, ""sample_2_y"": 367, ""sample_1_x"": 675, ""sample_4_time"": 1454, ""first_x"": 656}",Q4 (270-360<U+00B0>),Q4 (270-360<U+00B0>),TRUE,TRUE,Correct,315,8.130102399999998,8.130102399999998,8.130102399999998,8.130102399999998,TRUE
164965,19,righth,2,yes,5,"""10+""",86,225,297.9650767,2712,1205,"{""first_y"": 354, ""sample_3_time"": 920, ""sample_0_time"": 17, ""sample_3_y"": 473, ""sample_4_x"": 743, ""sample_1_y"": 376, ""sample_0_y"": 354, ""count"": 72, ""last_x"": 743, ""sample_2_y"": 414, ""sample_1_time"": 320, ""sample_4_y"": 533, ""sample_1_x"": 633, ""first_time"": 17, ""sample_3_x"": 663, ""sample_2_time"": 621, ""sample_0_x"": 639, ""first_x"": 639, ""last_time"": 1204, ""sample_2_x"": 632, ""last_y"": 533, ""sample_4_time"": 1204}",Q3 (180-270<U+00B0>),Q4 (270-360<U+00B0>),FALSE,TRUE,Formant,315,17.034923300000003,17.034923300000003,72.9650767,72.9650767,FALSE
164965,19,righth,2,yes,5,"""10+""",87,135,144.7697001,2927,1188,"{""sample_3_x"": 504, ""last_time"": 1188, ""count"": 71, ""sample_3_time"": 904, ""sample_1_x"": 598, ""sample_2_time"": 605, ""first_time"": 17, ""sample_0_time"": 17, ""sample_1_time"": 305, ""sample_3_y"": 290, ""sample_4_x"": 463, ""sample_2_y"": 333, ""sample_2_x"": 553, ""sample_0_x"": 626, ""last_y"": 214, ""sample_4_y"": 214, ""first_y"": 346, ""sample_1_y"": 346, ""last_x"": 463, ""sample_4_time"": 1188, ""sample_0_y"": 346, ""first_x"": 626}",Q2 (90-180<U+00B0>),Q2 (90-180<U+00B0>),TRUE,TRUE,Correct,135,9.769700099999994,9.769700099999994,9.769700099999994,9.769700099999994,TRUE
164965,19,righth,2,yes,5,"""10+""",88,225,214.6292585,2994,1037,"{""sample_2_y"": 377, ""count"": 62, ""first_time"": 16, ""first_x"": 626, ""sample_2_x"": 543, ""last_y"": 464, ""sample_3_time"": 787, ""first_y"": 337, ""sample_3_x"": 499, ""sample_1_time"": 274, ""sample_0_time"": 16, ""last_x"": 459, ""sample_2_time"": 537, ""sample_0_x"": 626, ""sample_3_y"": 413, ""last_time"": 1037, ""sample_1_y"": 341, ""sample_0_y"": 337, ""sample_1_x"": 603, ""sample_4_x"": 459, ""sample_4_y"": 464, ""sample_4_time"": 1037}",Q3 (180-270<U+00B0>),Q3 (180-270<U+00B0>),TRUE,TRUE,Correct,225,10.370741500000008,10.370741500000008,10.370741500000008,10.370741500000008,TRUE
164965,19,righth,2,yes,5,"""10+""",89,45,35.23029995,3053,2208,"{""sample_3_x"": 781, ""sample_2_x"": 716, ""sample_2_y"": 339, ""last_time"": 2208, ""sample_3_time"": 1725, ""sample_1_time"": 706, ""sample_2_time"": 1224, ""sample_0_x"": 648, ""last_x"": 817, ""sample_4_y"": 214, ""last_y"": 214, ""sample_1_x"": 679, ""sample_3_y"": 290, ""count"": 119, ""sample_0_time"": 15, ""sample_1_y"": 352, ""sample_0_y"": 350, ""sample_4_time"": 2208, ""sample_4_x"": 817, ""first_x"": 648, ""first_time"": 15, ""first_y"": 350}",Q1 (0-90<U+00B0>),Q1 (0-90<U+00B0>),TRUE,TRUE,Correct,45,9.769700049999997,9.769700049999997,9.769700049999997,9.769700049999997,TRUE
164965,19,righth,2,yes,5,"""10+""",90,45,34.948299660000004,2759,1340,"{""sample_4_time"": 1339, ""count"": 77, ""last_time"": 1339, ""first_y"": 340, ""last_x"": 816, ""sample_2_time"": 707, ""sample_0_x"": 655, ""first_x"": 655, ""sample_0_time"": 15, ""sample_0_y"": 340, ""last_y"": 216, ""sample_4_y"": 216, ""sample_2_y"": 311, ""sample_1_x"": 686, ""sample_3_time"": 1023, ""sample_2_x"": 727, ""sample_1_time"": 390, ""sample_4_x"": 816, ""first_time"": 15, ""sample_1_y"": 333, ""sample_3_x"": 769, ""sample_3_y"": 276}",Q1 (0-90<U+00B0>),Q1 (0-90<U+00B0>),TRUE,TRUE,Correct,45,10.051700339999996,10.051700339999996,10.051700339999996,10.051700339999996,TRUE
164965,19,righth,2,yes,5,"""10+""",91,315,325.2039737,2991,1739,"{""sample_4_time"": 1738, ""sample_0_x"": 655, ""count"": 104, ""last_y"": 462, ""sample_1_y"": 334, ""sample_3_x"": 789, ""sample_1_time"": 455, ""sample_0_time"": 16, ""sample_1_x"": 687, ""last_x"": 817, ""sample_2_x"": 739, ""first_time"": 16, ""sample_0_y"": 334, ""last_time"": 1738, ""sample_3_y"": 409, ""first_x"": 655, ""sample_2_y"": 355, ""sample_4_y"": 462, ""sample_3_time"": 1322, ""sample_2_time"": 888, ""first_y"": 334, ""sample_4_x"": 817}",Q4 (270-360<U+00B0>),Q4 (270-360<U+00B0>),TRUE,TRUE,Correct,315,10.203973700000006,10.203973700000006,10.203973700000006,10.203973700000006,TRUE
164965,19,righth,2,yes,5,"""10+""",92,315,329.2645123,3103,1322,"{""sample_3_y"": 390, ""sample_3_time"": 1005, ""sample_0_y"": 339, ""sample_1_y"": 339, ""sample_4_time"": 1322, ""last_x"": 825, ""sample_1_x"": 673, ""sample_1_time"": 371, ""sample_4_y"": 449, ""sample_0_x"": 657, ""sample_4_x"": 825, ""sample_2_y"": 349, ""count"": 77, ""first_time"": 16, ""first_x"": 657, ""first_y"": 339, ""sample_2_time"": 687, ""sample_0_time"": 16, ""sample_3_x"": 784, ""last_time"": 1322, ""last_y"": 449, ""sample_2_x"": 724}",Q4 (270-360<U+00B0>),Q4 (270-360<U+00B0>),TRUE,TRUE,Correct,315,14.264512299999978,14.264512299999978,14.264512299999978,14.264512299999978,TRUE
164965,19,righth,2,yes,5,"""10+""",93,225,318.3664607,2762,1254,"{""last_y"": 483, ""sample_1_y"": 350, ""sample_2_y"": 389, ""sample_4_y"": 483, ""first_y"": 343, ""sample_2_time"": 637, ""sample_3_x"": 772, ""sample_0_time"": 16, ""sample_4_time"": 1254, ""sample_1_time"": 321, ""sample_2_x"": 731, ""sample_3_time"": 954, ""first_x"": 655, ""sample_0_x"": 655, ""last_time"": 1254, ""first_time"": 16, ""last_x"": 802, ""sample_3_y"": 437, ""sample_0_y"": 343, ""count"": 75, ""sample_1_x"": 683, ""sample_4_x"": 802}",Q3 (180-270<U+00B0>),Q4 (270-360<U+00B0>),FALSE,TRUE,Formant,315,3.3664607000000046,3.3664607000000046,93.3664607,93.3664607,FALSE
164965,19,righth,2,yes,5,"""10+""",94,225,322.3343788,3114,834,"{""sample_0_x"": 655, ""first_y"": 345, ""sample_3_x"": 784, ""count"": 50, ""sample_1_time"": 217, ""sample_0_time"": 16, ""first_time"": 16, ""sample_1_y"": 346, ""sample_1_x"": 673, ""sample_2_y"": 367, ""sample_2_time"": 433, ""sample_4_x"": 811, ""sample_4_time"": 834, ""last_x"": 811, ""sample_0_y"": 345, ""first_x"": 655, ""sample_3_time"": 634, ""sample_3_y"": 418, ""last_time"": 834, ""sample_2_x"": 729, ""sample_4_y"": 471, ""last_y"": 471}",Q3 (180-270<U+00B0>),Q4 (270-360<U+00B0>),FALSE,TRUE,Formant,315,7.3343788000000245,7.3343788000000245,97.33437880000002,97.33437880000002,FALSE
164965,19,righth,2,yes,5,"""10+""",95,135,145.9421854,3325,954,"{""sample_1_y"": 338, ""count"": 54, ""first_time"": 15, ""last_time"": 954, ""sample_0_time"": 15, ""sample_2_time"": 521, ""sample_3_y"": 284, ""sample_3_x"": 510, ""first_y"": 339, ""sample_0_x"": 617, ""sample_3_time"": 737, ""last_y"": 218, ""sample_4_time"": 954, ""first_x"": 617, ""sample_2_y"": 322, ""sample_1_x"": 596, ""last_x"": 461, ""sample_2_x"": 555, ""sample_4_y"": 218, ""sample_0_y"": 339, ""sample_4_x"": 461, ""sample_1_time"": 263}",Q2 (90-180<U+00B0>),Q2 (90-180<U+00B0>),TRUE,TRUE,Correct,135,10.9421854,10.9421854,10.9421854,10.9421854,TRUE
164965,19,righth,2,yes,5,"""10+""",96,225,307.8975144,3117,1945,"{""sample_2_x"": 740, ""sample_3_time"": 1389, ""sample_2_y"": 360, ""sample_4_x"": 777, ""sample_0_y"": 326, ""sample_3_y"": 355, ""sample_2_time"": 886, ""sample_1_x"": 732, ""sample_4_y"": 515, ""sample_0_time"": 16, ""first_x"": 660, ""sample_0_x"": 660, ""sample_1_y"": 345, ""last_y"": 515, ""last_time"": 1945, ""first_time"": 16, ""sample_3_x"": 723, ""last_x"": 777, ""sample_4_time"": 1945, ""count"": 93, ""sample_1_time"": 403, ""first_y"": 326}",Q3 (180-270<U+00B0>),Q4 (270-360<U+00B0>),FALSE,TRUE,Formant,315,7.102485600000023,7.102485600000023,82.89751439999998,82.89751439999998,FALSE
164965,19,righth,2,yes,5,"""10+""",97,225,327.8541174,2778,721,"{""first_time"": 16, ""first_x"": 659, ""sample_4_time"": 721, ""count"": 43, ""sample_1_time"": 188, ""sample_2_time"": 370, ""sample_0_y"": 338, ""sample_0_x"": 659, ""sample_1_x"": 686, ""sample_3_time"": 554, ""last_y"": 454, ""sample_4_y"": 454, ""last_time"": 721, ""sample_1_y"": 338, ""sample_2_y"": 364, ""first_y"": 338, ""sample_3_x"": 801, ""last_x"": 823, ""sample_4_x"": 823, ""sample_2_x"": 747, ""sample_3_y"": 421, ""sample_0_time"": 16}",Q3 (180-270<U+00B0>),Q4 (270-360<U+00B0>),FALSE,TRUE,Formant,315,12.854117400000007,12.854117400000007,102.8541174,102.8541174,FALSE
164965,19,righth,2,yes,5,"""10+""",98,225,310.6874969,2780,1124,"{""last_time"": 1123, ""sample_1_x"": 668, ""sample_2_y"": 398, ""sample_2_x"": 684, ""last_x"": 781, ""sample_0_time"": 17, ""sample_3_y"": 459, ""sample_1_y"": 363, ""sample_0_y"": 346, ""sample_4_y"": 503, ""sample_3_x"": 719, ""sample_4_time"": 1123, ""first_y"": 346, ""sample_1_time"": 290, ""first_time"": 17, ""last_y"": 503, ""sample_3_time"": 855, ""sample_2_time"": 572, ""sample_0_x"": 653, ""count"": 67, ""sample_4_x"": 781, ""first_x"": 653}",Q3 (180-270<U+00B0>),Q4 (270-360<U+00B0>),FALSE,TRUE,Formant,315,4.312503100000015,4.312503100000015,85.68749689999999,85.68749689999999,FALSE
164965,19,righth,2,yes,5,"""10+""",99,45,39.94110196,3145,1976,"{""first_x"": 654, ""sample_1_time"": 558, ""sample_3_x"": 772, ""sample_2_time"": 1076, ""last_y"": 200, ""first_y"": 337, ""sample_1_x"": 676, ""sample_0_y"": 337, ""sample_2_x"": 716, ""sample_3_y"": 280, ""sample_1_y"": 338, ""sample_4_time"": 1975, ""sample_4_y"": 200, ""sample_0_time"": 16, ""last_time"": 1975, ""count"": 109, ""first_time"": 16, ""last_x"": 806, ""sample_4_x"": 806, ""sample_2_y"": 327, ""sample_0_x"": 654, ""sample_3_time"": 1526}",Q1 (0-90<U+00B0>),Q1 (0-90<U+00B0>),TRUE,TRUE,Correct,45,5.0588980400000025,5.0588980400000025,5.0588980400000025,5.0588980400000025,TRUE
164965,19,righth,2,yes,5,"""10+""",100,135,134.4364531,1905,5745,"{""count"": 247, ""sample_0_x"": 641, ""sample_2_time"": 3539, ""sample_4_time"": 5745, ""sample_4_x"": 489, ""sample_3_x"": 631, ""first_time"": 17, ""sample_3_time"": 4572, ""first_x"": 641, ""sample_1_x"": 643, ""sample_2_x"": 590, ""sample_3_y"": 401, ""last_time"": 5745, ""first_y"": 356, ""sample_1_y"": 343, ""sample_2_y"": 332, ""sample_0_time"": 17, ""last_x"": 489, ""sample_0_y"": 356, ""sample_4_y"": 185, ""last_y"": 185, ""sample_1_time"": 2135}",Q2 (90-180<U+00B0>),Q2 (90-180<U+00B0>),TRUE,TRUE,Correct,135,0.5635469000000057,0.5635469000000057,0.5635469000000057,0.5635469000000057,TRUE
165037,18,righth,1,yes,2,"""10+""",21,315,314.1048263,3612,2200,"{""first_y"": 442.5, ""first_x"": 764, ""sample_1_y"": 466.5, ""sample_0_y"": 442.5, ""sample_2_x"": 822, ""sample_0_time"": 8, ""sample_4_x"": 945, ""sample_3_x"": 887, ""last_time"": 2200, ""sample_3_y"": 572.5, ""first_time"": 8, ""sample_2_y"": 513.5, ""sample_1_x"": 790, ""last_y"": 623.5, ""last_x"": 945, ""sample_1_time"": 558, ""sample_4_y"": 623.5, ""sample_3_time"": 1659, ""count"": 264, ""sample_0_x"": 764, ""sample_2_time"": 1109, ""sample_4_time"": 2200}",Q4 (270-360<U+00B0>),Q4 (270-360<U+00B0>),TRUE,TRUE,Correct,315,0.8951736999999866,0.8951736999999866,0.8951736999999866,0.8951736999999866,TRUE
165037,18,righth,1,yes,2,"""10+""",22,135,137.0879838,3325,1773,"{""first_time"": 7, ""sample_2_y"": 344.5, ""count"": 213, ""first_y"": 417.5, ""sample_0_y"": 417.5, ""last_x"": 557, ""sample_4_time"": 1773, ""sample_0_x"": 743, ""sample_1_time"": 448, ""sample_2_time"": 889, ""sample_0_time"": 7, ""sample_1_y"": 375.5, ""last_time"": 1773, ""last_y"": 243.5, ""sample_4_y"": 243.5, ""sample_3_y"": 303.5, ""sample_1_x"": 693, ""sample_2_x"": 656, ""sample_3_time"": 1332, ""first_x"": 743, ""sample_3_x"": 612, ""sample_4_x"": 557}",Q2 (90-180<U+00B0>),Q2 (90-180<U+00B0>),TRUE,TRUE,Correct,135,2.0879837999999893,2.0879837999999893,2.0879837999999893,2.0879837999999893,TRUE
165037,18,righth,1,yes,2,"""10+""",23,315,308.4633664,3193,1800,"{""first_y"": 443.5, ""last_y"": 642.5, ""sample_4_y"": 642.5, ""count"": 216, ""sample_2_time"": 908, ""sample_4_time"": 1800, ""sample_0_x"": 764, ""sample_3_time"": 1358, ""sample_1_x"": 789, ""sample_4_x"": 926, ""sample_0_time"": 8, ""sample_3_x"": 873, ""last_time"": 1800, ""first_time"": 8, ""sample_2_x"": 818, ""sample_2_y"": 526.5, ""first_x"": 764, ""last_x"": 926, ""sample_1_time"": 458, ""sample_3_y"": 594.5, ""sample_1_y"": 476.5, ""sample_0_y"": 443.5}",Q4 (270-360<U+00B0>),Q4 (270-360<U+00B0>),TRUE,TRUE,Correct,315,6.536633600000016,6.536633600000016,6.536633600000016,6.536633600000016,TRUE
165037,18,righth,1,yes,2,"""10+""",24,315,290.7042236,3390,2284,"{""last_x"": 852, ""sample_1_y"": 502.5, ""sample_1_time"": 575, ""sample_0_y"": 444.5, ""sample_1_x"": 754, ""sample_2_time"": 1150, ""sample_4_y"": 682.5, ""first_y"": 444.5, ""sample_4_x"": 852, ""count"": 274, ""first_x"": 750, ""sample_0_time"": 8, ""sample_2_y"": 591.5, ""first_time"": 8, ""sample_3_time"": 1717, ""sample_4_time"": 2283, ""sample_3_x"": 759, ""sample_3_y"": 655.5, ""last_y"": 682.5, ""sample_2_x"": 759, ""sample_0_x"": 750, ""last_time"": 2283}",Q4 (270-360<U+00B0>),Q4 (270-360<U+00B0>),TRUE,TRUE,Correct,315,24.295776400000022,24.295776400000022,24.295776400000022,24.295776400000022,TRUE
165037,18,righth,1,yes,2,"""10+""",25,315,306.3218311,3397,1943,"{""sample_1_time"": 492, ""sample_0_x"": 763, ""first_x"": 763, ""sample_4_time"": 1942, ""count"": 233, ""last_y"": 647.5, ""sample_3_y"": 591.5, ""sample_3_time"": 1459, ""sample_1_y"": 479.5, ""sample_0_y"": 443.5, ""sample_2_time"": 976, ""sample_0_time"": 9, ""sample_3_x"": 862, ""last_time"": 1942, ""first_time"": 9, ""sample_4_y"": 647.5, ""sample_1_x"": 781, ""sample_2_x"": 817, ""sample_2_y"": 530.5, ""last_x"": 917, ""first_y"": 443.5, ""sample_4_x"": 917}",Q4 (270-360<U+00B0>),Q4 (270-360<U+00B0>),TRUE,TRUE,Correct,315,8.678168900000003,8.678168900000003,8.678168900000003,8.678168900000003,TRUE
165037,18,righth,1,yes,2,"""10+""",26,45,45.89053625,3240,1417,"{""sample_3_y"": 281.5, ""sample_0_x"": 769, ""sample_4_time"": 1416, ""sample_1_x"": 804, ""sample_2_x"": 852, ""sample_0_y"": 414.5, ""last_y"": 232.5, ""sample_4_y"": 232.5, ""last_time"": 1416, ""sample_2_y"": 330.5, ""count"": 170, ""first_time"": 8, ""sample_4_x"": 946, ""sample_2_time"": 716, ""sample_1_y"": 384.5, ""sample_3_time"": 1066, ""first_y"": 414.5, ""sample_0_time"": 8, ""first_x"": 769, ""sample_3_x"": 900, ""sample_1_time"": 358, ""last_x"": 946}",Q1 (0-90<U+00B0>),Q1 (0-90<U+00B0>),TRUE,TRUE,Correct,45,0.8905362499999967,0.8905362499999967,0.8905362499999967,0.8905362499999967,TRUE
165037,18,righth,1,yes,2,"""10+""",27,135,137.0879838,2990,1524,"{""first_y"": 416.5, ""sample_2_y"": 332.5, ""sample_3_x"": 582, ""first_time"": 8, ""sample_1_y"": 379.5, ""sample_3_y"": 277.5, ""last_time"": 1524, ""sample_4_y"": 243.5, ""count"": 183, ""sample_4_time"": 1524, ""sample_2_time"": 767, ""sample_4_x"": 557, ""sample_1_time"": 382, ""sample_3_time"": 1150, ""sample_2_x"": 636, ""sample_0_time"": 8, ""sample_1_x"": 692, ""sample_0_y"": 416.5, ""last_y"": 243.5, ""first_x"": 744, ""last_x"": 557, ""sample_0_x"": 744}",Q2 (90-180<U+00B0>),Q2 (90-180<U+00B0>),TRUE,TRUE,Correct,135,2.0879837999999893,2.0879837999999893,2.0879837999999893,2.0879837999999893,TRUE
165037,18,righth,1,yes,2,"""10+""",28,225,225.7440592,2799,1600,"{""sample_4_time"": 1600, ""last_y"": 623.5, ""first_x"": 746, ""count"": 192, ""sample_3_y"": 563.5, ""sample_0_time"": 8, ""sample_3_time"": 1208, ""sample_2_time"": 808, ""sample_2_x"": 654, ""sample_0_y"": 441.5, ""sample_4_y"": 623.5, ""first_y"": 441.5, ""sample_4_x"": 566, ""sample_1_time"": 408, ""last_x"": 566, ""first_time"": 8, ""sample_2_y"": 507.5, ""sample_0_x"": 746, ""sample_3_x"": 607, ""last_time"": 1600, ""sample_1_x"": 707, ""sample_1_y"": 461.5}",Q3 (180-270<U+00B0>),Q3 (180-270<U+00B0>),TRUE,TRUE,Correct,225,0.7440592000000095,0.7440592000000095,0.7440592000000095,0.7440592000000095,TRUE
165037,18,righth,1,yes,2,"""10+""",29,45,45.59680945,2890,1641,"{""sample_2_time"": 825, ""first_time"": 8, ""sample_0_y"": 429.5, ""sample_1_time"": 416, ""sample_3_x"": 914, ""sample_4_x"": 946, ""sample_4_y"": 234.5, ""sample_0_time"": 8, ""sample_1_x"": 817, ""last_x"": 946, ""sample_0_x"": 774, ""sample_2_x"": 870, ""last_time"": 1641, ""last_y"": 234.5, ""sample_2_y"": 347.5, ""first_x"": 774, ""sample_4_time"": 1641, ""sample_3_y"": 280.5, ""first_y"": 429.5, ""sample_1_y"": 409.5, ""sample_3_time"": 1233, ""count"": 197}",Q1 (0-90<U+00B0>),Q1 (0-90<U+00B0>),TRUE,TRUE,Correct,45,0.5968094500000021,0.5968094500000021,0.5968094500000021,0.5968094500000021,TRUE
165037,18,righth,1,yes,2,"""10+""",30,225,227.9814612,3157,1925,"{""first_x"": 753, ""sample_0_y"": 444.5, ""sample_2_time"": 967, ""sample_1_time"": 483, ""sample_1_y"": 484.5, ""count"": 231, ""sample_3_time"": 1450, ""last_y"": 630.5, ""sample_0_time"": 8, ""sample_3_x"": 610, ""sample_2_y"": 542.5, ""sample_2_x"": 670, ""first_time"": 8, ""first_y"": 444.5, ""sample_4_y"": 630.5, ""sample_1_x"": 722, ""sample_4_time"": 1925, ""sample_0_x"": 753, ""sample_4_x"": 574, ""last_x"": 574, ""last_time"": 1925, ""sample_3_y"": 601.5}",Q3 (180-270<U+00B0>),Q3 (180-270<U+00B0>),TRUE,TRUE,Correct,225,2.9814612000000125,2.9814612000000125,2.9814612000000125,2.9814612000000125,TRUE
165037,18,righth,1,yes,2,"""10+""",31,225,236.7195991,3007,1892,"{""sample_0_time"": 8, ""last_x"": 607, ""sample_2_y"": 542.5, ""sample_1_x"": 732, ""first_time"": 8, ""last_time"": 1891, ""last_y"": 655.5, ""sample_0_x"": 758, ""sample_4_y"": 655.5, ""count"": 227, ""sample_1_y"": 485.5, ""sample_0_y"": 444.5, ""sample_2_time"": 950, ""sample_3_y"": 598.5, ""first_y"": 444.5, ""sample_4_time"": 1891, ""sample_3_x"": 650, ""sample_4_x"": 607, ""sample_3_time"": 1425, ""sample_1_time"": 475, ""sample_2_x"": 694, ""first_x"": 758}",Q3 (180-270<U+00B0>),Q3 (180-270<U+00B0>),TRUE,TRUE,Correct,225,11.71959910000001,11.71959910000001,11.71959910000001,11.71959910000001,TRUE
165037,18,righth,1,yes,2,"""10+""",32,135,138.5763344,3206,2226,"{""sample_2_time"": 917, ""first_y"": 422.5, ""sample_3_y"": 313.5, ""sample_0_y"": 422.5, ""sample_1_y"": 403.5, ""count"": 218, ""sample_2_x"": 641, ""sample_4_time"": 2225, ""sample_1_time"": 458, ""sample_2_y"": 365.5, ""last_y"": 248.5, ""last_x"": 552, ""sample_4_x"": 552, ""sample_3_time"": 1367, ""sample_4_y"": 248.5, ""first_time"": 9, ""first_x"": 737, ""sample_3_x"": 594, ""sample_1_x"": 693, ""sample_0_x"": 737, ""last_time"": 2225, ""sample_0_time"": 9}",Q2 (90-180<U+00B0>),Q2 (90-180<U+00B0>),TRUE,TRUE,Correct,135,3.5763344000000075,3.5763344000000075,3.5763344000000075,3.5763344000000075,TRUE
165037,18,righth,1,yes,2,"""10+""",33,315,315.5968095,3049,2050,"{""first_x"": 772, ""sample_4_time"": 2049, ""last_time"": 2049, ""sample_2_y"": 482.5, ""sample_2_x"": 855, ""sample_1_time"": 516, ""count"": 246, ""last_x"": 950, ""sample_4_y"": 618.5, ""sample_1_x"": 812, ""sample_0_y"": 433.5, ""first_time"": 8, ""sample_0_x"": 772, ""last_y"": 618.5, ""sample_1_y"": 447.5, ""sample_0_time"": 8, ""sample_3_time"": 1541, ""first_y"": 433.5, ""sample_3_x"": 913, ""sample_4_x"": 950, ""sample_2_time"": 1033, ""sample_3_y"": 552.5}",Q4 (270-360<U+00B0>),Q4 (270-360<U+00B0>),TRUE,TRUE,Correct,315,0.5968095000000062,0.5968095000000062,0.5968095000000062,0.5968095000000062,TRUE
165037,18,righth,1,yes,2,"""10+""",34,315,311.4421481,3432,1759,"{""sample_1_time"": 442, ""last_time"": 1758, ""sample_0_time"": 9, ""sample_2_y"": 520.5, ""count"": 211, ""sample_1_y"": 490.5, ""sample_2_x"": 833, ""sample_0_x"": 766, ""first_y"": 443.5, ""last_x"": 937, ""sample_2_time"": 883, ""sample_3_x"": 886, ""sample_1_x"": 802, ""sample_4_y"": 633.5, ""first_time"": 9, ""sample_4_x"": 937, ""sample_3_y"": 561.5, ""first_x"": 766, ""sample_0_y"": 443.5, ""sample_3_time"": 1325, ""sample_4_time"": 1758, ""last_y"": 633.5}",Q4 (270-360<U+00B0>),Q4 (270-360<U+00B0>),TRUE,TRUE,Correct,315,3.557851900000003,3.557851900000003,3.557851900000003,3.557851900000003,TRUE
165037,18,righth,1,yes,2,"""10+""",35,135,139.9245497,3124,1866,"{""sample_2_y"": 355.5, ""sample_4_time"": 1866, ""sample_0_y"": 425.5, ""sample_2_time"": 941, ""sample_4_x"": 548, ""last_x"": 548, ""sample_0_x"": 739, ""sample_3_time"": 1408, ""first_time"": 8, ""sample_3_x"": 575, ""sample_3_y"": 302.5, ""sample_1_y"": 397.5, ""sample_1_time"": 474, ""last_time"": 1866, ""first_x"": 739, ""sample_2_x"": 621, ""last_y"": 253.5, ""count"": 224, ""sample_4_y"": 253.5, ""first_y"": 425.5, ""sample_0_time"": 8, ""sample_1_x"": 681}",Q2 (90-180<U+00B0>),Q2 (90-180<U+00B0>),TRUE,TRUE,Correct,135,4.9245497,4.9245497,4.9245497,4.9245497,TRUE
165037,18,righth,1,yes,2,"""10+""",36,225,219.1857444,2905,1700,"{""count"": 204, ""last_time"": 1700, ""sample_4_y"": 600.5, ""sample_2_time"": 859, ""sample_1_y"": 457.5, ""sample_1_time"": 433, ""first_time"": 8, ""sample_1_x"": 673, ""sample_3_x"": 577, ""sample_3_y"": 549.5, ""sample_4_time"": 1700, ""sample_0_time"": 8, ""sample_0_x"": 740, ""first_y"": 437.5, ""sample_2_x"": 624, ""sample_4_x"": 545, ""sample_3_time"": 1284, ""last_x"": 545, ""first_x"": 740, ""sample_0_y"": 437.5, ""sample_2_y"": 499.5, ""last_y"": 600.5}",Q3 (180-270<U+00B0>),Q3 (180-270<U+00B0>),TRUE,TRUE,Correct,225,5.814255599999996,5.814255599999996,5.814255599999996,5.814255599999996,TRUE
165037,18,righth,1,yes,2,"""10+""",37,135,133.5082596,2865,1592,"{""sample_4_x"": 569, ""sample_0_y"": 411.5, ""sample_1_x"": 720, ""sample_3_x"": 615, ""sample_4_time"": 1592, ""sample_3_y"": 252.5, ""sample_4_y"": 231.5, ""sample_0_x"": 760, ""sample_2_x"": 666, ""first_x"": 760, ""last_time"": 1592, ""last_y"": 231.5, ""sample_0_time"": 9, ""count"": 167, ""last_x"": 569, ""first_time"": 9, ""sample_3_time"": 1250, ""sample_1_y"": 366.5, ""sample_1_time"": 350, ""sample_2_time"": 700, ""sample_2_y"": 306.5, ""first_y"": 411.5}",Q2 (90-180<U+00B0>),Q2 (90-180<U+00B0>),TRUE,TRUE,Correct,135,1.4917403999999976,1.4917403999999976,1.4917403999999976,1.4917403999999976,TRUE
165037,18,righth,1,yes,2,"""10+""",38,315,315.5937174,3299,1816,"{""sample_3_y"": 568.5, ""sample_0_y"": 433.5, ""sample_3_x"": 919, ""sample_4_y"": 619.5, ""count"": 218, ""sample_1_x"": 818, ""sample_2_time"": 916, ""sample_0_time"": 8, ""sample_4_x"": 951, ""sample_1_time"": 457, ""sample_2_x"": 870, ""sample_3_time"": 1365, ""last_x"": 951, ""first_time"": 8, ""first_x"": 772, ""sample_4_time"": 1816, ""sample_0_x"": 772, ""last_time"": 1816, ""first_y"": 433.5, ""last_y"": 619.5, ""sample_2_y"": 502.5, ""sample_1_y"": 459.5}",Q4 (270-360<U+00B0>),Q4 (270-360<U+00B0>),TRUE,TRUE,Correct,315,0.5937174000000027,0.5937174000000027,0.5937174000000027,0.5937174000000027,TRUE
165037,18,righth,1,yes,2,"""10+""",39,135,132.4716988,3516,1992,"{""sample_2_y"": 294.5, ""sample_1_x"": 706, ""first_y"": 412.5, ""count"": 209, ""last_time"": 1992, ""sample_1_y"": 363.5, ""sample_4_time"": 1992, ""sample_2_x"": 656, ""sample_4_y"": 227.5, ""sample_3_x"": 622, ""sample_0_time"": 8, ""sample_0_x"": 743, ""sample_1_time"": 442, ""last_y"": 227.5, ""sample_4_x"": 572, ""sample_0_y"": 412.5, ""first_x"": 743, ""sample_3_time"": 1558, ""sample_2_time"": 1116, ""first_time"": 8, ""sample_3_y"": 263.5, ""last_x"": 572}",Q2 (90-180<U+00B0>),Q2 (90-180<U+00B0>),TRUE,TRUE,Correct,135,2.528301199999987,2.528301199999987,2.528301199999987,2.528301199999987,TRUE
165037,18,righth,1,yes,2,"""10+""",40,225,222.0185388,3365,1593,"{""sample_4_time"": 1592, ""sample_3_y"": 564.5, ""sample_1_time"": 400, ""sample_2_y"": 492.5, ""sample_3_x"": 577, ""sample_0_time"": 9, ""sample_1_y"": 451.5, ""sample_0_y"": 436.5, ""last_y"": 610.5, ""sample_4_y"": 610.5, ""first_y"": 436.5, ""sample_3_time"": 1200, ""last_time"": 1592, ""sample_2_x"": 622, ""sample_2_time"": 800, ""sample_4_x"": 554, ""count"": 191, ""sample_1_x"": 680, ""sample_0_x"": 741, ""last_x"": 554, ""first_time"": 9, ""first_x"": 741}",Q3 (180-270<U+00B0>),Q3 (180-270<U+00B0>),TRUE,TRUE,Correct,225,2.9814612000000125,2.9814612000000125,2.9814612000000125,2.9814612000000125,TRUE
165037,18,righth,1,yes,2,"""10+""",41,135,136.1873073,3190,1641,"{""sample_4_y"": 239.5, ""sample_4_x"": 559, ""first_x"": 748, ""sample_1_y"": 372.5, ""sample_3_x"": 634, ""sample_2_x"": 694, ""last_time"": 1641, ""sample_1_x"": 729, ""sample_0_y"": 412.5, ""first_time"": 8, ""sample_3_y"": 280.5, ""sample_0_time"": 8, ""last_x"": 559, ""sample_2_time"": 824, ""sample_4_time"": 1641, ""last_y"": 239.5, ""sample_2_y"": 328.5, ""sample_0_x"": 748, ""first_y"": 412.5, ""sample_3_time"": 1232, ""sample_1_time"": 416, ""count"": 197}",Q2 (90-180<U+00B0>),Q2 (90-180<U+00B0>),TRUE,TRUE,Correct,135,1.1873072999999863,1.1873072999999863,1.1873072999999863,1.1873072999999863,TRUE
165037,18,righth,1,yes,2,"""10+""",42,225,218.7256654,3341,1674,"{""sample_2_time"": 841, ""sample_4_y"": 598.5, ""sample_0_y"": 439.5, ""last_time"": 1674, ""sample_3_y"": 532.5, ""sample_1_x"": 691, ""first_x"": 742, ""sample_3_time"": 1257, ""first_time"": 8, ""sample_3_x"": 582, ""sample_1_time"": 424, ""first_y"": 439.5, ""sample_2_x"": 635, ""sample_4_time"": 1674, ""sample_4_x"": 544, ""sample_1_y"": 443.5, ""count"": 201, ""last_x"": 544, ""sample_2_y"": 485.5, ""sample_0_time"": 8, ""sample_0_x"": 742, ""last_y"": 598.5}",Q3 (180-270<U+00B0>),Q3 (180-270<U+00B0>),TRUE,TRUE,Correct,225,6.274334600000003,6.274334600000003,6.274334600000003,6.274334600000003,TRUE
165037,18,righth,1,yes,2,"""10+""",43,45,40.69234865,3157,1433,"{""sample_3_y"": 341.5, ""sample_1_time"": 366, ""sample_2_time"": 724, ""first_x"": 773, ""sample_2_y"": 380.5, ""first_time"": 8, ""sample_1_y"": 416.5, ""last_x"": 963, ""sample_0_x"": 773, ""count"": 172, ""last_time"": 1433, ""sample_0_y"": 423.5, ""sample_1_x"": 811, ""last_y"": 250.5, ""sample_2_x"": 864, ""first_y"": 423.5, ""sample_4_y"": 250.5, ""sample_3_x"": 903, ""sample_0_time"": 8, ""sample_3_time"": 1082, ""sample_4_x"": 963, ""sample_4_time"": 1433}",Q1 (0-90<U+00B0>),Q1 (0-90<U+00B0>),TRUE,TRUE,Correct,45,4.30765135,4.30765135,4.30765135,4.30765135,TRUE
165037,18,righth,1,yes,2,"""10+""",44,315,309.0531369,3057,1609,"{""sample_2_y"": 571.5, ""sample_3_y"": 608.5, ""sample_3_x"": 882, ""first_x"": 760, ""sample_1_y"": 510.5, ""sample_0_time"": 8, ""first_y"": 445.5, ""first_time"": 8, ""count"": 193, ""sample_0_y"": 445.5, ""sample_4_x"": 928, ""sample_4_y"": 640.5, ""sample_3_time"": 1208, ""sample_1_x"": 781, ""sample_2_time"": 808, ""last_x"": 928, ""sample_2_x"": 817, ""last_y"": 640.5, ""sample_0_x"": 760, ""sample_4_time"": 1609, ""sample_1_time"": 408, ""last_time"": 1609}",Q4 (270-360<U+00B0>),Q4 (270-360<U+00B0>),TRUE,TRUE,Correct,315,5.946863099999973,5.946863099999973,5.946863099999973,5.946863099999973,TRUE
165037,18,righth,1,yes,2,"""10+""",45,315,302.2287574,2899,2059,"{""sample_3_x"": 865, ""sample_4_y"": 658.5, ""count"": 234, ""sample_4_x"": 901, ""sample_2_y"": 570.5, ""first_time"": 8, ""sample_1_y"": 506.5, ""sample_0_x"": 756, ""first_y"": 447.5, ""last_x"": 901, ""sample_2_time"": 983, ""sample_0_y"": 447.5, ""sample_0_time"": 8, ""last_time"": 2059, ""sample_3_y"": 624.5, ""sample_3_time"": 1467, ""sample_4_time"": 2059, ""sample_1_x"": 779, ""first_x"": 756, ""last_y"": 658.5, ""sample_1_time"": 491, ""sample_2_x"": 816}",Q4 (270-360<U+00B0>),Q4 (270-360<U+00B0>),TRUE,TRUE,Correct,315,12.771242599999994,12.771242599999994,12.771242599999994,12.771242599999994,TRUE
165037,18,righth,1,yes,2,"""10+""",46,225,226.4917404,2898,1441,"{""sample_4_x"": 569, ""last_x"": 569, ""sample_2_y"": 520.5, ""first_y"": 425.5, ""sample_4_time"": 1441, ""sample_3_time"": 1083, ""sample_2_time"": 725, ""sample_3_y"": 569.5, ""last_y"": 625.5, ""sample_4_y"": 625.5, ""count"": 173, ""sample_0_x"": 738, ""first_x"": 738, ""sample_2_x"": 639, ""sample_1_time"": 366, ""sample_1_x"": 688, ""sample_0_time"": 8, ""sample_1_y"": 465.5, ""first_time"": 8, ""sample_0_y"": 425.5, ""sample_3_x"": 597, ""last_time"": 1441}",Q3 (180-270<U+00B0>),Q3 (180-270<U+00B0>),TRUE,TRUE,Correct,225,1.4917403999999976,1.4917403999999976,1.4917403999999976,1.4917403999999976,TRUE
165037,18,righth,1,yes,2,"""10+""",47,135,132.614056,3053,1979,"{""sample_2_y"": 290.5, ""sample_4_x"": 572, ""sample_3_y"": 252.5, ""last_y"": 228.5, ""sample_3_x"": 617, ""sample_1_y"": 347.5, ""first_x"": 761, ""last_time"": 1979, ""sample_0_x"": 761, ""first_y"": 411.5, ""sample_4_y"": 228.5, ""sample_0_time"": 8, ""last_x"": 572, ""sample_4_time"": 1979, ""sample_0_y"": 411.5, ""sample_1_time"": 495, ""sample_2_x"": 673, ""sample_2_time"": 995, ""count"": 238, ""sample_3_time"": 1487, ""sample_1_x"": 731, ""first_time"": 8}",Q2 (90-180<U+00B0>),Q2 (90-180<U+00B0>),TRUE,TRUE,Correct,135,2.385943999999995,2.385943999999995,2.385943999999995,2.385943999999995,TRUE
165037,18,righth,1,yes,2,"""10+""",48,315,311.2847109,3174,1675,"{""sample_1_y"": 501.5, ""sample_0_time"": 8, ""last_y"": 633.5, ""sample_2_x"": 824, ""count"": 201, ""last_time"": 1675, ""sample_1_x"": 792, ""first_y"": 446.5, ""sample_0_x"": 758, ""sample_4_time"": 1675, ""sample_2_y"": 531.5, ""sample_3_x"": 870, ""sample_1_time"": 424, ""sample_3_y"": 576.5, ""sample_4_y"": 633.5, ""sample_3_time"": 1258, ""first_time"": 8, ""sample_2_time"": 840, ""first_x"": 758, ""sample_4_x"": 936, ""sample_0_y"": 446.5, ""last_x"": 936}",Q4 (270-360<U+00B0>),Q4 (270-360<U+00B0>),TRUE,TRUE,Correct,315,3.715289100000007,3.715289100000007,3.715289100000007,3.715289100000007,TRUE
165037,18,righth,1,yes,2,"""10+""",49,135,130.5328409,3183,1841,"{""sample_4_time"": 1841, ""first_time"": 8, ""sample_0_y"": 410.5, ""last_x"": 579, ""count"": 221, ""sample_1_time"": 466, ""sample_0_time"": 8, ""sample_1_x"": 718, ""sample_2_time"": 924, ""sample_1_y"": 331.5, ""sample_3_y"": 241.5, ""sample_2_y"": 286.5, ""last_time"": 1841, ""last_y"": 221.5, ""sample_3_x"": 628, ""sample_4_y"": 221.5, ""sample_4_x"": 579, ""sample_0_x"": 755, ""sample_2_x"": 683, ""sample_3_time"": 1383, ""first_y"": 410.5, ""first_x"": 755}",Q2 (90-180<U+00B0>),Q2 (90-180<U+00B0>),TRUE,TRUE,Correct,135,4.4671591000000035,4.4671591000000035,4.4671591000000035,4.4671591000000035,TRUE
165037,18,righth,1,yes,2,"""10+""",50,135,139.3300603,3282,1577,"{""last_x"": 550, ""sample_0_y"": 430.5, ""sample_4_y"": 251.5, ""sample_1_x"": 680, ""last_y"": 251.5, ""sample_0_x"": 739, ""count"": 189, ""sample_3_time"": 1183, ""sample_3_y"": 300.5, ""first_x"": 739, ""first_y"": 430.5, ""sample_1_y"": 406.5, ""sample_2_y"": 359.5, ""last_time"": 1576, ""sample_3_x"": 578, ""sample_2_time"": 792, ""sample_1_time"": 400, ""sample_2_x"": 630, ""sample_4_x"": 550, ""first_time"": 8, ""sample_4_time"": 1576, ""sample_0_time"": 8}",Q2 (90-180<U+00B0>),Q2 (90-180<U+00B0>),TRUE,TRUE,Correct,135,4.330060300000014,4.330060300000014,4.330060300000014,4.330060300000014,TRUE
165037,18,righth,1,yes,2,"""10+""",51,225,220.3725702,2973,1358,"{""sample_0_x"": 738, ""sample_2_y"": 487.5, ""first_time"": 7, ""sample_2_time"": 683, ""sample_1_y"": 438.5, ""sample_3_time"": 1025, ""count"": 163, ""sample_4_y"": 604.5, ""sample_2_x"": 623, ""last_x"": 549, ""first_y"": 428.5, ""sample_4_time"": 1358, ""sample_0_y"": 428.5, ""first_x"": 738, ""last_time"": 1358, ""sample_1_time"": 341, ""sample_0_time"": 7, ""last_y"": 604.5, ""sample_3_x"": 588, ""sample_3_y"": 543.5, ""sample_4_x"": 549, ""sample_1_x"": 688}",Q3 (180-270<U+00B0>),Q3 (180-270<U+00B0>),TRUE,TRUE,Correct,225,4.627429799999987,4.627429799999987,4.627429799999987,4.627429799999987,TRUE
165037,18,righth,1,yes,2,"""10+""",52,225,231.2743346,3099,1532,"{""sample_2_time"": 774, ""count"": 184, ""last_time"": 1532, ""sample_4_time"": 1532, ""sample_4_x"": 586, ""sample_2_x"": 673, ""sample_0_x"": 747, ""first_x"": 747, ""first_y"": 443.5, ""sample_3_x"": 631, ""sample_1_y"": 488.5, ""last_y"": 640.5, ""sample_2_y"": 530.5, ""sample_4_y"": 640.5, ""sample_1_x"": 711, ""sample_0_y"": 443.5, ""sample_3_time"": 1157, ""sample_0_time"": 7, ""first_time"": 7, ""sample_3_y"": 577.5, ""sample_1_time"": 391, ""last_x"": 586}",Q3 (180-270<U+00B0>),Q3 (180-270<U+00B0>),TRUE,TRUE,Correct,225,6.274334600000003,6.274334600000003,6.274334600000003,6.274334600000003,TRUE
165037,18,righth,1,yes,2,"""10+""",53,315,312.1747082,3174,1474,"{""last_y"": 630.5, ""sample_3_y"": 567.5, ""last_time"": 1474, ""sample_1_y"": 488.5, ""first_x"": 767, ""sample_2_time"": 741, ""sample_2_y"": 525.5, ""last_x"": 939, ""sample_4_x"": 939, ""sample_3_x"": 886, ""sample_1_x"": 808, ""sample_3_time"": 1107, ""sample_0_x"": 767, ""sample_0_time"": 7, ""first_y"": 442.5, ""sample_2_x"": 848, ""sample_4_y"": 630.5, ""sample_4_time"": 1474, ""sample_1_time"": 374, ""count"": 177, ""sample_0_y"": 442.5, ""first_time"": 7}",Q4 (270-360<U+00B0>),Q4 (270-360<U+00B0>),TRUE,TRUE,Correct,315,2.8252918000000022,2.8252918000000022,2.8252918000000022,2.8252918000000022,TRUE
165037,18,righth,1,yes,2,"""10+""",54,135,140.2214043,3081,1492,"{""last_x"": 547, ""sample_4_y"": 254.5, ""sample_2_x"": 622, ""last_time"": 1491, ""first_x"": 738, ""sample_0_x"": 738, ""sample_1_x"": 684, ""sample_3_y"": 317.5, ""first_time"": 8, ""first_y"": 425.5, ""sample_2_y"": 358.5, ""sample_3_x"": 582, ""sample_0_time"": 8, ""sample_3_time"": 1125, ""sample_4_x"": 547, ""last_y"": 254.5, ""sample_0_y"": 425.5, ""sample_2_time"": 750, ""count"": 179, ""sample_1_time"": 375, ""sample_1_y"": 401.5, ""sample_4_time"": 1491}",Q2 (90-180<U+00B0>),Q2 (90-180<U+00B0>),TRUE,TRUE,Correct,135,5.221404299999989,5.221404299999989,5.221404299999989,5.221404299999989,TRUE
165037,18,righth,1,yes,2,"""10+""",55,315,312.3162248,3390,1534,"{""sample_4_y"": 629.5, ""sample_1_y"": 517.5, ""first_y"": 444.5, ""sample_0_x"": 763, ""sample_0_time"": 8, ""sample_4_time"": 1534, ""sample_2_y"": 564.5, ""sample_2_x"": 847, ""first_time"": 8, ""sample_0_y"": 444.5, ""sample_3_y"": 604.5, ""sample_4_x"": 939, ""count"": 153, ""first_x"": 763, ""last_x"": 939, ""sample_3_x"": 886, ""sample_1_time"": 325, ""last_time"": 1534, ""sample_3_time"": 1217, ""sample_1_x"": 797, ""sample_2_time"": 900, ""last_y"": 629.5}",Q4 (270-360<U+00B0>),Q4 (270-360<U+00B0>),TRUE,TRUE,Correct,315,2.6837752000000137,2.6837752000000137,2.6837752000000137,2.6837752000000137,TRUE
165037,18,righth,1,yes,2,"""10+""",56,225,219.0222264,2899,1467,"{""count"": 176, ""sample_2_x"": 633, ""sample_0_time"": 9, ""sample_4_y"": 599.5, ""sample_3_y"": 543.5, ""sample_2_y"": 493.5, ""last_x"": 545, ""first_time"": 9, ""sample_1_y"": 449.5, ""sample_1_time"": 375, ""sample_0_y"": 429.5, ""sample_0_x"": 739, ""sample_2_time"": 742, ""last_y"": 599.5, ""sample_3_time"": 1109, ""sample_4_x"": 545, ""last_time"": 1467, ""sample_3_x"": 581, ""sample_4_time"": 1467, ""first_y"": 429.5, ""sample_1_x"": 687, ""first_x"": 739}",Q3 (180-270<U+00B0>),Q3 (180-270<U+00B0>),TRUE,TRUE,Correct,225,5.977773600000006,5.977773600000006,5.977773600000006,5.977773600000006,TRUE
165037,18,righth,1,yes,2,"""10+""",57,135,142.32852,3307,1515,"{""sample_1_y"": 397.5, ""first_time"": 8, ""last_y"": 262.5, ""sample_2_y"": 350.5, ""last_time"": 1515, ""count"": 182, ""sample_2_time"": 767, ""first_x"": 736, ""sample_3_y"": 313.5, ""sample_4_time"": 1515, ""last_x"": 541, ""sample_1_time"": 383, ""first_y"": 425.5, ""sample_0_time"": 8, ""sample_3_x"": 566, ""sample_4_y"": 262.5, ""sample_2_x"": 602, ""sample_4_x"": 541, ""sample_1_x"": 669, ""sample_0_x"": 736, ""sample_0_y"": 425.5, ""sample_3_time"": 1141}",Q2 (90-180<U+00B0>),Q2 (90-180<U+00B0>),TRUE,TRUE,Correct,135,7.3285199999999975,7.3285199999999975,7.3285199999999975,7.3285199999999975,TRUE
165037,18,righth,1,yes,2,"""10+""",58,315,315.2984128,3141,1591,"{""last_x"": 949, ""sample_2_x"": 897, ""last_time"": 1591, ""sample_0_x"": 771, ""sample_1_time"": 400, ""sample_4_y"": 619.5, ""sample_2_time"": 800, ""sample_4_x"": 949, ""first_y"": 435.5, ""sample_3_y"": 575.5, ""count"": 191, ""first_time"": 7, ""first_x"": 771, ""sample_2_y"": 535.5, ""sample_3_x"": 923, ""sample_0_time"": 7, ""sample_3_time"": 1200, ""sample_4_time"": 1591, ""sample_0_y"": 435.5, ""last_y"": 619.5, ""sample_1_x"": 817, ""sample_1_y"": 463.5}",Q4 (270-360<U+00B0>),Q4 (270-360<U+00B0>),TRUE,TRUE,Correct,315,0.29841279999999415,0.29841279999999415,0.29841279999999415,0.29841279999999415,TRUE
165037,18,righth,1,yes,2,"""10+""",59,45,49.89909245,3606,1400,"{""sample_4_y"": 219.5, ""sample_3_y"": 268.5, ""sample_3_time"": 1058, ""sample_4_time"": 1400, ""sample_0_x"": 760, ""sample_0_time"": 8, ""first_y"": 411.5, ""first_time"": 8, ""sample_0_y"": 411.5, ""last_y"": 219.5, ""sample_3_x"": 854, ""sample_1_time"": 358, ""sample_2_x"": 813, ""sample_1_x"": 782, ""sample_4_x"": 932, ""sample_1_y"": 367.5, ""count"": 168, ""first_x"": 760, ""last_time"": 1400, ""sample_2_y"": 313.5, ""sample_2_time"": 708, ""last_x"": 932}",Q1 (0-90<U+00B0>),Q1 (0-90<U+00B0>),TRUE,TRUE,Correct,45,4.899092449999998,4.899092449999998,4.899092449999998,4.899092449999998,TRUE
165037,18,righth,1,yes,2,"""10+""",60,225,222.3301102,3757,1834,"{""sample_3_y"": 535.5, ""sample_4_y"": 612.5, ""sample_4_x"": 554, ""last_time"": 1834, ""sample_2_x"": 645, ""sample_2_time"": 925, ""sample_3_x"": 590, ""sample_1_time"": 467, ""sample_1_y"": 441.5, ""sample_1_x"": 710, ""last_y"": 612.5, ""sample_2_y"": 475.5, ""sample_4_time"": 1834, ""sample_3_time"": 1383, ""last_x"": 554, ""first_time"": 9, ""first_y"": 437.5, ""count"": 220, ""sample_0_time"": 9, ""first_x"": 741, ""sample_0_y"": 437.5, ""sample_0_x"": 741}",Q3 (180-270<U+00B0>),Q3 (180-270<U+00B0>),TRUE,TRUE,Correct,225,2.669889799999993,2.669889799999993,2.669889799999993,2.669889799999993,TRUE
165037,18,righth,1,yes,2,"""10+""",61,45,47.68377516,3682,1526,"{""sample_3_x"": 867, ""count"": 183, ""sample_0_time"": 9, ""last_y"": 227.5, ""last_time"": 1525, ""sample_1_y"": 379.5, ""sample_1_x"": 782, ""sample_3_y"": 285.5, ""sample_0_y"": 415.5, ""sample_3_time"": 1150, ""sample_0_x"": 766, ""sample_1_time"": 384, ""sample_4_x"": 939, ""sample_2_y"": 333.5, ""sample_2_x"": 816, ""sample_2_time"": 767, ""first_y"": 415.5, ""first_time"": 9, ""sample_4_y"": 227.5, ""last_x"": 939, ""sample_4_time"": 1525, ""first_x"": 766}",Q1 (0-90<U+00B0>),Q1 (0-90<U+00B0>),TRUE,TRUE,Correct,45,2.6837751600000033,2.6837751600000033,2.6837751600000033,2.6837751600000033,TRUE
165037,18,righth,1,yes,2,"""10+""",62,315,313.0660721,3274,1658,"{""sample_2_time"": 832, ""last_y"": 627.5, ""sample_2_y"": 534.5, ""sample_0_y"": 444.5, ""sample_1_y"": 488.5, ""sample_2_x"": 836, ""first_x"": 765, ""count"": 199, ""sample_1_time"": 416, ""sample_0_time"": 8, ""sample_3_x"": 890, ""last_x"": 942, ""last_time"": 1657, ""first_y"": 444.5, ""sample_4_time"": 1657, ""sample_4_y"": 627.5, ""first_time"": 8, ""sample_1_x"": 796, ""sample_4_x"": 942, ""sample_0_x"": 765, ""sample_3_y"": 582.5, ""sample_3_time"": 1249}",Q4 (270-360<U+00B0>),Q4 (270-360<U+00B0>),TRUE,TRUE,Correct,315,1.9339279000000147,1.9339279000000147,1.9339279000000147,1.9339279000000147,TRUE
165037,18,righth,1,yes,2,"""10+""",63,225,224.1094637,3323,1618,"{""last_y"": 618.5, ""sample_4_time"": 1617, ""sample_4_x"": 560, ""sample_1_x"": 717, ""sample_4_y"": 618.5, ""last_time"": 1617, ""first_time"": 8, ""first_y"": 443.5, ""sample_2_time"": 817, ""sample_2_x"": 664, ""sample_1_y"": 473.5, ""sample_1_time"": 409, ""sample_0_y"": 443.5, ""sample_0_time"": 8, ""sample_3_x"": 609, ""sample_0_x"": 748, ""count"": 194, ""sample_3_y"": 566.5, ""first_x"": 748, ""sample_3_time"": 1217, ""last_x"": 560, ""sample_2_y"": 512.5}",Q3 (180-270<U+00B0>),Q3 (180-270<U+00B0>),TRUE,TRUE,Correct,225,0.8905363000000079,0.8905363000000079,0.8905363000000079,0.8905363000000079,TRUE
165037,18,righth,1,yes,2,"""10+""",64,225,227.9814612,3166,1983,"{""sample_0_y"": 444.5, ""sample_4_y"": 630.5, ""sample_4_time"": 1983, ""sample_3_time"": 1491, ""sample_1_time"": 499, ""sample_0_time"": 8, ""sample_1_x"": 718, ""sample_4_x"": 574, ""last_time"": 1983, ""count"": 238, ""last_x"": 574, ""sample_3_y"": 569.5, ""sample_1_y"": 470.5, ""sample_2_time"": 1000, ""first_y"": 444.5, ""first_x"": 750, ""sample_3_x"": 623, ""last_y"": 630.5, ""first_time"": 8, ""sample_2_y"": 511.5, ""sample_2_x"": 674, ""sample_0_x"": 750}",Q3 (180-270<U+00B0>),Q3 (180-270<U+00B0>),TRUE,TRUE,Correct,225,2.9814612000000125,2.9814612000000125,2.9814612000000125,2.9814612000000125,TRUE
165037,18,righth,1,yes,2,"""10+""",65,45,44.26735733,3407,1466,"{""last_y"": 235.5, ""sample_2_time"": 750, ""last_x"": 954, ""sample_0_x"": 769, ""sample_1_time"": 382, ""sample_1_y"": 388.5, ""sample_3_x"": 865, ""sample_3_time"": 1108, ""sample_2_y"": 347.5, ""first_y"": 417.5, ""sample_2_x"": 842, ""sample_4_y"": 235.5, ""sample_1_x"": 801, ""sample_4_x"": 954, ""sample_4_time"": 1466, ""last_time"": 1466, ""sample_0_time"": 8, ""first_x"": 769, ""sample_3_y"": 321.5, ""count"": 174, ""sample_0_y"": 417.5, ""first_time"": 8}",Q1 (0-90<U+00B0>),Q1 (0-90<U+00B0>),TRUE,TRUE,Correct,45,0.732642669999997,0.732642669999997,0.732642669999997,0.732642669999997,TRUE
165037,18,righth,1,yes,2,"""10+""",66,225,224.8511801,3441,1966,"{""count"": 236, ""sample_0_y"": 444.5, ""first_y"": 444.5, ""sample_1_y"": 474.5, ""first_x"": 749, ""sample_3_time"": 1483, ""sample_4_x"": 563, ""sample_2_y"": 511.5, ""last_y"": 620.5, ""sample_1_x"": 712, ""last_x"": 563, ""sample_4_time"": 1966, ""sample_0_time"": 7, ""sample_3_x"": 621, ""sample_4_y"": 620.5, ""sample_0_x"": 749, ""first_time"": 7, ""sample_1_time"": 499, ""sample_2_time"": 992, ""sample_2_x"": 668, ""last_time"": 1966, ""sample_3_y"": 555.5}",Q3 (180-270<U+00B0>),Q3 (180-270<U+00B0>),TRUE,TRUE,Correct,225,0.14881990000000656,0.14881990000000656,0.14881990000000656,0.14881990000000656,TRUE
165037,18,righth,1,yes,2,"""10+""",67,135,136.9339279,3414,2109,"{""sample_1_x"": 686, ""sample_2_y"": 332.5, ""sample_1_time"": 533, ""sample_4_y"": 242.5, ""last_x"": 557, ""sample_0_y"": 417.5, ""sample_4_time"": 2108, ""last_y"": 242.5, ""sample_3_x"": 590, ""first_time"": 9, ""first_x"": 742, ""sample_0_x"": 742, ""sample_3_y"": 283.5, ""sample_2_x"": 640, ""first_y"": 417.5, ""count"": 253, ""sample_0_time"": 9, ""sample_4_x"": 557, ""sample_2_time"": 1058, ""sample_3_time"": 1583, ""last_time"": 2108, ""sample_1_y"": 375.5}",Q2 (90-180<U+00B0>),Q2 (90-180<U+00B0>),TRUE,TRUE,Correct,135,1.9339278999999863,1.9339278999999863,1.9339278999999863,1.9339278999999863,TRUE
165037,18,righth,1,yes,2,"""10+""",68,45,45.44645158,3390,2126,"{""sample_2_x"": 844, ""last_time"": 2125, ""sample_2_time"": 1067, ""sample_4_time"": 2125, ""sample_1_x"": 800, ""sample_4_x"": 947, ""first_y"": 414.5, ""last_y"": 234.5, ""last_x"": 947, ""sample_3_x"": 895, ""first_time"": 8, ""sample_3_y"": 289.5, ""sample_4_y"": 234.5, ""sample_3_time"": 1600, ""count"": 255, ""sample_0_y"": 414.5, ""first_x"": 768, ""sample_0_time"": 8, ""sample_2_y"": 349.5, ""sample_1_time"": 533, ""sample_0_x"": 768, ""sample_1_y"": 388.5}",Q1 (0-90<U+00B0>),Q1 (0-90<U+00B0>),TRUE,TRUE,Correct,45,0.4464515800000015,0.4464515800000015,0.4464515800000015,0.4464515800000015,TRUE
165037,18,righth,1,yes,2,"""10+""",69,45,47.68377516,3324,1950,"{""sample_0_x"": 770, ""sample_2_time"": 992, ""first_x"": 770, ""sample_3_y"": 287.5, ""sample_4_x"": 939, ""sample_2_y"": 326.5, ""sample_4_time"": 1950, ""first_time"": 8, ""last_x"": 939, ""sample_3_x"": 885, ""sample_1_time"": 508, ""last_time"": 1950, ""sample_4_y"": 227.5, ""sample_0_time"": 8, ""sample_0_y"": 416.5, ""count"": 232, ""last_y"": 227.5, ""sample_2_x"": 847, ""sample_1_y"": 379.5, ""first_y"": 416.5, ""sample_3_time"": 1475, ""sample_1_x"": 803}",Q1 (0-90<U+00B0>),Q1 (0-90<U+00B0>),TRUE,TRUE,Correct,45,2.6837751600000033,2.6837751600000033,2.6837751600000033,2.6837751600000033,TRUE
165037,18,righth,1,yes,2,"""10+""",70,45,48.26203348,3190,1617,"{""first_time"": 9, ""sample_3_y"": 282.5, ""first_x"": 769, ""last_time"": 1617, ""sample_3_time"": 1217, ""sample_1_y"": 385.5, ""sample_4_x"": 938, ""count"": 194, ""first_y"": 417.5, ""sample_0_y"": 417.5, ""sample_2_x"": 821, ""sample_1_time"": 408, ""sample_2_y"": 345.5, ""sample_4_y"": 224.5, ""last_y"": 224.5, ""last_x"": 938, ""sample_1_x"": 791, ""sample_2_time"": 817, ""sample_4_time"": 1617, ""sample_3_x"": 879, ""sample_0_time"": 9, ""sample_0_x"": 769}",Q1 (0-90<U+00B0>),Q1 (0-90<U+00B0>),TRUE,TRUE,Correct,45,3.2620334799999995,3.2620334799999995,3.2620334799999995,3.2620334799999995,TRUE
165037,18,righth,1,yes,2,"""10+""",71,315,315.5937174,3366,1959,"{""first_time"": 8, ""last_x"": 951, ""sample_0_x"": 769, ""count"": 235, ""sample_2_x"": 841, ""sample_4_time"": 1958, ""last_y"": 619.5, ""sample_3_x"": 902, ""sample_1_time"": 491, ""sample_0_time"": 8, ""sample_4_y"": 619.5, ""sample_3_y"": 556.5, ""sample_2_time"": 983, ""sample_0_y"": 438.5, ""sample_3_time"": 1475, ""sample_2_y"": 502.5, ""last_time"": 1958, ""sample_1_y"": 462.5, ""first_x"": 769, ""first_y"": 438.5, ""sample_4_x"": 951, ""sample_1_x"": 799}",Q4 (270-360<U+00B0>),Q4 (270-360<U+00B0>),TRUE,TRUE,Correct,315,0.5937174000000027,0.5937174000000027,0.5937174000000027,0.5937174000000027,TRUE
165037,18,righth,1,yes,2,"""10+""",72,45,46.78991061,3198,1775,"{""sample_1_y"": 385.5, ""sample_2_x"": 840, ""count"": 212, ""last_x"": 942, ""first_x"": 769, ""sample_0_y"": 415.5, ""first_y"": 415.5, ""last_time"": 1775, ""sample_0_time"": 8, ""sample_1_x"": 800, ""sample_4_time"": 1775, ""sample_0_x"": 769, ""sample_2_time"": 900, ""sample_2_y"": 342.5, ""sample_4_y"": 230.5, ""sample_3_time"": 1342, ""sample_3_y"": 289.5, ""sample_3_x"": 882, ""last_y"": 230.5, ""first_time"": 8, ""sample_1_time"": 459, ""sample_4_x"": 942}",Q1 (0-90<U+00B0>),Q1 (0-90<U+00B0>),TRUE,TRUE,Correct,45,1.7899106099999997,1.7899106099999997,1.7899106099999997,1.7899106099999997,TRUE
165037,18,righth,1,yes,2,"""10+""",73,135,138.5763344,3400,2066,"{""first_y"": 428.5, ""last_time"": 2065, ""sample_1_y"": 410.5, ""sample_0_x"": 739, ""sample_4_x"": 552, ""sample_1_x"": 711, ""sample_4_time"": 2065, ""last_y"": 248.5, ""first_time"": 7, ""sample_3_x"": 593, ""count"": 248, ""sample_4_y"": 248.5, ""sample_2_y"": 364.5, ""sample_2_time"": 1040, ""sample_2_x"": 664, ""sample_3_time"": 1557, ""sample_1_time"": 524, ""sample_0_y"": 428.5, ""sample_3_y"": 295.5, ""first_x"": 739, ""last_x"": 552, ""sample_0_time"": 7}",Q2 (90-180<U+00B0>),Q2 (90-180<U+00B0>),TRUE,TRUE,Correct,135,3.5763344000000075,3.5763344000000075,3.5763344000000075,3.5763344000000075,TRUE
165037,18,righth,1,yes,2,"""10+""",74,45,45.29841282,3166,2001,"{""sample_0_time"": 8, ""sample_4_y"": 235.5, ""sample_4_x"": 947, ""sample_1_y"": 379.5, ""count"": 240, ""sample_2_y"": 335.5, ""sample_4_time"": 2000, ""sample_0_x"": 772, ""sample_0_y"": 420.5, ""sample_1_x"": 803, ""sample_3_y"": 294.5, ""first_y"": 420.5, ""first_x"": 772, ""sample_2_time"": 1008, ""last_y"": 235.5, ""sample_1_time"": 508, ""sample_3_x"": 892, ""first_time"": 8, ""sample_3_time"": 1508, ""sample_2_x"": 850, ""last_x"": 947, ""last_time"": 2000}",Q1 (0-90<U+00B0>),Q1 (0-90<U+00B0>),TRUE,TRUE,Correct,45,0.2984128200000029,0.2984128200000029,0.2984128200000029,0.2984128200000029,TRUE
165037,18,righth,1,yes,2,"""10+""",75,315,312.9120162,3174,1800,"{""sample_2_y"": 519.5, ""sample_3_time"": 1358, ""sample_0_y"": 444.5, ""sample_2_time"": 916, ""first_y"": 444.5, ""count"": 214, ""last_y"": 627.5, ""first_x"": 762, ""sample_1_time"": 466, ""last_x"": 941, ""sample_2_x"": 812, ""last_time"": 1800, ""first_time"": 8, ""sample_1_y"": 474.5, ""sample_4_y"": 627.5, ""sample_1_x"": 778, ""sample_0_time"": 8, ""sample_4_x"": 941, ""sample_3_y"": 576.5, ""sample_3_x"": 888, ""sample_4_time"": 1800, ""sample_0_x"": 762}",Q4 (270-360<U+00B0>),Q4 (270-360<U+00B0>),TRUE,TRUE,Correct,315,2.0879838000000177,2.0879838000000177,2.0879838000000177,2.0879838000000177,TRUE
165037,18,righth,1,yes,2,"""10+""",76,135,134.7015872,3457,2225,"{""last_x"": 565, ""sample_1_y"": 372.5, ""sample_0_x"": 752, ""first_x"": 752, ""last_y"": 235.5, ""sample_2_time"": 1125, ""sample_4_y"": 235.5, ""sample_3_x"": 606, ""sample_4_x"": 565, ""count"": 265, ""last_time"": 2225, ""sample_3_time"": 1675, ""sample_0_time"": 8, ""sample_3_y"": 254.5, ""sample_1_x"": 736, ""sample_4_time"": 2225, ""sample_1_time"": 558, ""first_time"": 8, ""sample_2_x"": 652, ""sample_2_y"": 286.5, ""first_y"": 408.5, ""sample_0_y"": 408.5}",Q2 (90-180<U+00B0>),Q2 (90-180<U+00B0>),TRUE,TRUE,Correct,135,0.29841279999999415,0.29841279999999415,0.29841279999999415,0.29841279999999415,TRUE
165037,18,righth,1,yes,2,"""10+""",77,135,136.1873073,3298,1700,"{""last_y"": 239.5, ""sample_3_y"": 270.5, ""first_y"": 411.5, ""last_time"": 1700, ""sample_3_x"": 617, ""last_x"": 559, ""sample_1_time"": 433, ""sample_2_y"": 318.5, ""first_time"": 7, ""sample_2_x"": 683, ""first_x"": 752, ""sample_4_time"": 1700, ""count"": 204, ""sample_4_y"": 239.5, ""sample_3_time"": 1283, ""sample_0_x"": 752, ""sample_1_y"": 368.5, ""sample_1_x"": 731, ""sample_4_x"": 559, ""sample_0_time"": 7, ""sample_2_time"": 858, ""sample_0_y"": 411.5}",Q2 (90-180<U+00B0>),Q2 (90-180<U+00B0>),TRUE,TRUE,Correct,135,1.1873072999999863,1.1873072999999863,1.1873072999999863,1.1873072999999863,TRUE
165037,18,righth,1,yes,2,"""10+""",78,45,52.03245459,3217,1683,"{""sample_2_y"": 304.5, ""last_time"": 1683, ""sample_2_time"": 958, ""sample_0_y"": 411.5, ""last_y"": 214.5, ""sample_0_x"": 753, ""last_x"": 923, ""sample_4_y"": 214.5, ""sample_3_y"": 262.5, ""sample_4_time"": 1683, ""sample_1_time"": 366, ""sample_0_time"": 8, ""sample_2_x"": 816, ""first_y"": 411.5, ""sample_1_y"": 371.5, ""sample_3_x"": 858, ""first_x"": 753, ""sample_4_x"": 923, ""sample_3_time"": 1324, ""sample_1_x"": 764, ""count"": 175, ""first_time"": 8}",Q1 (0-90<U+00B0>),Q1 (0-90<U+00B0>),TRUE,TRUE,Correct,45,7.03245459,7.03245459,7.03245459,7.03245459,TRUE
165037,18,righth,1,yes,2,"""10+""",79,45,48.57633437,3098,1717,"{""sample_3_y"": 275.5, ""sample_0_x"": 761, ""sample_4_y"": 224.5, ""sample_4_x"": 936, ""sample_1_x"": 772, ""sample_1_time"": 433, ""sample_2_x"": 799, ""first_y"": 410.5, ""sample_0_y"": 410.5, ""sample_1_y"": 372.5, ""sample_2_y"": 332.5, ""last_time"": 1717, ""sample_0_time"": 9, ""sample_3_time"": 1292, ""first_x"": 761, ""last_y"": 224.5, ""count"": 206, ""first_time"": 9, ""sample_4_time"": 1717, ""sample_2_time"": 867, ""last_x"": 936, ""sample_3_x"": 855}",Q1 (0-90<U+00B0>),Q1 (0-90<U+00B0>),TRUE,TRUE,Correct,45,3.576334369999998,3.576334369999998,3.576334369999998,3.576334369999998,TRUE
165037,18,righth,1,yes,2,"""10+""",80,135,135.2984128,3256,1851,"{""sample_1_x"": 756, ""last_x"": 563, ""sample_4_time"": 1851, ""first_x"": 747, ""first_time"": 9, ""sample_1_time"": 483, ""sample_0_y"": 413.5, ""last_y"": 237.5, ""sample_2_y"": 324.5, ""first_y"": 413.5, ""sample_4_x"": 563, ""sample_0_x"": 747, ""sample_4_y"": 237.5, ""sample_3_y"": 272.5, ""sample_3_x"": 626, ""last_time"": 1851, ""sample_1_y"": 364.5, ""sample_2_time"": 942, ""sample_2_x"": 717, ""count"": 220, ""sample_0_time"": 9, ""sample_3_time"": 1400}",Q2 (90-180<U+00B0>),Q2 (90-180<U+00B0>),TRUE,TRUE,Correct,135,0.29841279999999415,0.29841279999999415,0.29841279999999415,0.29841279999999415,TRUE
165037,18,righth,1,yes,2,"""10+""",81,315,231.3728575,3149,1675,"{""sample_2_y"": 525.5, ""sample_0_time"": 8, ""first_y"": 446.5, ""first_x"": 756, ""sample_3_time"": 1317, ""sample_0_y"": 446.5, ""sample_1_time"": 399, ""count"": 160, ""sample_4_time"": 1675, ""sample_4_x"": 585, ""sample_3_y"": 610.5, ""sample_3_x"": 639, ""sample_2_time"": 733, ""last_y"": 642.5, ""sample_4_y"": 642.5, ""first_time"": 8, ""sample_0_x"": 756, ""sample_1_y"": 481.5, ""last_time"": 1675, ""sample_2_x"": 713, ""sample_1_x"": 747, ""last_x"": 585}",Q4 (270-360<U+00B0>),Q3 (180-270<U+00B0>),FALSE,TRUE,Formant,225,6.372857500000009,6.372857500000009,83.62714249999999,83.62714249999999,FALSE
165037,18,righth,1,yes,2,"""10+""",82,135,141.4058602,3282,2026,"{""sample_2_y"": 357.5, ""sample_3_y"": 309.5, ""sample_1_x"": 682, ""sample_3_time"": 1599, ""count"": 208, ""sample_3_x"": 565, ""sample_2_time"": 1167, ""last_x"": 543, ""sample_4_x"": 543, ""sample_1_y"": 413.5, ""last_time"": 2025, ""sample_4_y"": 258.5, ""first_y"": 430.5, ""first_x"": 733, ""sample_0_time"": 9, ""first_time"": 9, ""sample_2_x"": 616, ""sample_0_y"": 430.5, ""sample_0_x"": 733, ""sample_1_time"": 458, ""sample_4_time"": 2025, ""last_y"": 258.5}",Q2 (90-180<U+00B0>),Q2 (90-180<U+00B0>),TRUE,TRUE,Correct,135,6.4058602000000064,6.4058602000000064,6.4058602000000064,6.4058602000000064,TRUE
165037,18,righth,1,yes,2,"""10+""",83,45,42.33011024,3125,1991,"{""sample_0_time"": 7, ""sample_0_x"": 773, ""sample_1_time"": 499, ""sample_0_y"": 427.5, ""sample_4_y"": 244.5, ""sample_2_y"": 373.5, ""sample_3_time"": 1499, ""sample_1_y"": 407.5, ""last_time"": 1990, ""sample_2_x"": 866, ""first_y"": 427.5, ""count"": 239, ""last_x"": 958, ""sample_4_x"": 958, ""last_y"": 244.5, ""sample_3_x"": 918, ""sample_2_time"": 999, ""sample_1_x"": 830, ""sample_4_time"": 1990, ""first_x"": 773, ""sample_3_y"": 307.5, ""first_time"": 7}",Q1 (0-90<U+00B0>),Q1 (0-90<U+00B0>),TRUE,TRUE,Correct,45,2.6698897599999967,2.6698897599999967,2.6698897599999967,2.6698897599999967,TRUE
165037,18,righth,1,yes,2,"""10+""",84,315,313.660862,3315,1950,"{""sample_3_x"": 892, ""sample_2_y"": 498.5, ""sample_3_y"": 570.5, ""sample_2_time"": 982, ""first_y"": 435.5, ""sample_1_time"": 491, ""sample_2_x"": 832, ""sample_4_x"": 944, ""first_time"": 8, ""sample_4_time"": 1950, ""first_x"": 771, ""sample_0_x"": 771, ""sample_3_time"": 1466, ""last_x"": 944, ""last_time"": 1950, ""sample_4_y"": 625.5, ""sample_0_y"": 435.5, ""sample_0_time"": 8, ""sample_1_y"": 457.5, ""last_y"": 625.5, ""count"": 234, ""sample_1_x"": 800}",Q4 (270-360<U+00B0>),Q4 (270-360<U+00B0>),TRUE,TRUE,Correct,315,1.3391379999999913,1.3391379999999913,1.3391379999999913,1.3391379999999913,TRUE
165037,18,righth,1,yes,2,"""10+""",85,225,228.1060271,2974,1640,"{""first_time"": 8, ""sample_0_y"": 441.5, ""sample_3_x"": 653, ""sample_3_y"": 571.5, ""sample_3_time"": 1283, ""last_y"": 632.5, ""sample_2_time"": 725, ""sample_1_y"": 474.5, ""count"": 173, ""sample_2_x"": 728, ""last_time"": 1640, ""sample_4_y"": 632.5, ""sample_4_x"": 573, ""sample_0_x"": 768, ""sample_0_time"": 8, ""first_y"": 441.5, ""sample_1_time"": 366, ""last_x"": 573, ""sample_2_y"": 506.5, ""sample_1_x"": 784, ""sample_4_time"": 1640, ""first_x"": 768}",Q3 (180-270<U+00B0>),Q3 (180-270<U+00B0>),TRUE,TRUE,Correct,225,3.1060271000000057,3.1060271000000057,3.1060271000000057,3.1060271000000057,TRUE
165037,18,righth,1,yes,2,"""10+""",86,45,49.33006028,3384,2099,"{""first_y"": 415.5, ""sample_3_time"": 1583, ""sample_0_time"": 8, ""sample_3_y"": 259.5, ""sample_4_x"": 933, ""sample_1_y"": 361.5, ""sample_0_y"": 415.5, ""count"": 251, ""last_x"": 933, ""sample_2_y"": 304.5, ""sample_1_time"": 533, ""sample_4_y"": 222.5, ""sample_1_x"": 755, ""first_time"": 8, ""sample_3_x"": 873, ""sample_2_time"": 1058, ""sample_0_x"": 746, ""first_x"": 746, ""last_time"": 2098, ""sample_2_x"": 804, ""last_y"": 222.5, ""sample_4_time"": 2098}",Q1 (0-90<U+00B0>),Q1 (0-90<U+00B0>),TRUE,TRUE,Correct,45,4.330060279999998,4.330060279999998,4.330060279999998,4.330060279999998,TRUE
165037,18,righth,1,yes,2,"""10+""",87,225,227.385944,3816,1666,"{""sample_3_x"": 637, ""last_time"": 1666, ""count"": 200, ""sample_3_time"": 1258, ""sample_1_x"": 758, ""sample_2_time"": 841, ""first_time"": 8, ""sample_0_time"": 8, ""sample_1_time"": 425, ""sample_3_y"": 594.5, ""sample_4_x"": 572, ""sample_2_y"": 551.5, ""sample_2_x"": 714, ""sample_0_x"": 768, ""last_y"": 628.5, ""sample_4_y"": 628.5, ""first_y"": 440.5, ""sample_1_y"": 499.5, ""last_x"": 572, ""sample_4_time"": 1666, ""sample_0_y"": 440.5, ""first_x"": 768}",Q3 (180-270<U+00B0>),Q3 (180-270<U+00B0>),TRUE,TRUE,Correct,225,2.385943999999995,2.385943999999995,2.385943999999995,2.385943999999995,TRUE
165037,18,righth,1,yes,2,"""10+""",88,45,47.21965555,3623,2116,"{""sample_2_y"": 325.5, ""count"": 254, ""first_time"": 8, ""first_x"": 758, ""sample_2_x"": 828, ""last_y"": 227.5, ""sample_3_time"": 1591, ""first_y"": 411.5, ""sample_3_x"": 890, ""sample_1_time"": 533, ""sample_0_time"": 8, ""last_x"": 942, ""sample_2_time"": 1066, ""sample_0_x"": 758, ""sample_3_y"": 273.5, ""last_time"": 2116, ""sample_1_y"": 362.5, ""sample_0_y"": 411.5, ""sample_1_x"": 789, ""sample_4_x"": 942, ""sample_4_y"": 227.5, ""sample_4_time"": 2116}",Q1 (0-90<U+00B0>),Q1 (0-90<U+00B0>),TRUE,TRUE,Correct,45,2.219655549999999,2.219655549999999,2.219655549999999,2.219655549999999,TRUE
165037,18,righth,1,yes,2,"""10+""",89,45,46.48401468,3307,1775,"{""sample_3_x"": 870, ""sample_2_x"": 812, ""sample_2_y"": 360.5, ""last_time"": 1775, ""sample_3_time"": 1342, ""sample_1_time"": 458, ""sample_2_time"": 900, ""sample_0_x"": 770, ""last_x"": 944, ""sample_4_y"": 230.5, ""last_y"": 230.5, ""sample_1_x"": 783, ""sample_3_y"": 300.5, ""count"": 211, ""sample_0_time"": 9, ""sample_1_y"": 392.5, ""sample_0_y"": 417.5, ""sample_4_time"": 1775, ""sample_4_x"": 944, ""first_x"": 770, ""first_time"": 9, ""first_y"": 417.5}",Q1 (0-90<U+00B0>),Q1 (0-90<U+00B0>),TRUE,TRUE,Correct,45,1.4840146800000014,1.4840146800000014,1.4840146800000014,1.4840146800000014,TRUE
165037,18,righth,1,yes,2,"""10+""",90,225,227.9814612,3632,1733,"{""sample_4_time"": 1733, ""count"": 200, ""last_time"": 1733, ""first_y"": 444.5, ""last_x"": 574, ""sample_2_time"": 909, ""sample_0_x"": 757, ""first_x"": 757, ""sample_0_time"": 9, ""sample_0_y"": 444.5, ""last_y"": 630.5, ""sample_4_y"": 630.5, ""sample_2_y"": 513.5, ""sample_1_x"": 755, ""sample_3_time"": 1326, ""sample_2_x"": 717, ""sample_1_time"": 492, ""sample_4_x"": 574, ""first_time"": 9, ""sample_1_y"": 470.5, ""sample_3_x"": 653, ""sample_3_y"": 566.5}",Q3 (180-270<U+00B0>),Q3 (180-270<U+00B0>),TRUE,TRUE,Correct,225,2.9814612000000125,2.9814612000000125,2.9814612000000125,2.9814612000000125,TRUE
165037,18,righth,1,yes,2,"""10+""",91,45,49.0115776,3782,2317,"{""sample_4_time"": 2316, ""sample_0_x"": 738, ""count"": 218, ""last_y"": 222.5, ""sample_1_y"": 370.5, ""sample_3_x"": 870, ""sample_1_time"": 550, ""sample_0_time"": 8, ""sample_1_x"": 750, ""last_x"": 935, ""sample_2_x"": 813, ""first_time"": 8, ""sample_0_y"": 431.5, ""last_time"": 2316, ""sample_3_y"": 280.5, ""first_x"": 738, ""sample_2_y"": 319.5, ""sample_4_y"": 222.5, ""sample_3_time"": 1457, ""sample_2_time"": 1008, ""first_y"": 431.5, ""sample_4_x"": 935}",Q1 (0-90<U+00B0>),Q1 (0-90<U+00B0>),TRUE,TRUE,Correct,45,4.0115776000000025,4.0115776000000025,4.0115776000000025,4.0115776000000025,TRUE
165037,18,righth,1,yes,2,"""10+""",92,45,49.0115776,3415,1950,"{""sample_3_y"": 286.5, ""sample_3_time"": 1475, ""sample_0_y"": 412.5, ""sample_1_y"": 376.5, ""sample_4_time"": 1950, ""last_x"": 935, ""sample_1_x"": 758, ""sample_1_time"": 508, ""sample_4_y"": 222.5, ""sample_0_x"": 746, ""sample_4_x"": 935, ""sample_2_y"": 326.5, ""count"": 231, ""first_time"": 8, ""first_x"": 746, ""first_y"": 412.5, ""sample_2_time"": 991, ""sample_0_time"": 8, ""sample_3_x"": 849, ""last_time"": 1950, ""last_y"": 222.5, ""sample_2_x"": 800}",Q1 (0-90<U+00B0>),Q1 (0-90<U+00B0>),TRUE,TRUE,Correct,45,4.0115776000000025,4.0115776000000025,4.0115776000000025,4.0115776000000025,TRUE
165037,18,righth,1,yes,2,"""10+""",93,225,226.4840147,3399,1734,"{""last_y"": 626.5, ""sample_1_y"": 466.5, ""sample_2_y"": 497.5, ""sample_4_y"": 626.5, ""first_y"": 432.5, ""sample_2_time"": 875, ""sample_3_x"": 649, ""sample_0_time"": 8, ""sample_4_time"": 1734, ""sample_1_time"": 442, ""sample_2_x"": 713, ""sample_3_time"": 1308, ""first_x"": 772, ""sample_0_x"": 772, ""last_time"": 1734, ""first_time"": 8, ""last_x"": 568, ""sample_3_y"": 546.5, ""sample_0_y"": 432.5, ""count"": 208, ""sample_1_x"": 763, ""sample_4_x"": 568}",Q3 (180-270<U+00B0>),Q3 (180-270<U+00B0>),TRUE,TRUE,Correct,225,1.4840146999999888,1.4840146999999888,1.4840146999999888,1.4840146999999888,TRUE
165037,18,righth,1,yes,2,"""10+""",94,315,312.7688254,3607,2092,"{""sample_0_x"": 765, ""first_y"": 443.5, ""sample_3_x"": 895, ""count"": 212, ""sample_1_time"": 450, ""sample_0_time"": 8, ""first_time"": 8, ""sample_1_y"": 468.5, ""sample_1_x"": 791, ""sample_2_y"": 543.5, ""sample_2_time"": 1217, ""sample_4_x"": 941, ""sample_4_time"": 2091, ""last_x"": 941, ""sample_0_y"": 443.5, ""first_x"": 765, ""sample_3_time"": 1657, ""sample_3_y"": 584.5, ""last_time"": 2091, ""sample_2_x"": 851, ""sample_4_y"": 628.5, ""last_y"": 628.5}",Q4 (270-360<U+00B0>),Q4 (270-360<U+00B0>),TRUE,TRUE,Correct,315,2.2311745999999744,2.2311745999999744,2.2311745999999744,2.2311745999999744,TRUE
165037,18,righth,1,yes,2,"""10+""",95,315,315.5968095,3374,1883,"{""sample_1_y"": 475.5, ""count"": 226, ""first_time"": 8, ""last_time"": 1883, ""sample_0_time"": 8, ""sample_2_time"": 950, ""sample_3_y"": 568.5, ""sample_3_x"": 898, ""first_y"": 443.5, ""sample_0_x"": 765, ""sample_3_time"": 1416, ""last_y"": 618.5, ""sample_4_time"": 1883, ""first_x"": 765, ""sample_2_y"": 512.5, ""sample_1_x"": 809, ""last_x"": 950, ""sample_2_x"": 852, ""sample_4_y"": 618.5, ""sample_0_y"": 443.5, ""sample_4_x"": 950, ""sample_1_time"": 475}",Q4 (270-360<U+00B0>),Q4 (270-360<U+00B0>),TRUE,TRUE,Correct,315,0.5968095000000062,0.5968095000000062,0.5968095000000062,0.5968095000000062,TRUE
165037,18,righth,1,yes,2,"""10+""",96,45,46.63657704,3208,2133,"{""sample_2_x"": 810, ""sample_3_time"": 1666, ""sample_2_y"": 344.5, ""sample_4_x"": 943, ""sample_0_y"": 411.5, ""sample_3_y"": 255.5, ""sample_2_time"": 949, ""sample_1_x"": 774, ""sample_4_y"": 230.5, ""sample_0_time"": 8, ""first_x"": 757, ""sample_0_x"": 757, ""sample_1_y"": 377.5, ""last_y"": 230.5, ""last_time"": 2133, ""first_time"": 8, ""sample_3_x"": 904, ""last_x"": 943, ""sample_4_time"": 2133, ""count"": 226, ""sample_1_time"": 473, ""first_y"": 411.5}",Q1 (0-90<U+00B0>),Q1 (0-90<U+00B0>),TRUE,TRUE,Correct,45,1.6365770399999988,1.6365770399999988,1.6365770399999988,1.6365770399999988,TRUE
165037,18,righth,1,yes,2,"""10+""",97,225,227.385944,3389,1818,"{""first_time"": 9, ""first_x"": 769, ""sample_4_time"": 1817, ""count"": 184, ""sample_1_time"": 428, ""sample_2_time"": 808, ""sample_0_y"": 439.5, ""sample_0_x"": 769, ""sample_1_x"": 759, ""sample_3_time"": 1442, ""last_y"": 628.5, ""sample_4_y"": 628.5, ""last_time"": 1817, ""sample_1_y"": 464.5, ""sample_2_y"": 527.5, ""first_y"": 439.5, ""sample_3_x"": 616, ""last_x"": 572, ""sample_4_x"": 572, ""sample_2_x"": 685, ""sample_3_y"": 573.5, ""sample_0_time"": 9}",Q3 (180-270<U+00B0>),Q3 (180-270<U+00B0>),TRUE,TRUE,Correct,225,2.385943999999995,2.385943999999995,2.385943999999995,2.385943999999995,TRUE
165037,18,righth,1,yes,2,"""10+""",98,135,136.339138,4955,2734,"{""last_time"": 2734, ""sample_1_x"": 704, ""sample_2_y"": 352.5, ""sample_2_x"": 664, ""last_x"": 559, ""sample_0_time"": 9, ""sample_3_y"": 292.5, ""sample_1_y"": 389.5, ""sample_0_y"": 420.5, ""sample_4_y"": 240.5, ""sample_3_x"": 603, ""sample_4_time"": 2734, ""first_y"": 420.5, ""sample_1_time"": 609, ""first_time"": 9, ""last_y"": 240.5, ""sample_3_time"": 1818, ""sample_2_time"": 1217, ""sample_0_x"": 740, ""count"": 290, ""sample_4_x"": 559, ""first_x"": 740}",Q2 (90-180<U+00B0>),Q2 (90-180<U+00B0>),TRUE,TRUE,Correct,135,1.3391379999999913,1.3391379999999913,1.3391379999999913,1.3391379999999913,TRUE
165037,18,righth,1,yes,2,"""10+""",99,135,137.9814612,3432,2058,"{""first_x"": 741, ""sample_1_time"": 516, ""sample_3_x"": 597, ""sample_2_time"": 1033, ""last_y"": 246.5, ""first_y"": 419.5, ""sample_1_x"": 695, ""sample_0_y"": 419.5, ""sample_2_x"": 652, ""sample_3_y"": 300.5, ""sample_1_y"": 387.5, ""sample_4_time"": 2058, ""sample_4_y"": 246.5, ""sample_0_time"": 8, ""last_time"": 2058, ""count"": 247, ""first_time"": 8, ""last_x"": 554, ""sample_4_x"": 554, ""sample_2_y"": 353.5, ""sample_0_x"": 741, ""sample_3_time"": 1549}",Q2 (90-180<U+00B0>),Q2 (90-180<U+00B0>),TRUE,TRUE,Correct,135,2.9814612000000125,2.9814612000000125,2.9814612000000125,2.9814612000000125,TRUE
165037,18,righth,1,yes,2,"""10+""",100,225,223.0660721,3266,2016,"{""count"": 242, ""sample_0_x"": 739, ""sample_2_time"": 1016, ""sample_4_time"": 2016, ""sample_4_x"": 557, ""sample_3_x"": 597, ""first_time"": 7, ""sample_3_time"": 1516, ""first_x"": 739, ""sample_1_x"": 697, ""sample_2_x"": 649, ""sample_3_y"": 565.5, ""last_time"": 2016, ""first_y"": 429.5, ""sample_1_y"": 454.5, ""sample_2_y"": 510.5, ""sample_0_time"": 7, ""last_x"": 557, ""sample_0_y"": 429.5, ""sample_4_y"": 614.5, ""last_y"": 614.5, ""sample_1_time"": 507}",Q3 (180-270<U+00B0>),Q3 (180-270<U+00B0>),TRUE,TRUE,Correct,225,1.9339278999999863,1.9339278999999863,1.9339278999999863,1.9339278999999863,TRUE
165127,19,righth,2,yes,4,"""10+""",21,225,226.914951,3665,516,"{""first_y"": 378.5, ""first_x"": 718, ""sample_1_y"": 445.5, ""sample_0_y"": 378.5, ""sample_2_x"": 614, ""sample_0_time"": 16, ""sample_4_x"": 576, ""sample_3_x"": 596, ""last_time"": 516, ""sample_3_y"": 514.5, ""first_time"": 16, ""sample_2_y"": 489.5, ""sample_1_x"": 661, ""last_y"": 535.5, ""last_x"": 576, ""sample_1_time"": 133, ""sample_4_y"": 535.5, ""sample_3_time"": 399, ""count"": 31, ""sample_0_x"": 718, ""sample_2_time"": 266, ""sample_4_time"": 516}",Q3 (180-270<U+00B0>),Q3 (180-270<U+00B0>),TRUE,TRUE,Correct,225,1.914951000000002,1.914951000000002,1.914951000000002,1.914951000000002,TRUE
165127,19,righth,2,yes,4,"""10+""",22,135,139.1930686,2465,2250,"{""first_time"": 17, ""sample_2_y"": 309.5, ""count"": 100, ""first_y"": 353.5, ""sample_0_y"": 353.5, ""last_x"": 552, ""sample_4_time"": 2250, ""sample_0_x"": 755, ""sample_1_time"": 433, ""sample_2_time"": 1269, ""sample_0_time"": 17, ""sample_1_y"": 285.5, ""last_time"": 2250, ""last_y"": 207.5, ""sample_4_y"": 207.5, ""sample_3_y"": 288.5, ""sample_1_x"": 822, ""sample_2_x"": 786, ""sample_3_time"": 1817, ""first_x"": 755, ""sample_3_x"": 593, ""sample_4_x"": 552}",Q2 (90-180<U+00B0>),Q2 (90-180<U+00B0>),TRUE,TRUE,Correct,135,4.193068600000004,4.193068600000004,4.193068600000004,4.193068600000004,TRUE
165127,19,righth,2,yes,4,"""10+""",23,45,47.26278981,2498,1034,"{""first_y"": 353.5, ""last_y"": 194.5, ""sample_4_y"": 194.5, ""count"": 62, ""sample_2_time"": 533, ""sample_4_time"": 1033, ""sample_0_x"": 753, ""sample_3_time"": 783, ""sample_1_x"": 787, ""sample_4_x"": 893, ""sample_0_time"": 17, ""sample_3_x"": 845, ""last_time"": 1033, ""first_time"": 17, ""sample_2_x"": 812, ""sample_2_y"": 282.5, ""first_x"": 753, ""last_x"": 893, ""sample_1_time"": 267, ""sample_3_y"": 249.5, ""sample_1_y"": 311.5, ""sample_0_y"": 353.5}",Q1 (0-90<U+00B0>),Q1 (0-90<U+00B0>),TRUE,TRUE,Correct,45,2.262789810000001,2.262789810000001,2.262789810000001,2.262789810000001,TRUE
165127,19,righth,2,yes,4,"""10+""",24,135,136.9033888,2448,1117,"{""last_x"": 564, ""sample_1_y"": 302.5, ""sample_1_time"": 283, ""sample_0_y"": 352.5, ""sample_1_x"": 653, ""sample_2_time"": 566, ""sample_4_y"": 205.5, ""first_y"": 352.5, ""sample_4_x"": 564, ""count"": 67, ""first_x"": 712, ""sample_0_time"": 17, ""sample_2_y"": 243.5, ""first_time"": 17, ""sample_3_time"": 850, ""sample_4_time"": 1117, ""sample_3_x"": 590, ""sample_3_y"": 224.5, ""last_y"": 205.5, ""sample_2_x"": 609, ""sample_0_x"": 712, ""last_time"": 1117}",Q2 (90-180<U+00B0>),Q2 (90-180<U+00B0>),TRUE,TRUE,Correct,135,1.9033887999999877,1.9033887999999877,1.9033887999999877,1.9033887999999877,TRUE
165127,19,righth,2,yes,4,"""10+""",25,45,42.90474744,2615,884,"{""sample_1_time"": 216, ""sample_0_x"": 748, ""first_x"": 748, ""sample_4_time"": 883, ""count"": 49, ""last_y"": 207.5, ""sample_3_y"": 231.5, ""sample_3_time"": 683, ""sample_1_y"": 288.5, ""sample_0_y"": 350.5, ""sample_2_time"": 483, ""sample_0_time"": 16, ""sample_3_x"": 880, ""last_time"": 883, ""first_time"": 16, ""sample_4_y"": 207.5, ""sample_1_x"": 803, ""sample_2_x"": 831, ""sample_2_y"": 267.5, ""last_x"": 905, ""first_y"": 350.5, ""sample_4_x"": 905}",Q1 (0-90<U+00B0>),Q1 (0-90<U+00B0>),TRUE,TRUE,Correct,45,2.0952525599999987,2.0952525599999987,2.0952525599999987,2.0952525599999987,TRUE
165127,19,righth,2,yes,4,"""10+""",26,315,311.8778695,2532,1100,"{""sample_3_y"": 475.5, ""sample_0_x"": 754, ""sample_4_time"": 1100, ""sample_1_x"": 794, ""sample_2_x"": 822, ""sample_0_y"": 383.5, ""last_y"": 539.5, ""sample_4_y"": 539.5, ""last_time"": 1100, ""sample_2_y"": 462.5, ""count"": 45, ""first_time"": 17, ""sample_4_x"": 891, ""sample_2_time"": 383, ""sample_1_y"": 429.5, ""sample_3_time"": 917, ""first_y"": 383.5, ""sample_0_time"": 17, ""first_x"": 754, ""sample_3_x"": 833, ""sample_1_time"": 200, ""last_x"": 891}",Q4 (270-360<U+00B0>),Q4 (270-360<U+00B0>),TRUE,TRUE,Correct,315,3.1221305000000257,3.1221305000000257,3.1221305000000257,3.1221305000000257,TRUE
165127,19,righth,2,yes,4,"""10+""",27,135,137.4002145,2515,3218,"{""first_y"": 353.5, ""sample_2_y"": 233.5, ""sample_3_x"": 676, ""first_time"": 17, ""sample_1_y"": 281.5, ""sample_3_y"": 289.5, ""last_time"": 3217, ""sample_4_y"": 205.5, ""count"": 142, ""sample_4_time"": 3217, ""sample_2_time"": 1517, ""sample_4_x"": 561, ""sample_1_time"": 717, ""sample_3_time"": 2200, ""sample_2_x"": 879, ""sample_0_time"": 17, ""sample_1_x"": 833, ""sample_0_y"": 353.5, ""last_y"": 205.5, ""first_x"": 755, ""last_x"": 561, ""sample_0_x"": 755}",Q2 (90-180<U+00B0>),Q2 (90-180<U+00B0>),TRUE,TRUE,Correct,135,2.400214500000004,2.400214500000004,2.400214500000004,2.400214500000004,TRUE
165127,19,righth,2,yes,4,"""10+""",28,45,45,2698,1400,"{""sample_4_time"": 1400, ""last_y"": 199.5, ""first_x"": 706, ""count"": 63, ""sample_3_y"": 279.5, ""sample_0_time"": 16, ""sample_3_time"": 1151, ""sample_2_time"": 833, ""sample_2_x"": 767, ""sample_0_y"": 346.5, ""sample_4_y"": 199.5, ""first_y"": 346.5, ""sample_4_x"": 901, ""sample_1_time"": 578, ""last_x"": 901, ""first_time"": 16, ""sample_2_y"": 296.5, ""sample_0_x"": 706, ""sample_3_x"": 811, ""last_time"": 1400, ""sample_1_x"": 664, ""sample_1_y"": 310.5}",Q1 (0-90<U+00B0>),Q1 (0-90<U+00B0>),TRUE,TRUE,Correct,45,0,0,0,0,TRUE
165127,19,righth,2,yes,4,"""10+""",29,315,315.1741508,2582,2151,"{""sample_2_time"": 1116, ""first_time"": 17, ""sample_0_y"": 380.5, ""sample_1_time"": 367, ""sample_3_x"": 819, ""sample_4_x"": 900, ""sample_4_y"": 529.5, ""sample_0_time"": 17, ""sample_1_x"": 663, ""last_x"": 900, ""sample_0_x"": 720, ""sample_2_x"": 655, ""last_time"": 2150, ""last_y"": 529.5, ""sample_2_y"": 432.5, ""first_x"": 720, ""sample_4_time"": 2150, ""sample_3_y"": 437.5, ""first_y"": 380.5, ""sample_1_y"": 422.5, ""sample_3_time"": 1467, ""count"": 84}",Q4 (270-360<U+00B0>),Q4 (270-360<U+00B0>),TRUE,TRUE,Correct,315,0.1741508000000067,0.1741508000000067,0.1741508000000067,0.1741508000000067,TRUE
165127,19,righth,2,yes,4,"""10+""",30,135,136.566971,2482,2500,"{""first_x"": 756, ""sample_0_y"": 361.5, ""sample_2_time"": 1383, ""sample_1_time"": 617, ""sample_1_y"": 305.5, ""count"": 127, ""sample_3_time"": 1983, ""last_y"": 205.5, ""sample_0_time"": 17, ""sample_3_x"": 610, ""sample_2_y"": 312.5, ""sample_2_x"": 740, ""first_time"": 17, ""first_y"": 361.5, ""sample_4_y"": 205.5, ""sample_1_x"": 805, ""sample_4_time"": 2500, ""sample_0_x"": 756, ""sample_4_x"": 566, ""last_x"": 566, ""last_time"": 2500, ""sample_3_y"": 250.5}",Q2 (90-180<U+00B0>),Q2 (90-180<U+00B0>),TRUE,TRUE,Correct,135,1.5669709999999952,1.5669709999999952,1.5669709999999952,1.5669709999999952,TRUE
165127,19,righth,2,yes,4,"""10+""",31,135,140.5721978,2365,867,"{""sample_0_time"": 17, ""last_x"": 555, ""sample_2_y"": 259.5, ""sample_1_x"": 638, ""first_time"": 17, ""last_time"": 866, ""last_y"": 217.5, ""sample_0_x"": 717, ""sample_4_y"": 217.5, ""count"": 52, ""sample_1_y"": 287.5, ""sample_0_y"": 345.5, ""sample_2_time"": 450, ""sample_3_y"": 237.5, ""first_y"": 345.5, ""sample_4_time"": 866, ""sample_3_x"": 576, ""sample_4_x"": 555, ""sample_3_time"": 667, ""sample_1_time"": 233, ""sample_2_x"": 600, ""first_x"": 717}",Q2 (90-180<U+00B0>),Q2 (90-180<U+00B0>),TRUE,TRUE,Correct,135,5.572197799999998,5.572197799999998,5.572197799999998,5.572197799999998,TRUE
165127,19,righth,2,yes,4,"""10+""",32,45,42.57072668,2382,1100,"{""sample_2_time"": 567, ""first_y"": 360.5, ""sample_3_y"": 245.5, ""sample_0_y"": 360.5, ""sample_1_y"": 307.5, ""count"": 66, ""sample_2_x"": 853, ""sample_4_time"": 1100, ""sample_1_time"": 283, ""sample_2_y"": 267.5, ""last_y"": 207.5, ""last_x"": 907, ""sample_4_x"": 907, ""sample_3_time"": 833, ""sample_4_y"": 207.5, ""first_time"": 17, ""first_x"": 756, ""sample_3_x"": 869, ""sample_1_x"": 821, ""sample_0_x"": 756, ""last_time"": 1100, ""sample_0_time"": 17}",Q1 (0-90<U+00B0>),Q1 (0-90<U+00B0>),TRUE,TRUE,Correct,45,2.42927332,2.42927332,2.42927332,2.42927332,TRUE
165127,19,righth,2,yes,4,"""10+""",33,135,138.3253737,2216,1133,"{""first_x"": 722, ""sample_4_time"": 1133, ""last_time"": 1133, ""sample_2_y"": 253.5, ""sample_2_x"": 601, ""sample_1_time"": 283, ""count"": 66, ""last_x"": 562, ""sample_4_y"": 211.5, ""sample_1_x"": 660, ""sample_0_y"": 345.5, ""first_time"": 16, ""sample_0_x"": 722, ""last_y"": 211.5, ""sample_1_y"": 297.5, ""sample_0_time"": 16, ""sample_3_time"": 833, ""first_y"": 345.5, ""sample_3_x"": 579, ""sample_4_x"": 562, ""sample_2_time"": 566, ""sample_3_y"": 231.5}",Q2 (90-180<U+00B0>),Q2 (90-180<U+00B0>),TRUE,TRUE,Correct,135,3.3253737,3.3253737,3.3253737,3.3253737,TRUE
165127,19,righth,2,yes,4,"""10+""",34,225,226.7462816,2399,1217,"{""sample_1_time"": 217, ""last_time"": 1217, ""sample_0_time"": 17, ""sample_2_y"": 463.5, ""count"": 51, ""sample_1_y"": 427.5, ""sample_2_x"": 654, ""sample_0_x"": 726, ""first_y"": 386.5, ""last_x"": 576, ""sample_2_time"": 433, ""sample_3_x"": 601, ""sample_1_x"": 696, ""sample_4_y"": 534.5, ""first_time"": 17, ""sample_4_x"": 576, ""sample_3_y"": 506.5, ""first_x"": 726, ""sample_0_y"": 386.5, ""sample_3_time"": 1017, ""sample_4_time"": 1217, ""last_y"": 534.5}",Q3 (180-270<U+00B0>),Q3 (180-270<U+00B0>),TRUE,TRUE,Correct,225,1.7462816000000032,1.7462816000000032,1.7462816000000032,1.7462816000000032,TRUE
165127,19,righth,2,yes,4,"""10+""",35,315,315.1690136,1998,1383,"{""sample_2_y"": 480.5, ""sample_4_time"": 1383, ""sample_0_y"": 376.5, ""sample_2_time"": 616, ""sample_4_x"": 905, ""last_x"": 905, ""sample_0_x"": 752, ""sample_3_time"": 916, ""first_time"": 17, ""sample_3_x"": 877, ""sample_3_y"": 506.5, ""sample_1_y"": 421.5, ""sample_1_time"": 316, ""last_time"": 1383, ""first_x"": 752, ""sample_2_x"": 846, ""last_y"": 534.5, ""count"": 73, ""sample_4_y"": 534.5, ""first_y"": 376.5, ""sample_0_time"": 17, ""sample_1_x"": 793}",Q4 (270-360<U+00B0>),Q4 (270-360<U+00B0>),TRUE,TRUE,Correct,315,0.16901360000002796,0.16901360000002796,0.16901360000002796,0.16901360000002796,TRUE
165127,19,righth,2,yes,4,"""10+""",36,45,43.61128341,2465,1100,"{""count"": 64, ""last_time"": 1100, ""sample_4_y"": 204.5, ""sample_2_time"": 549, ""sample_1_y"": 294.5, ""sample_1_time"": 283, ""first_time"": 15, ""sample_1_x"": 801, ""sample_3_x"": 867, ""sample_3_y"": 227.5, ""sample_4_time"": 1100, ""sample_0_time"": 15, ""sample_0_x"": 744, ""first_y"": 345.5, ""sample_2_x"": 832, ""sample_4_x"": 904, ""sample_3_time"": 816, ""last_x"": 904, ""first_x"": 744, ""sample_0_y"": 345.5, ""sample_2_y"": 270.5, ""last_y"": 204.5}",Q1 (0-90<U+00B0>),Q1 (0-90<U+00B0>),TRUE,TRUE,Correct,45,1.3887165900000014,1.3887165900000014,1.3887165900000014,1.3887165900000014,TRUE
165127,19,righth,2,yes,4,"""10+""",37,135,139.3719066,1999,950,"{""sample_4_x"": 559, ""sample_0_y"": 346.5, ""sample_1_x"": 645, ""sample_3_x"": 582, ""sample_4_time"": 950, ""sample_3_y"": 242.5, ""sample_4_y"": 214.5, ""sample_0_x"": 709, ""sample_2_x"": 609, ""first_x"": 709, ""last_time"": 950, ""last_y"": 214.5, ""sample_0_time"": 17, ""count"": 57, ""last_x"": 559, ""first_time"": 17, ""sample_3_time"": 717, ""sample_1_y"": 293.5, ""sample_1_time"": 250, ""sample_2_time"": 483, ""sample_2_y"": 267.5, ""first_y"": 346.5}",Q2 (90-180<U+00B0>),Q2 (90-180<U+00B0>),TRUE,TRUE,Correct,135,4.371906599999988,4.371906599999988,4.371906599999988,4.371906599999988,TRUE
165127,19,righth,2,yes,4,"""10+""",38,45,43.60281897,2698,950,"{""sample_3_y"": 254.5, ""sample_0_y"": 348.5, ""sample_3_x"": 852, ""sample_4_y"": 205.5, ""count"": 51, ""sample_1_x"": 792, ""sample_2_time"": 536, ""sample_0_time"": 17, ""sample_4_x"": 903, ""sample_1_time"": 217, ""sample_2_x"": 832, ""sample_3_time"": 750, ""last_x"": 903, ""first_time"": 17, ""first_x"": 750, ""sample_4_time"": 950, ""sample_0_x"": 750, ""last_time"": 950, ""first_y"": 348.5, ""last_y"": 205.5, ""sample_2_y"": 282.5, ""sample_1_y"": 312.5}",Q1 (0-90<U+00B0>),Q1 (0-90<U+00B0>),TRUE,TRUE,Correct,45,1.3971810299999987,1.3971810299999987,1.3971810299999987,1.3971810299999987,TRUE
165127,19,righth,2,yes,4,"""10+""",39,225,315,1616,2917,"{""sample_2_y"": 444.5, ""sample_1_x"": 629, ""first_y"": 377.5, ""count"": 156, ""last_time"": 2916, ""sample_1_y"": 464.5, ""sample_4_time"": 2916, ""sample_2_x"": 652, ""sample_4_y"": 534.5, ""sample_3_x"": 720, ""sample_0_time"": 16, ""sample_0_x"": 722, ""sample_1_time"": 666, ""last_y"": 534.5, ""sample_4_x"": 904, ""sample_0_y"": 377.5, ""first_x"": 722, ""sample_3_time"": 2099, ""sample_2_time"": 1349, ""first_time"": 16, ""sample_3_y"": 401.5, ""last_x"": 904}",Q3 (180-270<U+00B0>),Q4 (270-360<U+00B0>),FALSE,TRUE,Formant,315,0,0,90,90,FALSE
165127,19,righth,2,yes,4,"""10+""",40,315,226.397181,2348,1100,"{""sample_4_time"": 1100, ""sample_3_y"": 497.5, ""sample_1_time"": 283, ""sample_2_y"": 475.5, ""sample_3_x"": 608, ""sample_0_time"": 17, ""sample_1_y"": 428.5, ""sample_0_y"": 377.5, ""last_y"": 533.5, ""sample_4_y"": 533.5, ""first_y"": 377.5, ""sample_3_time"": 833, ""last_time"": 1100, ""sample_2_x"": 625, ""sample_2_time"": 567, ""sample_4_x"": 575, ""count"": 66, ""sample_1_x"": 659, ""sample_0_x"": 720, ""last_x"": 575, ""first_time"": 17, ""first_x"": 720}",Q4 (270-360<U+00B0>),Q3 (180-270<U+00B0>),FALSE,TRUE,Formant,225,1.3971809999999891,1.3971809999999891,88.60281900000001,88.60281900000001,FALSE
165127,19,righth,2,yes,4,"""10+""",41,45,46.21887524,2480,1319,"{""sample_4_y"": 197.5, ""sample_4_x"": 896, ""first_x"": 751, ""sample_1_y"": 310.5, ""sample_3_x"": 857, ""sample_2_x"": 819, ""last_time"": 1319, ""sample_1_x"": 789, ""sample_0_y"": 358.5, ""first_time"": 3, ""sample_3_y"": 239.5, ""sample_0_time"": 3, ""last_x"": 896, ""sample_2_time"": 519, ""sample_4_time"": 1319, ""last_y"": 197.5, ""sample_2_y"": 270.5, ""sample_0_x"": 751, ""first_y"": 358.5, ""sample_3_time"": 1081, ""sample_1_time"": 252, ""count"": 62}",Q1 (0-90<U+00B0>),Q1 (0-90<U+00B0>),TRUE,TRUE,Correct,45,1.2188752400000027,1.2188752400000027,1.2188752400000027,1.2188752400000027,TRUE
165127,19,righth,2,yes,4,"""10+""",42,225,225.5224394,2848,2184,"{""sample_2_time"": 1317, ""sample_4_y"": 531.5, ""sample_0_y"": 381.5, ""last_time"": 2184, ""sample_3_y"": 485.5, ""sample_1_x"": 783, ""first_x"": 744, ""sample_3_time"": 1717, ""first_time"": 17, ""sample_3_x"": 611, ""sample_1_time"": 708, ""first_y"": 381.5, ""sample_2_x"": 705, ""sample_4_time"": 2184, ""sample_4_x"": 572, ""sample_1_y"": 410.5, ""count"": 96, ""last_x"": 572, ""sample_2_y"": 437.5, ""sample_0_time"": 17, ""sample_0_x"": 744, ""last_y"": 531.5}",Q3 (180-270<U+00B0>),Q3 (180-270<U+00B0>),TRUE,TRUE,Correct,225,0.5224393999999961,0.5224393999999961,0.5224393999999961,0.5224393999999961,TRUE
165127,19,righth,2,yes,4,"""10+""",43,315,313.4518423,2331,1351,"{""sample_3_y"": 499.5, ""sample_1_time"": 284, ""sample_2_time"": 567, ""first_x"": 744, ""sample_2_y"": 476.5, ""first_time"": 17, ""sample_1_y"": 460.5, ""last_x"": 897, ""sample_0_x"": 744, ""count"": 67, ""last_time"": 1351, ""sample_0_y"": 391.5, ""sample_1_x"": 799, ""last_y"": 536.5, ""sample_2_x"": 831, ""first_y"": 391.5, ""sample_4_y"": 536.5, ""sample_3_x"": 853, ""sample_0_time"": 17, ""sample_3_time"": 850, ""sample_4_x"": 897, ""sample_4_time"": 1351}",Q4 (270-360<U+00B0>),Q4 (270-360<U+00B0>),TRUE,TRUE,Correct,315,1.5481576999999902,1.5481576999999902,1.5481576999999902,1.5481576999999902,TRUE
165127,19,righth,2,yes,4,"""10+""",44,315,313.602819,2198,1450,"{""sample_2_y"": 479.5, ""sample_3_y"": 508.5, ""sample_3_x"": 872, ""first_x"": 744, ""sample_1_y"": 438.5, ""sample_0_time"": 17, ""first_y"": 386.5, ""first_time"": 17, ""count"": 87, ""sample_0_y"": 386.5, ""sample_4_x"": 895, ""sample_4_y"": 533.5, ""sample_3_time"": 1100, ""sample_1_x"": 798, ""sample_2_time"": 733, ""last_x"": 895, ""sample_2_x"": 841, ""last_y"": 533.5, ""sample_0_x"": 744, ""sample_4_time"": 1450, ""sample_1_time"": 367, ""last_time"": 1450}",Q4 (270-360<U+00B0>),Q4 (270-360<U+00B0>),TRUE,TRUE,Correct,315,1.3971809999999891,1.3971809999999891,1.3971809999999891,1.3971809999999891,TRUE
165127,19,righth,2,yes,4,"""10+""",45,225,222.7372102,1766,733,"{""sample_3_x"": 587, ""sample_4_y"": 523.5, ""count"": 44, ""sample_4_x"": 564, ""sample_2_y"": 466.5, ""first_time"": 16, ""sample_1_y"": 432.5, ""sample_0_x"": 717, ""first_y"": 386.5, ""last_x"": 564, ""sample_2_time"": 383, ""sample_0_y"": 386.5, ""sample_0_time"": 16, ""last_time"": 733, ""sample_3_y"": 499.5, ""sample_3_time"": 566, ""sample_4_time"": 733, ""sample_1_x"": 648, ""first_x"": 717, ""last_y"": 523.5, ""sample_1_time"": 200, ""sample_2_x"": 619}",Q3 (180-270<U+00B0>),Q3 (180-270<U+00B0>),TRUE,TRUE,Correct,225,2.2627898000000073,2.2627898000000073,2.2627898000000073,2.2627898000000073,TRUE
165127,19,righth,2,yes,4,"""10+""",46,135,219.5844749,248,684,"{""sample_4_x"": 556, ""last_x"": 556, ""sample_2_y"": 473.5, ""first_y"": 398.5, ""sample_4_time"": 684, ""sample_3_time"": 517, ""sample_2_time"": 350, ""sample_3_y"": 487.5, ""last_y"": 513.5, ""sample_4_y"": 513.5, ""count"": 41, ""sample_0_x"": 685, ""first_x"": 685, ""sample_2_x"": 593, ""sample_1_time"": 183, ""sample_1_x"": 621, ""sample_0_time"": 17, ""sample_1_y"": 447.5, ""first_time"": 17, ""sample_0_y"": 398.5, ""sample_3_x"": 582, ""last_time"": 684}",Q2 (90-180<U+00B0>),Q3 (180-270<U+00B0>),TRUE,FALSE,Frequency,225,5.415525099999996,5.415525099999996,84.5844749,84.5844749,FALSE
165127,19,righth,2,yes,4,"""10+""",47,135,45,582,717,"{""sample_2_y"": 280.5, ""sample_4_x"": 899, ""sample_3_y"": 254.5, ""last_y"": 201.5, ""sample_3_x"": 847, ""sample_1_y"": 308.5, ""first_x"": 758, ""last_time"": 717, ""sample_0_x"": 758, ""first_y"": 347.5, ""sample_4_y"": 201.5, ""sample_0_time"": 17, ""last_x"": 899, ""sample_4_time"": 717, ""sample_0_y"": 347.5, ""sample_1_time"": 184, ""sample_2_x"": 819, ""sample_2_time"": 367, ""count"": 43, ""sample_3_time"": 550, ""sample_1_x"": 791, ""first_time"": 17}",Q2 (90-180<U+00B0>),Q1 (0-90<U+00B0>),FALSE,TRUE,Formant,45,0,0,90,90,FALSE
165127,19,righth,2,yes,4,"""10+""",48,225,227.2627898,2249,2233,"{""sample_1_y"": 449.5, ""sample_0_time"": 16, ""last_y"": 536.5, ""sample_2_x"": 869, ""count"": 122, ""last_time"": 2233, ""sample_1_x"": 836, ""first_y"": 383.5, ""sample_0_x"": 747, ""sample_4_time"": 2233, ""sample_2_y"": 491.5, ""sample_3_x"": 664, ""sample_1_time"": 516, ""sample_3_y"": 460.5, ""sample_4_y"": 536.5, ""sample_3_time"": 1733, ""first_time"": 16, ""sample_2_time"": 1233, ""first_x"": 747, ""sample_4_x"": 577, ""sample_0_y"": 383.5, ""last_x"": 577}",Q3 (180-270<U+00B0>),Q3 (180-270<U+00B0>),TRUE,TRUE,Correct,225,2.2627898000000073,2.2627898000000073,2.2627898000000073,2.2627898000000073,TRUE
165127,19,righth,2,yes,4,"""10+""",49,225,226.5575075,2331,1251,"{""sample_4_time"": 1251, ""first_time"": 17, ""sample_0_y"": 380.5, ""last_x"": 574, ""count"": 65, ""sample_1_time"": 354, ""sample_0_time"": 17, ""sample_1_x"": 663, ""sample_2_time"": 617, ""sample_1_y"": 426.5, ""sample_3_y"": 487.5, ""sample_2_y"": 474.5, ""last_time"": 1251, ""last_y"": 535.5, ""sample_3_x"": 608, ""sample_4_y"": 535.5, ""sample_4_x"": 574, ""sample_0_x"": 719, ""sample_2_x"": 616, ""sample_3_time"": 984, ""first_y"": 380.5, ""first_x"": 719}",Q3 (180-270<U+00B0>),Q3 (180-270<U+00B0>),TRUE,TRUE,Correct,225,1.557507500000014,1.557507500000014,1.557507500000014,1.557507500000014,TRUE
165127,19,righth,2,yes,4,"""10+""",50,225,221.1627379,2315,1332,"{""last_x"": 560, ""sample_0_y"": 384.5, ""sample_4_y"": 518.5, ""sample_1_x"": 679, ""last_y"": 518.5, ""sample_0_x"": 718, ""count"": 56, ""sample_3_time"": 1116, ""sample_3_y"": 483.5, ""first_x"": 718, ""first_y"": 384.5, ""sample_1_y"": 413.5, ""sample_2_y"": 450.5, ""last_time"": 1332, ""sample_3_x"": 602, ""sample_2_time"": 566, ""sample_1_time"": 250, ""sample_2_x"": 639, ""sample_4_x"": 560, ""first_time"": 15, ""sample_4_time"": 1332, ""sample_0_time"": 15}",Q3 (180-270<U+00B0>),Q3 (180-270<U+00B0>),TRUE,TRUE,Correct,225,3.837262100000004,3.837262100000004,3.837262100000004,3.837262100000004,TRUE
165127,19,righth,2,yes,4,"""10+""",51,225,224.4775606,2182,2033,"{""sample_0_x"": 722, ""sample_2_y"": 473.5, ""first_time"": 17, ""sample_2_time"": 1167, ""sample_1_y"": 444.5, ""sample_3_time"": 1584, ""count"": 101, ""sample_4_y"": 528.5, ""sample_2_x"": 621, ""last_x"": 569, ""first_y"": 377.5, ""sample_4_time"": 2033, ""sample_0_y"": 377.5, ""first_x"": 722, ""last_time"": 2033, ""sample_1_time"": 434, ""sample_0_time"": 17, ""last_y"": 528.5, ""sample_3_x"": 586, ""sample_3_y"": 516.5, ""sample_4_x"": 569, ""sample_1_x"": 650}",Q3 (180-270<U+00B0>),Q3 (180-270<U+00B0>),TRUE,TRUE,Correct,225,0.5224393999999961,0.5224393999999961,0.5224393999999961,0.5224393999999961,TRUE
165127,19,righth,2,yes,4,"""10+""",52,135,132.7508686,2415,2200,"{""sample_2_time"": 1117, ""count"": 119, ""last_time"": 2200, ""sample_4_time"": 2200, ""sample_4_x"": 576, ""sample_2_x"": 869, ""sample_0_x"": 745, ""first_x"": 745, ""first_y"": 345.5, ""sample_3_x"": 666, ""sample_1_y"": 264.5, ""last_y"": 193.5, ""sample_2_y"": 231.5, ""sample_4_y"": 193.5, ""sample_1_x"": 828, ""sample_0_y"": 345.5, ""sample_3_time"": 1684, ""sample_0_time"": 16, ""first_time"": 16, ""sample_3_y"": 285.5, ""sample_1_time"": 500, ""last_x"": 576}",Q2 (90-180<U+00B0>),Q2 (90-180<U+00B0>),TRUE,TRUE,Correct,135,2.24913140000001,2.24913140000001,2.24913140000001,2.24913140000001,TRUE
165127,19,righth,2,yes,4,"""10+""",53,135,139.6633491,2166,1417,"{""last_y"": 213.5, ""sample_3_y"": 250.5, ""last_time"": 1416, ""sample_1_y"": 326.5, ""first_x"": 713, ""sample_2_time"": 550, ""sample_2_y"": 281.5, ""last_x"": 556, ""sample_4_x"": 556, ""sample_3_x"": 592, ""sample_1_x"": 663, ""sample_3_time"": 1116, ""sample_0_x"": 713, ""sample_0_time"": 16, ""first_y"": 361.5, ""sample_2_x"": 630, ""sample_4_y"": 213.5, ""sample_4_time"": 1416, ""sample_1_time"": 283, ""count"": 65, ""sample_0_y"": 361.5, ""first_time"": 16}",Q2 (90-180<U+00B0>),Q2 (90-180<U+00B0>),TRUE,TRUE,Correct,135,4.663349100000005,4.663349100000005,4.663349100000005,4.663349100000005,TRUE
165127,19,righth,2,yes,4,"""10+""",54,225,222.2072976,2214,1382,"{""last_x"": 563, ""sample_4_y"": 521.5, ""sample_2_x"": 632, ""last_time"": 1382, ""first_x"": 717, ""sample_0_x"": 717, ""sample_1_x"": 657, ""sample_3_y"": 476.5, ""first_time"": 16, ""first_y"": 372.5, ""sample_2_y"": 450.5, ""sample_3_x"": 613, ""sample_0_time"": 16, ""sample_3_time"": 966, ""sample_4_x"": 563, ""last_y"": 521.5, ""sample_0_y"": 372.5, ""sample_2_time"": 649, ""count"": 76, ""sample_1_time"": 333, ""sample_1_y"": 426.5, ""sample_4_time"": 1382}",Q3 (180-270<U+00B0>),Q3 (180-270<U+00B0>),TRUE,TRUE,Correct,225,2.792702399999996,2.792702399999996,2.792702399999996,2.792702399999996,TRUE
165127,19,righth,2,yes,4,"""10+""",55,315,314.6506398,1433,966,"{""sample_4_y"": 530.5, ""sample_1_y"": 424.5, ""first_y"": 379.5, ""sample_0_x"": 754, ""sample_0_time"": 17, ""sample_4_time"": 966, ""sample_2_y"": 464.5, ""sample_2_x"": 851, ""first_time"": 17, ""sample_0_y"": 379.5, ""sample_3_y"": 510.5, ""sample_4_x"": 898, ""count"": 58, ""first_x"": 754, ""last_x"": 898, ""sample_3_x"": 886, ""sample_1_time"": 250, ""last_time"": 966, ""sample_3_time"": 733, ""sample_1_x"": 793, ""sample_2_time"": 500, ""last_y"": 530.5}",Q4 (270-360<U+00B0>),Q4 (270-360<U+00B0>),TRUE,TRUE,Correct,315,0.34936019999997825,0.34936019999997825,0.34936019999997825,0.34936019999997825,TRUE
165127,19,righth,2,yes,4,"""10+""",56,225,221.6746263,1932,1366,"{""count"": 82, ""sample_2_x"": 615, ""sample_0_time"": 16, ""sample_4_y"": 519.5, ""sample_3_y"": 484.5, ""sample_2_y"": 461.5, ""last_x"": 562, ""first_time"": 16, ""sample_1_y"": 400.5, ""sample_1_time"": 350, ""sample_0_y"": 376.5, ""sample_0_x"": 724, ""sample_2_time"": 700, ""last_y"": 519.5, ""sample_3_time"": 1033, ""sample_4_x"": 562, ""last_time"": 1366, ""sample_3_x"": 591, ""sample_4_time"": 1366, ""first_y"": 376.5, ""sample_1_x"": 675, ""first_x"": 724}",Q3 (180-270<U+00B0>),Q3 (180-270<U+00B0>),TRUE,TRUE,Correct,225,3.3253737,3.3253737,3.3253737,3.3253737,TRUE
165127,19,righth,2,yes,4,"""10+""",57,135,136.566971,1915,2468,"{""sample_1_y"": 282.5, ""first_time"": 17, ""last_y"": 205.5, ""sample_2_y"": 214.5, ""last_time"": 2467, ""count"": 126, ""sample_2_time"": 1123, ""first_x"": 752, ""sample_3_y"": 296.5, ""sample_4_time"": 2467, ""last_x"": 566, ""sample_1_time"": 534, ""first_y"": 359.5, ""sample_0_time"": 17, ""sample_3_x"": 678, ""sample_4_y"": 205.5, ""sample_2_x"": 877, ""sample_4_x"": 566, ""sample_1_x"": 815, ""sample_0_x"": 752, ""sample_0_y"": 359.5, ""sample_3_time"": 1700}",Q2 (90-180<U+00B0>),Q2 (90-180<U+00B0>),TRUE,TRUE,Correct,135,1.5669709999999952,1.5669709999999952,1.5669709999999952,1.5669709999999952,TRUE
165127,19,righth,2,yes,4,"""10+""",58,315,314.4807171,1749,2333,"{""last_x"": 899, ""sample_2_x"": 588, ""last_time"": 2333, ""sample_0_x"": 721, ""sample_1_time"": 483, ""sample_4_y"": 532.5, ""sample_2_time"": 949, ""sample_4_x"": 899, ""first_y"": 383.5, ""sample_3_y"": 464.5, ""count"": 110, ""first_time"": 16, ""first_x"": 721, ""sample_2_y"": 507.5, ""sample_3_x"": 641, ""sample_0_time"": 16, ""sample_3_time"": 1783, ""sample_4_time"": 2333, ""sample_0_y"": 383.5, ""last_y"": 532.5, ""sample_1_x"": 652, ""sample_1_y"": 454.5}",Q4 (270-360<U+00B0>),Q4 (270-360<U+00B0>),TRUE,TRUE,Correct,315,0.5192829000000074,0.5192829000000074,0.5192829000000074,0.5192829000000074,TRUE
165127,19,righth,2,yes,4,"""10+""",59,225,222.2241966,2251,1481,"{""sample_4_y"": 522.5, ""sample_3_y"": 482.5, ""sample_3_time"": 1181, ""sample_4_time"": 1481, ""sample_0_x"": 712, ""sample_0_time"": 14, ""first_y"": 379.5, ""first_time"": 14, ""sample_0_y"": 379.5, ""last_y"": 522.5, ""sample_3_x"": 599, ""sample_1_time"": 448, ""sample_2_x"": 654, ""sample_1_x"": 676, ""sample_4_x"": 562, ""sample_1_y"": 412.5, ""count"": 75, ""first_x"": 712, ""last_time"": 1481, ""sample_2_y"": 431.5, ""sample_2_time"": 798, ""last_x"": 562}",Q3 (180-270<U+00B0>),Q3 (180-270<U+00B0>),TRUE,TRUE,Correct,225,2.775803400000001,2.775803400000001,2.775803400000001,2.775803400000001,TRUE
165127,19,righth,2,yes,4,"""10+""",60,225,224.8258492,1716,916,"{""sample_3_y"": 493.5, ""sample_4_y"": 529.5, ""sample_4_x"": 570, ""last_time"": 916, ""sample_2_x"": 654, ""sample_2_time"": 466, ""sample_3_x"": 604, ""sample_1_time"": 232, ""sample_1_y"": 417.5, ""sample_1_x"": 689, ""last_y"": 529.5, ""sample_2_y"": 447.5, ""sample_4_time"": 916, ""sample_3_time"": 699, ""last_x"": 570, ""first_time"": 16, ""first_y"": 384.5, ""count"": 55, ""sample_0_time"": 16, ""first_x"": 721, ""sample_0_y"": 384.5, ""sample_0_x"": 721}",Q3 (180-270<U+00B0>),Q3 (180-270<U+00B0>),TRUE,TRUE,Correct,225,0.1741508000000067,0.1741508000000067,0.1741508000000067,0.1741508000000067,TRUE
165127,19,righth,2,yes,4,"""10+""",61,315,316.397181,1831,868,"{""sample_3_x"": 866, ""count"": 52, ""sample_0_time"": 17, ""last_y"": 525.5, ""last_time"": 867, ""sample_1_y"": 400.5, ""sample_1_x"": 777, ""sample_3_y"": 485.5, ""sample_0_y"": 377.5, ""sample_3_time"": 667, ""sample_0_x"": 747, ""sample_1_time"": 234, ""sample_4_x"": 903, ""sample_2_y"": 426.5, ""sample_2_x"": 814, ""sample_2_time"": 451, ""first_y"": 377.5, ""first_time"": 17, ""sample_4_y"": 525.5, ""last_x"": 903, ""sample_4_time"": 867, ""first_x"": 747}",Q4 (270-360<U+00B0>),Q4 (270-360<U+00B0>),TRUE,TRUE,Correct,315,1.3971809999999891,1.3971809999999891,1.3971809999999891,1.3971809999999891,TRUE
165127,19,righth,2,yes,4,"""10+""",62,225,222.2241966,1948,1450,"{""sample_2_time"": 733, ""last_y"": 522.5, ""sample_2_y"": 449.5, ""sample_0_y"": 378.5, ""sample_1_y"": 415.5, ""sample_2_x"": 636, ""first_x"": 728, ""count"": 87, ""sample_1_time"": 367, ""sample_0_time"": 17, ""sample_3_x"": 613, ""last_x"": 562, ""last_time"": 1450, ""first_y"": 378.5, ""sample_4_time"": 1450, ""sample_4_y"": 522.5, ""first_time"": 17, ""sample_1_x"": 680, ""sample_4_x"": 562, ""sample_0_x"": 728, ""sample_3_y"": 474.5, ""sample_3_time"": 1100}",Q3 (180-270<U+00B0>),Q3 (180-270<U+00B0>),TRUE,TRUE,Correct,225,2.775803400000001,2.775803400000001,2.775803400000001,2.775803400000001,TRUE
165127,19,righth,2,yes,4,"""10+""",63,135,140.606166,2233,2315,"{""last_y"": 218.5, ""sample_4_time"": 2315, ""sample_4_x"": 556, ""sample_1_x"": 845, ""sample_4_y"": 218.5, ""last_time"": 2315, ""first_time"": 15, ""first_y"": 355.5, ""sample_2_time"": 1248, ""sample_2_x"": 733, ""sample_1_y"": 256.5, ""sample_1_time"": 498, ""sample_0_y"": 355.5, ""sample_0_time"": 15, ""sample_3_x"": 617, ""sample_0_x"": 752, ""count"": 116, ""sample_3_y"": 273.5, ""first_x"": 752, ""sample_3_time"": 1732, ""last_x"": 556, ""sample_2_y"": 326.5}",Q2 (90-180<U+00B0>),Q2 (90-180<U+00B0>),TRUE,TRUE,Correct,135,5.606166000000002,5.606166000000002,5.606166000000002,5.606166000000002,TRUE
165127,19,righth,2,yes,4,"""10+""",64,45,44.48383577,1998,2267,"{""sample_0_y"": 352.5, ""sample_4_y"": 200.5, ""sample_4_time"": 2267, ""sample_3_time"": 1584, ""sample_1_time"": 483, ""sample_0_time"": 17, ""sample_1_x"": 669, ""sample_4_x"": 903, ""last_time"": 2267, ""count"": 105, ""last_x"": 903, ""sample_3_y"": 256.5, ""sample_1_y"": 301.5, ""sample_2_time"": 917, ""first_y"": 352.5, ""first_x"": 720, ""sample_3_x"": 790, ""last_y"": 200.5, ""first_time"": 17, ""sample_2_y"": 263.5, ""sample_2_x"": 623, ""sample_0_x"": 720}",Q1 (0-90<U+00B0>),Q1 (0-90<U+00B0>),TRUE,TRUE,Correct,45,0.5161642300000011,0.5161642300000011,0.5161642300000011,0.5161642300000011,TRUE
165127,19,righth,2,yes,4,"""10+""",65,45,40.86532863,2365,1800,"{""last_y"": 211.5, ""sample_2_time"": 733, ""last_x"": 913, ""sample_0_x"": 717, ""sample_1_time"": 367, ""sample_1_y"": 285.5, ""sample_3_x"": 874, ""sample_3_time"": 1150, ""sample_2_y"": 251.5, ""first_y"": 358.5, ""sample_2_x"": 829, ""sample_4_y"": 211.5, ""sample_1_x"": 796, ""sample_4_x"": 913, ""sample_4_time"": 1800, ""last_time"": 1800, ""sample_0_time"": 17, ""first_x"": 717, ""sample_3_y"": 218.5, ""count"": 86, ""sample_0_y"": 358.5, ""first_time"": 17}",Q1 (0-90<U+00B0>),Q1 (0-90<U+00B0>),TRUE,TRUE,Correct,45,4.1346713699999995,4.1346713699999995,4.1346713699999995,4.1346713699999995,TRUE
165127,19,righth,2,yes,4,"""10+""",66,135,136.566971,1448,600,"{""count"": 36, ""sample_0_y"": 348.5, ""first_y"": 348.5, ""sample_1_y"": 284.5, ""first_x"": 706, ""sample_3_time"": 466, ""sample_4_x"": 566, ""sample_2_y"": 231.5, ""last_y"": 205.5, ""sample_1_x"": 640, ""last_x"": 566, ""sample_4_time"": 600, ""sample_0_time"": 17, ""sample_3_x"": 585, ""sample_4_y"": 205.5, ""sample_0_x"": 706, ""first_time"": 17, ""sample_1_time"": 166, ""sample_2_time"": 316, ""sample_2_x"": 603, ""last_time"": 600, ""sample_3_y"": 217.5}",Q2 (90-180<U+00B0>),Q2 (90-180<U+00B0>),TRUE,TRUE,Correct,135,1.5669709999999952,1.5669709999999952,1.5669709999999952,1.5669709999999952,TRUE
165127,19,righth,2,yes,4,"""10+""",67,315,310.8150839,1716,2550,"{""sample_1_x"": 670, ""sample_2_y"": 475.5, ""sample_1_time"": 500, ""sample_4_y"": 541.5, ""last_x"": 887, ""sample_0_y"": 371.5, ""sample_4_time"": 2550, ""last_y"": 541.5, ""sample_3_x"": 686, ""first_time"": 17, ""first_x"": 719, ""sample_0_x"": 719, ""sample_3_y"": 447.5, ""sample_2_x"": 617, ""first_y"": 371.5, ""count"": 118, ""sample_0_time"": 17, ""sample_4_x"": 887, ""sample_2_time"": 1000, ""sample_3_time"": 1733, ""last_time"": 2550, ""sample_1_y"": 412.5}",Q4 (270-360<U+00B0>),Q4 (270-360<U+00B0>),TRUE,TRUE,Correct,315,4.1849161000000095,4.1849161000000095,4.1849161000000095,4.1849161000000095,TRUE
165127,19,righth,2,yes,4,"""10+""",68,315,316.0479766,1965,817,"{""sample_2_x"": 851, ""last_time"": 817, ""sample_2_time"": 433, ""sample_4_time"": 817, ""sample_1_x"": 815, ""sample_4_x"": 902, ""first_y"": 384.5, ""last_y"": 526.5, ""last_x"": 902, ""sample_3_x"": 882, ""first_time"": 17, ""sample_3_y"": 507.5, ""sample_4_y"": 526.5, ""sample_3_time"": 635, ""count"": 48, ""sample_0_y"": 384.5, ""first_x"": 756, ""sample_0_time"": 17, ""sample_2_y"": 475.5, ""sample_1_time"": 234, ""sample_0_x"": 756, ""sample_1_y"": 435.5}",Q4 (270-360<U+00B0>),Q4 (270-360<U+00B0>),TRUE,TRUE,Correct,315,1.0479766000000268,1.0479766000000268,1.0479766000000268,1.0479766000000268,TRUE
165127,19,righth,2,yes,4,"""10+""",69,135,45,1416,1534,"{""sample_0_x"": 742, ""sample_2_time"": 783, ""first_x"": 742, ""sample_3_y"": 219.5, ""sample_4_x"": 899, ""sample_2_y"": 265.5, ""sample_4_time"": 1533, ""first_time"": 17, ""last_x"": 899, ""sample_3_x"": 883, ""sample_1_time"": 400, ""last_time"": 1533, ""sample_4_y"": 201.5, ""sample_0_time"": 17, ""sample_0_y"": 348.5, ""count"": 92, ""last_y"": 201.5, ""sample_2_x"": 843, ""sample_1_y"": 300.5, ""first_y"": 348.5, ""sample_3_time"": 1166, ""sample_1_x"": 805}",Q2 (90-180<U+00B0>),Q1 (0-90<U+00B0>),FALSE,TRUE,Formant,45,0,0,90,90,FALSE
165127,19,righth,2,yes,4,"""10+""",70,135,136.5575075,1898,2450,"{""first_time"": 17, ""sample_3_y"": 335.5, ""first_x"": 735, ""last_time"": 2450, ""sample_3_time"": 1816, ""sample_1_y"": 326.5, ""sample_4_x"": 565, ""count"": 104, ""first_y"": 349.5, ""sample_0_y"": 349.5, ""sample_2_x"": 848, ""sample_1_time"": 600, ""sample_2_y"": 272.5, ""sample_4_y"": 204.5, ""last_y"": 204.5, ""last_x"": 565, ""sample_1_x"": 764, ""sample_2_time"": 1033, ""sample_4_time"": 2450, ""sample_3_x"": 675, ""sample_0_time"": 17, ""sample_0_x"": 735}",Q2 (90-180<U+00B0>),Q2 (90-180<U+00B0>),TRUE,TRUE,Correct,135,1.557507500000014,1.557507500000014,1.557507500000014,1.557507500000014,TRUE
165127,19,righth,2,yes,4,"""10+""",71,45,42.73721019,2099,1367,"{""first_time"": 17, ""last_x"": 906, ""sample_0_x"": 749, ""count"": 76, ""sample_2_x"": 858, ""sample_4_time"": 1367, ""last_y"": 207.5, ""sample_3_x"": 873, ""sample_1_time"": 333, ""sample_0_time"": 17, ""sample_4_y"": 207.5, ""sample_3_y"": 238.5, ""sample_2_time"": 650, ""sample_0_y"": 354.5, ""sample_3_time"": 967, ""sample_2_y"": 253.5, ""last_time"": 1367, ""sample_1_y"": 298.5, ""first_x"": 749, ""first_y"": 354.5, ""sample_4_x"": 906, ""sample_1_x"": 812}",Q1 (0-90<U+00B0>),Q1 (0-90<U+00B0>),TRUE,TRUE,Correct,45,2.262789810000001,2.262789810000001,2.262789810000001,2.262789810000001,TRUE
165127,19,righth,2,yes,4,"""10+""",72,45,42.20729763,2015,1434,"{""sample_1_y"": 312.5, ""sample_2_x"": 873, ""count"": 78, ""last_x"": 907, ""first_x"": 754, ""sample_0_y"": 362.5, ""first_y"": 362.5, ""last_time"": 1433, ""sample_0_time"": 17, ""sample_1_x"": 810, ""sample_4_time"": 1433, ""sample_0_x"": 754, ""sample_2_time"": 666, ""sample_2_y"": 246.5, ""sample_4_y"": 209.5, ""sample_3_time"": 1116, ""sample_3_y"": 234.5, ""sample_3_x"": 885, ""last_y"": 209.5, ""first_time"": 17, ""sample_1_time"": 333, ""sample_4_x"": 907}",Q1 (0-90<U+00B0>),Q1 (0-90<U+00B0>),TRUE,TRUE,Correct,45,2.7927023700000007,2.7927023700000007,2.7927023700000007,2.7927023700000007,TRUE
165127,19,righth,2,yes,4,"""10+""",73,225,222.0239995,2382,1717,"{""first_y"": 384.5, ""last_time"": 1717, ""sample_1_y"": 421.5, ""sample_0_x"": 728, ""sample_4_x"": 563, ""sample_1_x"": 664, ""sample_4_time"": 1717, ""last_y"": 520.5, ""first_time"": 16, ""sample_3_x"": 605, ""count"": 97, ""sample_4_y"": 520.5, ""sample_2_y"": 438.5, ""sample_2_time"": 850, ""sample_2_x"": 637, ""sample_3_time"": 1317, ""sample_1_time"": 417, ""sample_0_y"": 384.5, ""sample_3_y"": 473.5, ""first_x"": 728, ""last_x"": 563, ""sample_0_time"": 16}",Q3 (180-270<U+00B0>),Q3 (180-270<U+00B0>),TRUE,TRUE,Correct,225,2.976000499999998,2.976000499999998,2.976000499999998,2.976000499999998,TRUE
165127,19,righth,2,yes,4,"""10+""",74,45,44.65063982,1666,2033,"{""sample_0_time"": 17, ""sample_4_y"": 202.5, ""sample_4_x"": 900, ""sample_1_y"": 339.5, ""count"": 116, ""sample_2_y"": 276.5, ""sample_4_time"": 2033, ""sample_0_x"": 752, ""sample_0_y"": 366.5, ""sample_1_x"": 778, ""sample_3_y"": 241.5, ""first_y"": 366.5, ""first_x"": 752, ""sample_2_time"": 1016, ""last_y"": 202.5, ""sample_1_time"": 536, ""sample_3_x"": 846, ""first_time"": 17, ""sample_3_time"": 1566, ""sample_2_x"": 822, ""last_x"": 900, ""last_time"": 2033}",Q1 (0-90<U+00B0>),Q1 (0-90<U+00B0>),TRUE,TRUE,Correct,45,0.3493601799999979,0.3493601799999979,0.3493601799999979,0.3493601799999979,TRUE
165127,19,righth,2,yes,4,"""10+""",75,315,314.6548489,2382,1050,"{""sample_2_y"": 472.5, ""sample_3_time"": 816, ""sample_0_y"": 381.5, ""sample_2_time"": 516, ""first_y"": 381.5, ""count"": 60, ""last_y"": 532.5, ""first_x"": 755, ""sample_1_time"": 266, ""last_x"": 900, ""sample_2_x"": 823, ""last_time"": 1050, ""first_time"": 17, ""sample_1_y"": 437.5, ""sample_4_y"": 532.5, ""sample_1_x"": 794, ""sample_0_time"": 17, ""sample_4_x"": 900, ""sample_3_y"": 487.5, ""sample_3_x"": 836, ""sample_4_time"": 1050, ""sample_0_x"": 755}",Q4 (270-360<U+00B0>),Q4 (270-360<U+00B0>),TRUE,TRUE,Correct,315,0.3451511000000096,0.3451511000000096,0.3451511000000096,0.3451511000000096,TRUE
165127,19,righth,2,yes,4,"""10+""",76,135,138.4893249,1732,934,"{""last_x"": 561, ""sample_1_y"": 274.5, ""sample_0_x"": 692, ""first_x"": 692, ""last_y"": 211.5, ""sample_2_time"": 483, ""sample_4_y"": 211.5, ""sample_3_x"": 577, ""sample_4_x"": 561, ""count"": 56, ""last_time"": 933, ""sample_3_time"": 716, ""sample_0_time"": 16, ""sample_3_y"": 227.5, ""sample_1_x"": 611, ""sample_4_time"": 933, ""sample_1_time"": 249, ""first_time"": 16, ""sample_2_x"": 591, ""sample_2_y"": 251.5, ""first_y"": 350.5, ""sample_0_y"": 350.5}",Q2 (90-180<U+00B0>),Q2 (90-180<U+00B0>),TRUE,TRUE,Correct,135,3.489324900000014,3.489324900000014,3.489324900000014,3.489324900000014,TRUE
165127,19,righth,2,yes,4,"""10+""",77,45,45.52243944,1515,1584,"{""last_y"": 199.5, ""sample_3_y"": 248.5, ""first_y"": 352.5, ""last_time"": 1584, ""sample_3_x"": 852, ""last_x"": 898, ""sample_1_time"": 400, ""sample_2_y"": 254.5, ""first_time"": 17, ""sample_2_x"": 865, ""first_x"": 765, ""sample_4_time"": 1584, ""count"": 92, ""sample_4_y"": 199.5, ""sample_3_time"": 1217, ""sample_0_x"": 765, ""sample_1_y"": 297.5, ""sample_1_x"": 823, ""sample_4_x"": 898, ""sample_0_time"": 17, ""sample_2_time"": 817, ""sample_0_y"": 352.5}",Q1 (0-90<U+00B0>),Q1 (0-90<U+00B0>),TRUE,TRUE,Correct,45,0.5224394399999994,0.5224394399999994,0.5224394399999994,0.5224394399999994,TRUE
165127,19,righth,2,yes,4,"""10+""",78,45,48.3253737,1982,1201,"{""sample_2_y"": 235.5, ""last_time"": 1200, ""sample_2_time"": 667, ""sample_0_y"": 359.5, ""last_y"": 192.5, ""sample_0_x"": 750, ""last_x"": 889, ""sample_4_y"": 192.5, ""sample_3_y"": 210.5, ""sample_4_time"": 1200, ""sample_1_time"": 284, ""sample_0_time"": 17, ""sample_2_x"": 841, ""first_y"": 359.5, ""sample_1_y"": 327.5, ""sample_3_x"": 866, ""first_x"": 750, ""sample_4_x"": 889, ""sample_3_time"": 934, ""sample_1_x"": 778, ""count"": 66, ""first_time"": 17}",Q1 (0-90<U+00B0>),Q1 (0-90<U+00B0>),TRUE,TRUE,Correct,45,3.3253737,3.3253737,3.3253737,3.3253737,TRUE
165127,19,righth,2,yes,4,"""10+""",79,225,223.2642954,2283,983,"{""sample_3_y"": 488.5, ""sample_0_x"": 715, ""sample_4_y"": 525.5, ""sample_4_x"": 565, ""sample_1_x"": 681, ""sample_1_time"": 199, ""sample_2_x"": 613, ""first_y"": 369.5, ""sample_0_y"": 369.5, ""sample_1_y"": 401.5, ""sample_2_y"": 469.5, ""last_time"": 983, ""sample_0_time"": 15, ""sample_3_time"": 800, ""first_x"": 715, ""last_y"": 525.5, ""count"": 45, ""first_time"": 15, ""sample_4_time"": 983, ""sample_2_time"": 383, ""last_x"": 565, ""sample_3_x"": 599}",Q3 (180-270<U+00B0>),Q3 (180-270<U+00B0>),TRUE,TRUE,Correct,225,1.7357045999999912,1.7357045999999912,1.7357045999999912,1.7357045999999912,TRUE
165127,19,righth,2,yes,4,"""10+""",80,45,43.08504899,1698,1400,"{""sample_1_x"": 808, ""last_x"": 905, ""sample_4_time"": 1400, ""first_x"": 749, ""first_time"": 167, ""sample_1_time"": 534, ""sample_0_y"": 361.5, ""last_y"": 206.5, ""sample_2_y"": 257.5, ""first_y"": 361.5, ""sample_4_x"": 905, ""sample_0_x"": 749, ""sample_4_y"": 206.5, ""sample_3_y"": 229.5, ""sample_3_x"": 888, ""last_time"": 1400, ""sample_1_y"": 306.5, ""sample_2_time"": 834, ""sample_2_x"": 869, ""count"": 70, ""sample_0_time"": 167, ""sample_3_time"": 1117}",Q1 (0-90<U+00B0>),Q1 (0-90<U+00B0>),TRUE,TRUE,Correct,45,1.914951010000003,1.914951010000003,1.914951010000003,1.914951010000003,TRUE
165127,19,righth,2,yes,4,"""10+""",81,45,44.82690149,2016,783,"{""sample_2_y"": 245.5, ""sample_0_time"": 17, ""first_y"": 339.5, ""first_x"": 768, ""sample_3_time"": 600, ""sample_0_y"": 339.5, ""sample_1_time"": 200, ""count"": 47, ""sample_4_time"": 783, ""sample_4_x"": 901, ""sample_3_y"": 217.5, ""sample_3_x"": 883, ""sample_2_time"": 400, ""last_y"": 200.5, ""sample_4_y"": 200.5, ""first_time"": 17, ""sample_0_x"": 768, ""sample_1_y"": 289.5, ""last_time"": 783, ""sample_2_x"": 858, ""sample_1_x"": 829, ""last_x"": 901}",Q1 (0-90<U+00B0>),Q1 (0-90<U+00B0>),TRUE,TRUE,Correct,45,0.17309851000000265,0.17309851000000265,0.17309851000000265,0.17309851000000265,TRUE
165127,19,righth,2,yes,4,"""10+""",82,225,225,1898,850,"{""sample_2_y"": 484.5, ""sample_3_y"": 520.5, ""sample_1_x"": 656, ""sample_3_time"": 649, ""count"": 51, ""sample_3_x"": 583, ""sample_2_time"": 433, ""last_x"": 570, ""sample_4_x"": 570, ""sample_1_y"": 441.5, ""last_time"": 849, ""sample_4_y"": 530.5, ""first_y"": 390.5, ""first_x"": 703, ""sample_0_time"": 16, ""first_time"": 16, ""sample_2_x"": 618, ""sample_0_y"": 390.5, ""sample_0_x"": 703, ""sample_1_time"": 216, ""sample_4_time"": 849, ""last_y"": 530.5}",Q3 (180-270<U+00B0>),Q3 (180-270<U+00B0>),TRUE,TRUE,Correct,225,0,0,0,0,TRUE
165127,19,righth,2,yes,4,"""10+""",83,315,313.9520234,1498,650,"{""sample_0_time"": 17, ""sample_0_x"": 747, ""sample_1_time"": 167, ""sample_0_y"": 385.5, ""sample_4_y"": 532.5, ""sample_2_y"": 489.5, ""sample_3_time"": 500, ""sample_1_y"": 436.5, ""last_time"": 650, ""sample_2_x"": 839, ""first_y"": 385.5, ""count"": 39, ""last_x"": 896, ""sample_4_x"": 896, ""last_y"": 532.5, ""sample_3_x"": 866, ""sample_2_time"": 333, ""sample_1_x"": 792, ""sample_4_time"": 650, ""first_x"": 747, ""sample_3_y"": 508.5, ""first_time"": 17}",Q4 (270-360<U+00B0>),Q4 (270-360<U+00B0>),TRUE,TRUE,Correct,315,1.0479766000000268,1.0479766000000268,1.0479766000000268,1.0479766000000268,TRUE
165127,19,righth,2,yes,4,"""10+""",84,315,316.5575075,1181,418,"{""sample_3_x"": 878, ""sample_2_y"": 487.5, ""sample_3_y"": 500.5, ""sample_2_time"": 216, ""first_y"": 385.5, ""sample_1_time"": 117, ""sample_2_x"": 862, ""sample_4_x"": 905, ""first_time"": 17, ""sample_4_time"": 417, ""first_x"": 752, ""sample_0_x"": 752, ""sample_3_time"": 317, ""last_x"": 905, ""last_time"": 417, ""sample_4_y"": 526.5, ""sample_0_y"": 385.5, ""sample_0_time"": 17, ""sample_1_y"": 441.5, ""last_y"": 526.5, ""count"": 25, ""sample_1_x"": 810}",Q4 (270-360<U+00B0>),Q4 (270-360<U+00B0>),TRUE,TRUE,Correct,315,1.5575074999999856,1.5575074999999856,1.5575074999999856,1.5575074999999856,TRUE
165127,19,righth,2,yes,4,"""10+""",85,315,314.1599461,1116,317,"{""first_time"": 17, ""sample_0_y"": 391.5, ""sample_3_x"": 872, ""sample_3_y"": 507.5, ""sample_3_time"": 250, ""last_y"": 538.5, ""sample_2_time"": 167, ""sample_1_y"": 444.5, ""count"": 19, ""sample_2_x"": 839, ""last_time"": 316, ""sample_4_y"": 538.5, ""sample_4_x"": 903, ""sample_0_x"": 751, ""sample_0_time"": 17, ""first_y"": 391.5, ""sample_1_time"": 83, ""last_x"": 903, ""sample_2_y"": 479.5, ""sample_1_x"": 795, ""sample_4_time"": 316, ""first_x"": 751}",Q4 (270-360<U+00B0>),Q4 (270-360<U+00B0>),TRUE,TRUE,Correct,315,0.8400538999999867,0.8400538999999867,0.8400538999999867,0.8400538999999867,TRUE
165127,19,righth,2,yes,4,"""10+""",86,315,310.2798631,999,333,"{""first_y"": 395.5, ""sample_3_time"": 266, ""sample_0_time"": 16, ""sample_3_y"": 523.5, ""sample_4_x"": 885, ""sample_1_y"": 468.5, ""sample_0_y"": 395.5, ""count"": 20, ""last_x"": 885, ""sample_2_y"": 507.5, ""sample_1_time"": 99, ""sample_4_y"": 542.5, ""sample_1_x"": 806, ""first_time"": 16, ""sample_3_x"": 860, ""sample_2_time"": 183, ""sample_0_x"": 750, ""first_x"": 750, ""last_time"": 333, ""sample_2_x"": 843, ""last_y"": 542.5, ""sample_4_time"": 333}",Q4 (270-360<U+00B0>),Q4 (270-360<U+00B0>),TRUE,TRUE,Correct,315,4.7201369,4.7201369,4.7201369,4.7201369,TRUE
165127,19,righth,2,yes,4,"""10+""",87,135,137.0700307,2148,1100,"{""sample_3_x"": 590, ""last_time"": 1100, ""count"": 63, ""sample_3_time"": 849, ""sample_1_x"": 647, ""sample_2_time"": 584, ""first_time"": 16, ""sample_0_time"": 16, ""sample_1_time"": 267, ""sample_3_y"": 244.5, ""sample_4_x"": 563, ""sample_2_y"": 257.5, ""sample_2_x"": 607, ""sample_0_x"": 724, ""last_y"": 205.5, ""sample_4_y"": 205.5, ""first_y"": 345.5, ""sample_1_y"": 285.5, ""last_x"": 563, ""sample_4_time"": 1100, ""sample_0_y"": 345.5, ""first_x"": 724}",Q2 (90-180<U+00B0>),Q2 (90-180<U+00B0>),TRUE,TRUE,Correct,135,2.0700306999999896,2.0700306999999896,2.0700306999999896,2.0700306999999896,TRUE
165127,19,righth,2,yes,4,"""10+""",88,315,307.0166841,1633,2150,"{""sample_2_y"": 479.5, ""count"": 57, ""first_time"": 16, ""first_x"": 758, ""sample_2_x"": 598, ""last_y"": 552.5, ""sample_3_time"": 1916, ""first_y"": 338.5, ""sample_3_x"": 752, ""sample_1_time"": 366, ""sample_0_time"": 16, ""last_x"": 876, ""sample_2_time"": 1650, ""sample_0_x"": 758, ""sample_3_y"": 503.5, ""last_time"": 2149, ""sample_1_y"": 445.5, ""sample_0_y"": 338.5, ""sample_1_x"": 632, ""sample_4_x"": 876, ""sample_4_y"": 552.5, ""sample_4_time"": 2149}",Q4 (270-360<U+00B0>),Q4 (270-360<U+00B0>),TRUE,TRUE,Correct,315,7.98331589999998,7.98331589999998,7.98331589999998,7.98331589999998,TRUE
165127,19,righth,2,yes,4,"""10+""",89,315,312.9423541,1166,2033,"{""sample_3_x"": 854, ""sample_2_x"": 814, ""sample_2_y"": 463.5, ""last_time"": 2033, ""sample_3_time"": 1649, ""sample_1_time"": 916, ""sample_2_time"": 1283, ""sample_0_x"": 751, ""last_x"": 896, ""sample_4_y"": 538.5, ""last_y"": 538.5, ""sample_1_x"": 785, ""sample_3_y"": 493.5, ""count"": 87, ""sample_0_time"": 16, ""sample_1_y"": 432.5, ""sample_0_y"": 386.5, ""sample_4_time"": 2033, ""sample_4_x"": 896, ""first_x"": 751, ""first_time"": 16, ""first_y"": 386.5}",Q4 (270-360<U+00B0>),Q4 (270-360<U+00B0>),TRUE,TRUE,Correct,315,2.0576459000000114,2.0576459000000114,2.0576459000000114,2.0576459000000114,TRUE
165127,19,righth,2,yes,4,"""10+""",90,45,43.60281897,1949,683,"{""sample_4_time"": 683, ""count"": 41, ""last_time"": 683, ""first_y"": 360.5, ""last_x"": 903, ""sample_2_time"": 350, ""sample_0_x"": 764, ""first_x"": 764, ""sample_0_time"": 17, ""sample_0_y"": 360.5, ""last_y"": 205.5, ""sample_4_y"": 205.5, ""sample_2_y"": 252.5, ""sample_1_x"": 832, ""sample_3_time"": 517, ""sample_2_x"": 860, ""sample_1_time"": 183, ""sample_4_x"": 903, ""first_time"": 17, ""sample_1_y"": 321.5, ""sample_3_x"": 884, ""sample_3_y"": 215.5}",Q1 (0-90<U+00B0>),Q1 (0-90<U+00B0>),TRUE,TRUE,Correct,45,1.3971810299999987,1.3971810299999987,1.3971810299999987,1.3971810299999987,TRUE
165127,19,righth,2,yes,4,"""10+""",91,45,46.39718103,1548,2017,"{""sample_4_time"": 2017, ""sample_0_x"": 760, ""count"": 106, ""last_y"": 197.5, ""sample_1_y"": 287.5, ""sample_3_x"": 825, ""sample_1_time"": 450, ""sample_0_time"": 17, ""sample_1_x"": 807, ""last_x"": 895, ""sample_2_x"": 832, ""first_time"": 17, ""sample_0_y"": 345.5, ""last_time"": 2017, ""sample_3_y"": 260.5, ""first_x"": 760, ""sample_2_y"": 266.5, ""sample_4_y"": 197.5, ""sample_3_time"": 1583, ""sample_2_time"": 1163, ""first_y"": 345.5, ""sample_4_x"": 895}",Q1 (0-90<U+00B0>),Q1 (0-90<U+00B0>),TRUE,TRUE,Correct,45,1.3971810299999987,1.3971810299999987,1.3971810299999987,1.3971810299999987,TRUE
165127,19,righth,2,yes,4,"""10+""",92,225,222.2241966,1615,1635,"{""sample_3_y"": 503.5, ""sample_3_time"": 1284, ""sample_0_y"": 383.5, ""sample_1_y"": 450.5, ""sample_4_time"": 1634, ""last_x"": 562, ""sample_1_x"": 716, ""sample_1_time"": 317, ""sample_4_y"": 522.5, ""sample_0_x"": 728, ""sample_4_x"": 562, ""sample_2_y"": 488.5, ""count"": 74, ""first_time"": 17, ""first_x"": 728, ""first_y"": 383.5, ""sample_2_time"": 950, ""sample_0_time"": 17, ""sample_3_x"": 591, ""last_time"": 1634, ""last_y"": 522.5, ""sample_2_x"": 614}",Q3 (180-270<U+00B0>),Q3 (180-270<U+00B0>),TRUE,TRUE,Correct,225,2.775803400000001,2.775803400000001,2.775803400000001,2.775803400000001,TRUE
165127,19,righth,2,yes,4,"""10+""",93,315,315.1710317,1715,683,"{""last_y"": 532.5, ""sample_1_y"": 456.5, ""sample_2_y"": 469.5, ""sample_4_y"": 532.5, ""first_y"": 392.5, ""sample_2_time"": 350, ""sample_3_x"": 861, ""sample_0_time"": 17, ""sample_4_time"": 683, ""sample_1_time"": 183, ""sample_2_x"": 847, ""sample_3_time"": 516, ""first_x"": 757, ""sample_0_x"": 757, ""last_time"": 683, ""first_time"": 17, ""last_x"": 903, ""sample_3_y"": 489.5, ""sample_0_y"": 392.5, ""count"": 41, ""sample_1_x"": 835, ""sample_4_x"": 903}",Q4 (270-360<U+00B0>),Q4 (270-360<U+00B0>),TRUE,TRUE,Correct,315,0.17103170000001455,0.17103170000001455,0.17103170000001455,0.17103170000001455,TRUE
165127,19,righth,2,yes,4,"""10+""",94,315,306.2272627,1599,1534,"{""sample_0_x"": 746, ""first_y"": 382.5, ""sample_3_x"": 815, ""count"": 74, ""sample_1_time"": 584, ""sample_0_time"": 17, ""first_time"": 17, ""sample_1_y"": 399.5, ""sample_1_x"": 761, ""sample_2_y"": 448.5, ""sample_2_time"": 934, ""sample_4_x"": 872, ""sample_4_time"": 1533, ""last_x"": 872, ""sample_0_y"": 382.5, ""first_x"": 746, ""sample_3_time"": 1234, ""sample_3_y"": 499.5, ""last_time"": 1533, ""sample_2_x"": 796, ""sample_4_y"": 552.5, ""last_y"": 552.5}",Q4 (270-360<U+00B0>),Q4 (270-360<U+00B0>),TRUE,TRUE,Correct,315,8.772737300000017,8.772737300000017,8.772737300000017,8.772737300000017,TRUE
165127,19,righth,2,yes,4,"""10+""",95,225,225.1741508,1382,1001,"{""sample_1_y"": 445.5, ""count"": 43, ""first_time"": 17, ""last_time"": 1000, ""sample_0_time"": 17, ""sample_2_time"": 400, ""sample_3_y"": 517.5, ""sample_3_x"": 588, ""first_y"": 382.5, ""sample_0_x"": 716, ""sample_3_time"": 834, ""last_y"": 530.5, ""sample_4_time"": 1000, ""first_x"": 716, ""sample_2_y"": 496.5, ""sample_1_x"": 639, ""last_x"": 571, ""sample_2_x"": 606, ""sample_4_y"": 530.5, ""sample_0_y"": 382.5, ""sample_4_x"": 571, ""sample_1_time"": 183}",Q3 (180-270<U+00B0>),Q3 (180-270<U+00B0>),TRUE,TRUE,Correct,225,0.1741508000000067,0.1741508000000067,0.1741508000000067,0.1741508000000067,TRUE
165127,19,righth,2,yes,4,"""10+""",96,45,46.74628162,1949,1966,"{""sample_2_x"": 603, ""sample_3_time"": 1532, ""sample_2_y"": 233.5, ""sample_4_x"": 894, ""sample_0_y"": 364.5, ""sample_3_y"": 227.5, ""sample_2_time"": 950, ""sample_1_x"": 673, ""sample_4_y"": 196.5, ""sample_0_time"": 16, ""first_x"": 749, ""sample_0_x"": 749, ""sample_1_y"": 292.5, ""last_y"": 196.5, ""last_time"": 1966, ""first_time"": 16, ""sample_3_x"": 825, ""last_x"": 894, ""sample_4_time"": 1966, ""count"": 97, ""sample_1_time"": 499, ""first_y"": 364.5}",Q1 (0-90<U+00B0>),Q1 (0-90<U+00B0>),TRUE,TRUE,Correct,45,1.7462816199999978,1.7462816199999978,1.7462816199999978,1.7462816199999978,TRUE
165127,19,righth,2,yes,4,"""10+""",97,135,136.2115126,1382,1784,"{""first_time"": 17, ""first_x"": 744, ""sample_4_time"": 1784, ""count"": 71, ""sample_1_time"": 484, ""sample_2_time"": 900, ""sample_0_y"": 344.5, ""sample_0_x"": 744, ""sample_1_x"": 742, ""sample_3_time"": 1200, ""last_y"": 203.5, ""sample_4_y"": 203.5, ""last_time"": 1784, ""sample_1_y"": 354.5, ""sample_2_y"": 293.5, ""first_y"": 344.5, ""sample_3_x"": 591, ""last_x"": 566, ""sample_4_x"": 566, ""sample_2_x"": 644, ""sample_3_y"": 234.5, ""sample_0_time"": 17}",Q2 (90-180<U+00B0>),Q2 (90-180<U+00B0>),TRUE,TRUE,Correct,135,1.2115125999999918,1.2115125999999918,1.2115125999999918,1.2115125999999918,TRUE
165127,19,righth,2,yes,4,"""10+""",98,45,43.78112476,1415,1450,"{""last_time"": 1450, ""sample_1_x"": 804, ""sample_2_y"": 264.5, ""sample_2_x"": 853, ""last_x"": 903, ""sample_0_time"": 17, ""sample_3_y"": 236.5, ""sample_1_y"": 310.5, ""sample_0_y"": 360.5, ""sample_4_y"": 204.5, ""sample_3_x"": 874, ""sample_4_time"": 1450, ""first_y"": 360.5, ""sample_1_time"": 333, ""first_time"": 17, ""last_y"": 204.5, ""sample_3_time"": 1134, ""sample_2_time"": 666, ""sample_0_x"": 753, ""count"": 79, ""sample_4_x"": 903, ""first_x"": 753}",Q1 (0-90<U+00B0>),Q1 (0-90<U+00B0>),TRUE,TRUE,Correct,45,1.2188752400000027,1.2188752400000027,1.2188752400000027,1.2188752400000027,TRUE
165127,19,righth,2,yes,4,"""10+""",99,225,221.5317707,2299,1083,"{""first_x"": 717, ""sample_1_time"": 283, ""sample_3_x"": 613, ""sample_2_time"": 550, ""last_y"": 520.5, ""first_y"": 385.5, ""sample_1_x"": 661, ""sample_0_y"": 385.5, ""sample_2_x"": 629, ""sample_3_y"": 480.5, ""sample_1_y"": 433.5, ""sample_4_time"": 1083, ""sample_4_y"": 520.5, ""sample_0_time"": 17, ""last_time"": 1083, ""count"": 65, ""first_time"": 17, ""last_x"": 560, ""sample_4_x"": 560, ""sample_2_y"": 468.5, ""sample_0_x"": 717, ""sample_3_time"": 816}",Q3 (180-270<U+00B0>),Q3 (180-270<U+00B0>),TRUE,TRUE,Correct,225,3.46822929999999,3.46822929999999,3.46822929999999,3.46822929999999,TRUE
165127,19,righth,2,yes,4,"""10+""",100,135,136.3887166,2065,1151,"{""count"": 69, ""sample_0_x"": 707, ""sample_2_time"": 584, ""sample_4_time"": 1150, ""sample_4_x"": 566, ""sample_3_x"": 592, ""first_time"": 17, ""sample_3_time"": 867, ""first_x"": 707, ""sample_1_x"": 630, ""sample_2_x"": 602, ""sample_3_y"": 228.5, ""last_time"": 1150, ""first_y"": 335.5, ""sample_1_y"": 257.5, ""sample_2_y"": 237.5, ""sample_0_time"": 17, ""last_x"": 566, ""sample_0_y"": 335.5, ""sample_4_y"": 204.5, ""last_y"": 204.5, ""sample_1_time"": 300}",Q2 (90-180<U+00B0>),Q2 (90-180<U+00B0>),TRUE,TRUE,Correct,135,1.3887166000000093,1.3887166000000093,1.3887166000000093,1.3887166000000093,TRUE
165166,18,righth,3+,yes,3,"""10+""",21,225,224.8258492,1780,600,"{""first_y"": 387.5, ""first_x"": 710.5, ""sample_1_y"": 451.5, ""sample_0_y"": 387.5, ""sample_2_x"": 609.5, ""sample_0_time"": 8, ""sample_4_x"": 554.5, ""sample_3_x"": 574.5, ""last_time"": 600, ""sample_3_y"": 514.5, ""first_time"": 8, ""sample_2_y"": 490.5, ""sample_1_x"": 649.5, ""last_y"": 529.5, ""last_x"": 554.5, ""sample_1_time"": 150, ""sample_4_y"": 529.5, ""sample_3_time"": 450, ""count"": 71, ""sample_0_x"": 710.5, ""sample_2_time"": 300, ""sample_4_time"": 600}",Q3 (180-270<U+00B0>),Q3 (180-270<U+00B0>),TRUE,TRUE,Correct,225,0.1741508000000067,0.1741508000000067,0.1741508000000067,0.1741508000000067,TRUE
165166,18,righth,3+,yes,3,"""10+""",22,135,45.34936018,2008,334,"{""first_time"": 8, ""sample_2_y"": 227.5, ""count"": 40, ""first_y"": 355.5, ""sample_0_y"": 355.5, ""last_x"": 882.5, ""sample_4_time"": 333, ""sample_0_x"": 736.5, ""sample_1_time"": 92, ""sample_2_time"": 175, ""sample_0_time"": 8, ""sample_1_y"": 295.5, ""last_time"": 333, ""last_y"": 200.5, ""sample_4_y"": 200.5, ""sample_3_y"": 211.5, ""sample_1_x"": 793.5, ""sample_2_x"": 851.5, ""sample_3_time"": 258, ""first_x"": 736.5, ""sample_3_x"": 869.5, ""sample_4_x"": 882.5}",Q2 (90-180<U+00B0>),Q1 (0-90<U+00B0>),FALSE,TRUE,Formant,45,0.3493601799999979,0.3493601799999979,89.65063982000001,89.65063982000001,FALSE
165166,18,righth,3+,yes,3,"""10+""",23,315,219.5844749,1558,776,"{""first_y"": 374.5, ""last_y"": 513.5, ""sample_4_y"": 513.5, ""count"": 50, ""sample_2_time"": 575, ""sample_4_time"": 775, ""sample_0_x"": 705.5, ""sample_3_time"": 675, ""sample_1_x"": 697.5, ""sample_4_x"": 540.5, ""sample_0_time"": 9, ""sample_3_x"": 618.5, ""last_time"": 775, ""first_time"": 9, ""sample_2_x"": 686.5, ""sample_2_y"": 394.5, ""first_x"": 705.5, ""last_x"": 540.5, ""sample_1_time"": 317, ""sample_3_y"": 450.5, ""sample_1_y"": 383.5, ""sample_0_y"": 374.5}",Q4 (270-360<U+00B0>),Q3 (180-270<U+00B0>),FALSE,TRUE,Formant,225,5.415525099999996,5.415525099999996,95.4155251,95.4155251,FALSE
165166,18,righth,3+,yes,3,"""10+""",24,135,136.566971,2362,826,"{""last_x"": 550.5, ""sample_1_y"": 340.5, ""sample_1_time"": 285, ""sample_0_y"": 355.5, ""sample_1_x"": 693.5, ""sample_2_time"": 483, ""sample_4_y"": 205.5, ""first_y"": 355.5, ""sample_4_x"": 550.5, ""count"": 84, ""first_x"": 708.5, ""sample_0_time"": 8, ""sample_2_y"": 259.5, ""first_time"": 8, ""sample_3_time"": 658, ""sample_4_time"": 825, ""sample_3_x"": 576.5, ""sample_3_y"": 220.5, ""last_y"": 205.5, ""sample_2_x"": 623.5, ""sample_0_x"": 708.5, ""last_time"": 825}",Q2 (90-180<U+00B0>),Q2 (90-180<U+00B0>),TRUE,TRUE,Correct,135,1.5669709999999952,1.5669709999999952,1.5669709999999952,1.5669709999999952,TRUE
165166,18,righth,3+,yes,3,"""10+""",25,315,305.8821372,608,808,"{""sample_1_time"": 224, ""sample_0_x"": 705.5, ""first_x"": 705.5, ""sample_4_time"": 808, ""count"": 84, ""last_y"": 553.5, ""sample_3_y"": 499.5, ""sample_3_time"": 624, ""sample_1_y"": 337.5, ""sample_0_y"": 345.5, ""sample_2_time"": 399, ""sample_0_time"": 8, ""sample_3_x"": 793.5, ""last_time"": 808, ""first_time"": 8, ""sample_4_y"": 553.5, ""sample_1_x"": 690.5, ""sample_2_x"": 780.5, ""sample_2_y"": 475.5, ""last_x"": 855.5, ""first_y"": 345.5, ""sample_4_x"": 855.5}",Q4 (270-360<U+00B0>),Q4 (270-360<U+00B0>),TRUE,TRUE,Correct,315,9.117862800000012,9.117862800000012,9.117862800000012,9.117862800000012,TRUE
165166,18,righth,3+,yes,3,"""10+""",26,45,36.2272627,817,3851,"{""sample_3_y"": 333.5, ""sample_0_x"": 730.5, ""sample_4_time"": 3850, ""sample_1_x"": 858.5, ""sample_2_x"": 767.5, ""sample_0_y"": 353.5, ""last_y"": 228.5, ""sample_4_y"": 228.5, ""last_time"": 3850, ""sample_2_y"": 303.5, ""count"": 216, ""first_time"": 16, ""sample_4_x"": 906.5, ""sample_2_time"": 2541, ""sample_1_y"": 231.5, ""sample_3_time"": 3408, ""first_y"": 353.5, ""sample_0_time"": 16, ""first_x"": 730.5, ""sample_3_x"": 764.5, ""sample_1_time"": 1275, ""last_x"": 906.5}",Q1 (0-90<U+00B0>),Q1 (0-90<U+00B0>),TRUE,TRUE,Correct,45,8.772737300000003,8.772737300000003,8.772737300000003,8.772737300000003,TRUE
165166,18,righth,3+,yes,3,"""10+""",27,135,134.4775606,1017,782,"{""first_y"": 356.5, ""sample_2_y"": 267.5, ""sample_3_x"": 575.5, ""first_time"": 6, ""sample_1_y"": 333.5, ""sample_3_y"": 228.5, ""last_time"": 781, ""sample_4_y"": 199.5, ""count"": 88, ""sample_4_time"": 781, ""sample_2_time"": 423, ""sample_4_x"": 556.5, ""sample_1_time"": 240, ""sample_3_time"": 606, ""sample_2_x"": 603.5, ""sample_0_time"": 6, ""sample_1_x"": 668.5, ""sample_0_y"": 356.5, ""last_y"": 199.5, ""first_x"": 703.5, ""last_x"": 556.5, ""sample_0_x"": 703.5}",Q2 (90-180<U+00B0>),Q2 (90-180<U+00B0>),TRUE,TRUE,Correct,135,0.5224393999999961,0.5224393999999961,0.5224393999999961,0.5224393999999961,TRUE
165166,18,righth,3+,yes,3,"""10+""",28,315,223.9520234,927,817,"{""sample_4_time"": 817, ""last_y"": 526.5, ""first_x"": 710.5, ""count"": 80, ""sample_3_y"": 498.5, ""sample_0_time"": 8, ""sample_3_time"": 658, ""sample_2_time"": 491, ""sample_2_x"": 652.5, ""sample_0_y"": 379.5, ""sample_4_y"": 526.5, ""first_y"": 379.5, ""sample_4_x"": 552.5, ""sample_1_time"": 325, ""last_x"": 552.5, ""first_time"": 8, ""sample_2_y"": 435.5, ""sample_0_x"": 710.5, ""sample_3_x"": 579.5, ""last_time"": 817, ""sample_1_x"": 684.5, ""sample_1_y"": 399.5}",Q4 (270-360<U+00B0>),Q3 (180-270<U+00B0>),FALSE,TRUE,Formant,225,1.0479765999999984,1.0479765999999984,91.0479766,91.0479766,FALSE
165166,18,righth,3+,yes,3,"""10+""",29,315,225.6902772,1742,642,"{""sample_2_time"": 459, ""first_time"": 25, ""sample_0_y"": 377.5, ""sample_1_time"": 367, ""sample_3_x"": 587.5, ""sample_4_x"": 555.5, ""sample_4_y"": 533.5, ""sample_0_time"": 25, ""sample_1_x"": 709.5, ""last_x"": 555.5, ""sample_0_x"": 728.5, ""sample_2_x"": 645.5, ""last_time"": 642, ""last_y"": 533.5, ""sample_2_y"": 454.5, ""first_x"": 728.5, ""sample_4_time"": 642, ""sample_3_y"": 502.5, ""first_y"": 377.5, ""sample_1_y"": 397.5, ""sample_3_time"": 550, ""count"": 45}",Q4 (270-360<U+00B0>),Q3 (180-270<U+00B0>),FALSE,TRUE,Formant,225,0.690277199999997,0.690277199999997,89.3097228,89.3097228,FALSE
165166,18,righth,3+,yes,3,"""10+""",30,225,311.6947964,1108,1343,"{""first_x"": 722.5, ""sample_0_y"": 381.5, ""sample_2_time"": 992, ""sample_1_time"": 567, ""sample_1_y"": 372.5, ""count"": 86, ""sample_3_time"": 1167, ""last_y"": 539.5, ""sample_0_time"": 8, ""sample_3_x"": 824.5, ""sample_2_y"": 387.5, ""sample_2_x"": 757.5, ""first_time"": 8, ""first_y"": 381.5, ""sample_4_y"": 539.5, ""sample_1_x"": 733.5, ""sample_4_time"": 1342, ""sample_0_x"": 722.5, ""sample_4_x"": 874.5, ""last_x"": 874.5, ""last_time"": 1342, ""sample_3_y"": 463.5}",Q3 (180-270<U+00B0>),Q4 (270-360<U+00B0>),FALSE,TRUE,Formant,315,3.305203600000027,3.305203600000027,86.69479639999997,86.69479639999997,FALSE
165166,18,righth,3+,yes,3,"""10+""",31,135,135.6902772,1628,1068,"{""sample_0_time"": 9, ""last_x"": 551.5, ""sample_2_y"": 289.5, ""sample_1_x"": 644.5, ""first_time"": 9, ""last_time"": 1067, ""last_y"": 201.5, ""sample_0_x"": 704.5, ""sample_4_y"": 201.5, ""count"": 105, ""sample_1_y"": 311.5, ""sample_0_y"": 358.5, ""sample_2_time"": 534, ""sample_3_y"": 205.5, ""first_y"": 358.5, ""sample_4_time"": 1067, ""sample_3_x"": 849.5, ""sample_4_x"": 551.5, ""sample_3_time"": 825, ""sample_1_time"": 225, ""sample_2_x"": 662.5, ""first_x"": 704.5}",Q2 (90-180<U+00B0>),Q2 (90-180<U+00B0>),TRUE,TRUE,Correct,135,0.690277199999997,0.690277199999997,0.690277199999997,0.690277199999997,TRUE
165166,18,righth,3+,yes,3,"""10+""",32,225,312.5707267,1048,550,"{""sample_2_time"": 283, ""first_y"": 381.5, ""sample_3_y"": 498.5, ""sample_0_y"": 381.5, ""sample_1_y"": 438.5, ""count"": 65, ""sample_2_x"": 808.5, ""sample_4_time"": 550, ""sample_1_time"": 141, ""sample_2_y"": 466.5, ""last_y"": 537.5, ""last_x"": 877.5, ""sample_4_x"": 877.5, ""sample_3_time"": 416, ""sample_4_y"": 537.5, ""first_time"": 8, ""first_x"": 732.5, ""sample_3_x"": 835.5, ""sample_1_x"": 787.5, ""sample_0_x"": 732.5, ""last_time"": 550, ""sample_0_time"": 8}",Q3 (180-270<U+00B0>),Q4 (270-360<U+00B0>),FALSE,TRUE,Formant,315,2.429273299999977,2.429273299999977,87.57072670000002,87.57072670000002,FALSE
165166,18,righth,3+,yes,3,"""10+""",33,315,222.9174347,1915,518,"{""first_x"": 706.5, ""sample_4_time"": 517, ""last_time"": 517, ""sample_2_y"": 443.5, ""sample_2_x"": 632.5, ""sample_1_time"": 151, ""count"": 59, ""last_x"": 548.5, ""sample_4_y"": 524.5, ""sample_1_x"": 680.5, ""sample_0_y"": 374.5, ""first_time"": 18, ""sample_0_x"": 706.5, ""last_y"": 524.5, ""sample_1_y"": 399.5, ""sample_0_time"": 18, ""sample_3_time"": 400, ""first_y"": 374.5, ""sample_3_x"": 592.5, ""sample_4_x"": 548.5, ""sample_2_time"": 275, ""sample_3_y"": 484.5}",Q4 (270-360<U+00B0>),Q3 (180-270<U+00B0>),FALSE,TRUE,Formant,225,2.082565299999999,2.082565299999999,92.0825653,92.0825653,FALSE
165166,18,righth,3+,yes,3,"""10+""",34,315,308.0887729,1608,959,"{""sample_1_time"": 567, ""last_time"": 959, ""sample_0_time"": 17, ""sample_2_y"": 433.5, ""count"": 64, ""sample_1_y"": 397.5, ""sample_2_x"": 776.5, ""sample_0_x"": 717.5, ""first_y"": 380.5, ""last_x"": 864.5, ""sample_2_time"": 700, ""sample_3_x"": 824.5, ""sample_1_x"": 725.5, ""sample_4_y"": 550.5, ""first_time"": 17, ""sample_4_x"": 864.5, ""sample_3_y"": 505.5, ""first_x"": 717.5, ""sample_0_y"": 380.5, ""sample_3_time"": 834, ""sample_4_time"": 959, ""last_y"": 550.5}",Q4 (270-360<U+00B0>),Q4 (270-360<U+00B0>),TRUE,TRUE,Correct,315,6.911227100000019,6.911227100000019,6.911227100000019,6.911227100000019,TRUE
165166,18,righth,3+,yes,3,"""10+""",35,225,221.8778695,1171,1201,"{""sample_2_y"": 418.5, ""sample_4_time"": 1200, ""sample_0_y"": 377.5, ""sample_2_time"": 983, ""sample_4_x"": 545.5, ""last_x"": 545.5, ""sample_0_x"": 729.5, ""sample_3_time"": 1091, ""first_time"": 108, ""sample_3_x"": 591.5, ""sample_3_y"": 483.5, ""sample_1_y"": 383.5, ""sample_1_time"": 441, ""last_time"": 1200, ""first_x"": 729.5, ""sample_2_x"": 682.5, ""last_y"": 521.5, ""count"": 54, ""sample_4_y"": 521.5, ""first_y"": 377.5, ""sample_0_time"": 108, ""sample_1_x"": 737.5}",Q3 (180-270<U+00B0>),Q3 (180-270<U+00B0>),TRUE,TRUE,Correct,225,3.1221304999999973,3.1221304999999973,3.1221304999999973,3.1221304999999973,TRUE
165166,18,righth,3+,yes,3,"""10+""",36,315,313.602819,1301,626,"{""count"": 75, ""last_time"": 626, ""sample_4_y"": 533.5, ""sample_2_time"": 318, ""sample_1_y"": 443.5, ""sample_1_time"": 159, ""first_time"": 9, ""sample_1_x"": 798.5, ""sample_3_x"": 847.5, ""sample_3_y"": 502.5, ""sample_4_time"": 626, ""sample_0_time"": 9, ""sample_0_x"": 736.5, ""first_y"": 369.5, ""sample_2_x"": 827.5, ""sample_4_x"": 879.5, ""sample_3_time"": 476, ""last_x"": 879.5, ""first_x"": 736.5, ""sample_0_y"": 369.5, ""sample_2_y"": 478.5, ""last_y"": 533.5}",Q4 (270-360<U+00B0>),Q4 (270-360<U+00B0>),TRUE,TRUE,Correct,315,1.3971809999999891,1.3971809999999891,1.3971809999999891,1.3971809999999891,TRUE
165166,18,righth,3+,yes,3,"""10+""",37,45,41.51067509,1472,459,"{""sample_4_x"": 893.5, ""sample_0_y"": 356.5, ""sample_1_x"": 786.5, ""sample_3_x"": 867.5, ""sample_4_time"": 458, ""sample_3_y"": 230.5, ""sample_4_y"": 211.5, ""sample_0_x"": 734.5, ""sample_2_x"": 840.5, ""first_x"": 734.5, ""last_time"": 458, ""last_y"": 211.5, ""sample_0_time"": 8, ""count"": 55, ""last_x"": 893.5, ""first_time"": 8, ""sample_3_time"": 350, ""sample_1_y"": 310.5, ""sample_1_time"": 116, ""sample_2_time"": 233, ""sample_2_y"": 257.5, ""first_y"": 356.5}",Q1 (0-90<U+00B0>),Q1 (0-90<U+00B0>),TRUE,TRUE,Correct,45,3.4893249100000006,3.4893249100000006,3.4893249100000006,3.4893249100000006,TRUE
165166,18,righth,3+,yes,3,"""10+""",38,45,39.9626315,1352,242,"{""sample_3_y"": 249.5, ""sample_0_y"": 355.5, ""sample_3_x"": 861.5, ""sample_4_y"": 215.5, ""count"": 29, ""sample_1_x"": 778.5, ""sample_2_time"": 124, ""sample_0_time"": 8, ""sample_4_x"": 898.5, ""sample_1_time"": 66, ""sample_2_x"": 820.5, ""sample_3_time"": 183, ""last_x"": 898.5, ""first_time"": 8, ""first_x"": 737.5, ""sample_4_time"": 241, ""sample_0_x"": 737.5, ""last_time"": 241, ""first_y"": 355.5, ""last_y"": 215.5, ""sample_2_y"": 289.5, ""sample_1_y"": 324.5}",Q1 (0-90<U+00B0>),Q1 (0-90<U+00B0>),TRUE,TRUE,Correct,45,5.0373684999999995,5.0373684999999995,5.0373684999999995,5.0373684999999995,TRUE
165166,18,righth,3+,yes,3,"""10+""",39,135,133.2642954,965,401,"{""sample_2_y"": 262.5, ""sample_1_x"": 657.5, ""first_y"": 352.5, ""count"": 47, ""last_time"": 400, ""sample_1_y"": 304.5, ""sample_4_time"": 400, ""sample_2_x"": 623.5, ""sample_4_y"": 195.5, ""sample_3_x"": 582.5, ""sample_0_time"": 9, ""sample_0_x"": 698.5, ""sample_1_time"": 100, ""last_y"": 195.5, ""sample_4_x"": 559.5, ""sample_0_y"": 352.5, ""first_x"": 698.5, ""sample_3_time"": 300, ""sample_2_time"": 200, ""first_time"": 9, ""sample_3_y"": 221.5, ""last_x"": 559.5}",Q2 (90-180<U+00B0>),Q2 (90-180<U+00B0>),TRUE,TRUE,Correct,135,1.7357045999999912,1.7357045999999912,1.7357045999999912,1.7357045999999912,TRUE
165166,18,righth,3+,yes,3,"""10+""",40,225,307.7030538,802,759,"{""sample_4_time"": 758, ""sample_3_y"": 519.5, ""sample_1_time"": 183, ""sample_2_y"": 473.5, ""sample_3_x"": 824.5, ""sample_0_time"": 8, ""sample_1_y"": 422.5, ""sample_0_y"": 387.5, ""last_y"": 550.5, ""sample_4_y"": 550.5, ""first_y"": 387.5, ""sample_3_time"": 591, ""last_time"": 758, ""sample_2_x"": 762.5, ""sample_2_time"": 425, ""sample_4_x"": 862.5, ""count"": 80, ""sample_1_x"": 695.5, ""sample_0_x"": 719.5, ""last_x"": 862.5, ""first_time"": 8, ""first_x"": 719.5}",Q3 (180-270<U+00B0>),Q4 (270-360<U+00B0>),FALSE,TRUE,Formant,315,7.296946199999979,7.296946199999979,82.70305380000002,82.70305380000002,FALSE
165166,18,righth,3+,yes,3,"""10+""",41,45,46.38871659,1080,459,"{""sample_4_y"": 196.5, ""sample_4_x"": 880.5, ""first_x"": 733.5, ""sample_1_y"": 323.5, ""sample_3_x"": 844.5, ""sample_2_x"": 814.5, ""last_time"": 458, ""sample_1_x"": 760.5, ""sample_0_y"": 344.5, ""first_time"": 9, ""sample_3_y"": 237.5, ""sample_0_time"": 9, ""last_x"": 880.5, ""sample_2_time"": 234, ""sample_4_time"": 458, ""last_y"": 196.5, ""sample_2_y"": 268.5, ""sample_0_x"": 733.5, ""first_y"": 344.5, ""sample_3_time"": 350, ""sample_1_time"": 117, ""count"": 55}",Q1 (0-90<U+00B0>),Q1 (0-90<U+00B0>),TRUE,TRUE,Correct,45,1.3887165900000014,1.3887165900000014,1.3887165900000014,1.3887165900000014,TRUE
165166,18,righth,3+,yes,3,"""10+""",42,225,313.9583733,999,393,"{""sample_2_time"": 201, ""sample_4_y"": 533.5, ""sample_0_y"": 389.5, ""last_time"": 392, ""sample_3_y"": 513.5, ""sample_1_x"": 796.5, ""first_x"": 730.5, ""sample_3_time"": 301, ""first_time"": 9, ""sample_3_x"": 864.5, ""sample_1_time"": 101, ""first_y"": 389.5, ""sample_2_x"": 839.5, ""sample_4_time"": 392, ""sample_4_x"": 881.5, ""sample_1_y"": 453.5, ""count"": 47, ""last_x"": 881.5, ""sample_2_y"": 492.5, ""sample_0_time"": 9, ""sample_0_x"": 730.5, ""last_y"": 533.5}",Q3 (180-270<U+00B0>),Q4 (270-360<U+00B0>),FALSE,TRUE,Formant,315,1.0416266999999948,1.0416266999999948,88.9583733,88.9583733,FALSE
165166,18,righth,3+,yes,3,"""10+""",43,135,41.57320684,1785,1309,"{""sample_3_y"": 266.5, ""sample_1_time"": 859, ""sample_2_time"": 1059, ""first_x"": 734.5, ""sample_2_y"": 329.5, ""first_time"": 9, ""sample_1_y"": 351.5, ""last_x"": 896.5, ""sample_0_x"": 734.5, ""count"": 62, ""last_time"": 1309, ""sample_0_y"": 361.5, ""sample_1_x"": 748.5, ""last_y"": 208.5, ""sample_2_x"": 769.5, ""first_y"": 361.5, ""sample_4_y"": 208.5, ""sample_3_x"": 829.5, ""sample_0_time"": 9, ""sample_3_time"": 1184, ""sample_4_x"": 896.5, ""sample_4_time"": 1309}",Q2 (90-180<U+00B0>),Q1 (0-90<U+00B0>),FALSE,TRUE,Formant,45,3.4267931600000026,3.4267931600000026,93.42679316,93.42679316,FALSE
165166,18,righth,3+,yes,3,"""10+""",44,45,33.75852123,1507,376,"{""sample_2_y"": 291.5, ""sample_3_y"": 263.5, ""sample_3_x"": 884.5, ""first_x"": 740.5, ""sample_1_y"": 324.5, ""sample_0_time"": 9, ""first_y"": 357.5, ""first_time"": 9, ""count"": 45, ""sample_0_y"": 357.5, ""sample_4_x"": 912.5, ""sample_4_y"": 236.5, ""sample_3_time"": 283, ""sample_1_x"": 793.5, ""sample_2_time"": 192, ""last_x"": 912.5, ""sample_2_x"": 846.5, ""last_y"": 236.5, ""sample_0_x"": 740.5, ""sample_4_time"": 375, ""sample_1_time"": 100, ""last_time"": 375}",Q1 (0-90<U+00B0>),Q1 (0-90<U+00B0>),TRUE,TRUE,Correct,45,11.24147877,11.24147877,11.24147877,11.24147877,TRUE
165166,18,righth,3+,yes,3,"""10+""",45,225,311.5106751,1205,526,"{""sample_3_x"": 848.5, ""sample_4_y"": 539.5, ""count"": 63, ""sample_4_x"": 873.5, ""sample_2_y"": 504.5, ""first_time"": 9, ""sample_1_y"": 462.5, ""sample_0_x"": 723.5, ""first_y"": 389.5, ""last_x"": 873.5, ""sample_2_time"": 267, ""sample_0_y"": 389.5, ""sample_0_time"": 9, ""last_time"": 525, ""sample_3_y"": 523.5, ""sample_3_time"": 400, ""sample_4_time"": 525, ""sample_1_x"": 790.5, ""first_x"": 723.5, ""last_y"": 539.5, ""sample_1_time"": 133, ""sample_2_x"": 826.5}",Q3 (180-270<U+00B0>),Q4 (270-360<U+00B0>),FALSE,TRUE,Formant,315,3.4893248999999855,3.4893248999999855,86.51067510000001,86.51067510000001,FALSE
165166,18,righth,3+,yes,3,"""10+""",46,315,227.2627898,1307,560,"{""sample_4_x"": 561.5, ""last_x"": 561.5, ""sample_2_y"": 470.5, ""first_y"": 379.5, ""sample_4_time"": 559, ""sample_3_time"": 417, ""sample_2_time"": 275, ""sample_3_y"": 504.5, ""last_y"": 536.5, ""sample_4_y"": 536.5, ""count"": 65, ""sample_0_x"": 697.5, ""first_x"": 697.5, ""sample_2_x"": 603.5, ""sample_1_time"": 143, ""sample_1_x"": 638.5, ""sample_0_time"": 9, ""sample_1_y"": 439.5, ""first_time"": 9, ""sample_0_y"": 379.5, ""sample_3_x"": 581.5, ""last_time"": 559}",Q4 (270-360<U+00B0>),Q3 (180-270<U+00B0>),FALSE,TRUE,Formant,225,2.2627898000000073,2.2627898000000073,87.73721019999999,87.73721019999999,FALSE
165166,18,righth,3+,yes,3,"""10+""",47,135,41.69479638,1447,234,"{""sample_2_y"": 264.5, ""sample_4_x"": 893.5, ""sample_3_y"": 227.5, ""last_y"": 210.5, ""sample_3_x"": 868.5, ""sample_1_y"": 309.5, ""first_x"": 732.5, ""last_time"": 233, ""sample_0_x"": 732.5, ""first_y"": 348.5, ""sample_4_y"": 210.5, ""sample_0_time"": 8, ""last_x"": 893.5, ""sample_4_time"": 233, ""sample_0_y"": 348.5, ""sample_1_time"": 67, ""sample_2_x"": 822.5, ""sample_2_time"": 125, ""count"": 28, ""sample_3_time"": 183, ""sample_1_x"": 773.5, ""first_time"": 8}",Q2 (90-180<U+00B0>),Q1 (0-90<U+00B0>),FALSE,TRUE,Formant,45,3.3052036200000003,3.3052036200000003,93.30520362,93.30520362,FALSE
165166,18,righth,3+,yes,3,"""10+""",48,45,133.4610806,1930,376,"{""sample_1_y"": 327.5, ""sample_0_time"": 9, ""last_y"": 193.5, ""sample_2_x"": 614.5, ""count"": 45, ""last_time"": 376, ""sample_1_x"": 654.5, ""first_y"": 367.5, ""sample_0_x"": 700.5, ""sample_4_time"": 376, ""sample_2_y"": 291.5, ""sample_3_x"": 585.5, ""sample_1_time"": 101, ""sample_3_y"": 250.5, ""sample_4_y"": 193.5, ""sample_3_time"": 284, ""first_time"": 9, ""sample_2_time"": 193, ""first_x"": 700.5, ""sample_4_x"": 556.5, ""sample_0_y"": 367.5, ""last_x"": 556.5}",Q1 (0-90<U+00B0>),Q2 (90-180<U+00B0>),FALSE,TRUE,Formant,135,1.5389193999999975,1.5389193999999975,88.4610806,88.4610806,FALSE
165166,18,righth,3+,yes,3,"""10+""",49,315,230.5599473,958,734,"{""sample_4_time"": 733, ""first_time"": 8, ""sample_0_y"": 381.5, ""last_x"": 566.5, ""count"": 68, ""sample_1_time"": 192, ""sample_0_time"": 8, ""sample_1_x"": 688.5, ""sample_2_time"": 433, ""sample_1_y"": 408.5, ""sample_3_y"": 455.5, ""sample_2_y"": 435.5, ""last_time"": 733, ""last_y"": 551.5, ""sample_3_x"": 734.5, ""sample_4_y"": 551.5, ""sample_4_x"": 566.5, ""sample_0_x"": 713.5, ""sample_2_x"": 730.5, ""sample_3_time"": 600, ""first_y"": 381.5, ""first_x"": 713.5}",Q4 (270-360<U+00B0>),Q3 (180-270<U+00B0>),FALSE,TRUE,Formant,225,5.559947300000005,5.559947300000005,84.4400527,84.4400527,FALSE
165166,18,righth,3+,yes,3,"""10+""",50,135,135.1741508,965,859,"{""last_x"": 554.5, ""sample_0_y"": 349.5, ""sample_4_y"": 201.5, ""sample_1_x"": 813.5, ""last_y"": 201.5, ""sample_0_x"": 739.5, ""count"": 80, ""sample_3_time"": 700, ""sample_3_y"": 239.5, ""first_x"": 739.5, ""first_y"": 349.5, ""sample_1_y"": 263.5, ""sample_2_y"": 275.5, ""last_time"": 858, ""sample_3_x"": 548.5, ""sample_2_time"": 525, ""sample_1_time"": 175, ""sample_2_x"": 782.5, ""sample_4_x"": 554.5, ""first_time"": 8, ""sample_4_time"": 858, ""sample_0_time"": 8}",Q2 (90-180<U+00B0>),Q2 (90-180<U+00B0>),TRUE,TRUE,Correct,135,0.1741508000000067,0.1741508000000067,0.1741508000000067,0.1741508000000067,TRUE
165166,18,righth,3+,yes,3,"""10+""",51,135,129.9929136,1241,259,"{""sample_0_x"": 701.5, ""sample_2_y"": 293.5, ""first_time"": 8, ""sample_2_time"": 133, ""sample_1_y"": 340.5, ""sample_3_time"": 200, ""count"": 31, ""sample_4_y"": 185.5, ""sample_2_x"": 640.5, ""last_x"": 568.5, ""first_y"": 358.5, ""sample_4_time"": 258, ""sample_0_y"": 358.5, ""first_x"": 701.5, ""last_time"": 258, ""sample_1_time"": 67, ""sample_0_time"": 8, ""last_y"": 185.5, ""sample_3_x"": 599.5, ""sample_3_y"": 237.5, ""sample_4_x"": 568.5, ""sample_1_x"": 679.5}",Q2 (90-180<U+00B0>),Q2 (90-180<U+00B0>),TRUE,TRUE,Correct,135,5.0070863999999915,5.0070863999999915,5.0070863999999915,5.0070863999999915,TRUE
165166,18,righth,3+,yes,3,"""10+""",52,135,50.53863753,1468,259,"{""sample_2_time"": 133, ""count"": 31, ""last_time"": 259, ""sample_4_time"": 259, ""sample_4_x"": 868.5, ""sample_2_x"": 829.5, ""sample_0_x"": 732.5, ""first_x"": 732.5, ""first_y"": 343.5, ""sample_3_x"": 858.5, ""sample_1_y"": 273.5, ""last_y"": 184.5, ""sample_2_y"": 220.5, ""sample_4_y"": 184.5, ""sample_1_x"": 782.5, ""sample_0_y"": 343.5, ""sample_3_time"": 200, ""sample_0_time"": 8, ""first_time"": 8, ""sample_3_y"": 194.5, ""sample_1_time"": 67, ""last_x"": 868.5}",Q2 (90-180<U+00B0>),Q1 (0-90<U+00B0>),FALSE,TRUE,Formant,45,5.538637530000003,5.538637530000003,84.46136247,84.46136247,FALSE
165166,18,righth,3+,yes,3,"""10+""",53,45,44.3097228,1508,285,"{""last_y"": 201.5, ""sample_3_y"": 238.5, ""last_time"": 284, ""sample_1_y"": 320.5, ""first_x"": 735.5, ""sample_2_time"": 151, ""sample_2_y"": 279.5, ""last_x"": 887.5, ""sample_4_x"": 887.5, ""sample_3_x"": 856.5, ""sample_1_x"": 774.5, ""sample_3_time"": 217, ""sample_0_x"": 735.5, ""sample_0_time"": 9, ""first_y"": 358.5, ""sample_2_x"": 816.5, ""sample_4_y"": 201.5, ""sample_4_time"": 284, ""sample_1_time"": 76, ""count"": 34, ""sample_0_y"": 358.5, ""first_time"": 9}",Q1 (0-90<U+00B0>),Q1 (0-90<U+00B0>),TRUE,TRUE,Correct,45,0.690277199999997,0.690277199999997,0.690277199999997,0.690277199999997,TRUE
165166,18,righth,3+,yes,3,"""10+""",54,45,41.07242337,1497,567,"{""last_x"": 898.5, ""sample_4_y"": 209.5, ""sample_2_x"": 793.5, ""last_time"": 567, ""first_x"": 734.5, ""sample_0_x"": 734.5, ""sample_1_x"": 760.5, ""sample_3_y"": 303.5, ""first_time"": 9, ""first_y"": 366.5, ""sample_2_y"": 323.5, ""sample_3_x"": 811.5, ""sample_0_time"": 9, ""sample_3_time"": 434, ""sample_4_x"": 898.5, ""last_y"": 209.5, ""sample_0_y"": 366.5, ""sample_2_time"": 292, ""count"": 68, ""sample_1_time"": 151, ""sample_1_y"": 354.5, ""sample_4_time"": 567}",Q1 (0-90<U+00B0>),Q1 (0-90<U+00B0>),TRUE,TRUE,Correct,45,3.9275766299999972,3.9275766299999972,3.9275766299999972,3.9275766299999972,TRUE
165166,18,righth,3+,yes,3,"""10+""",55,45,42.58534348,1452,292,"{""sample_4_y"": 206.5, ""sample_1_y"": 306.5, ""first_y"": 357.5, ""sample_0_x"": 736.5, ""sample_0_time"": 8, ""sample_4_time"": 292, ""sample_2_y"": 255.5, ""sample_2_x"": 842.5, ""first_time"": 8, ""sample_0_y"": 357.5, ""sample_3_y"": 238.5, ""sample_4_x"": 892.5, ""count"": 35, ""first_x"": 736.5, ""last_x"": 892.5, ""sample_3_x"": 871.5, ""sample_1_time"": 75, ""last_time"": 292, ""sample_3_time"": 225, ""sample_1_x"": 789.5, ""sample_2_time"": 150, ""last_y"": 206.5}",Q1 (0-90<U+00B0>),Q1 (0-90<U+00B0>),TRUE,TRUE,Correct,45,2.414656520000001,2.414656520000001,2.414656520000001,2.414656520000001,TRUE
165166,18,righth,3+,yes,3,"""10+""",56,135,136.0416267,1026,359,"{""count"": 43, ""sample_2_x"": 612.5, ""sample_0_time"": 8, ""sample_4_y"": 203.5, ""sample_3_y"": 234.5, ""sample_2_y"": 272.5, ""last_x"": 551.5, ""first_time"": 8, ""sample_1_y"": 314.5, ""sample_1_time"": 92, ""sample_0_y"": 361.5, ""sample_0_x"": 698.5, ""sample_2_time"": 183, ""last_y"": 203.5, ""sample_3_time"": 275, ""sample_4_x"": 551.5, ""last_time"": 358, ""sample_3_x"": 581.5, ""sample_4_time"": 358, ""first_y"": 361.5, ""sample_1_x"": 651.5, ""first_x"": 698.5}",Q2 (90-180<U+00B0>),Q2 (90-180<U+00B0>),TRUE,TRUE,Correct,135,1.0416266999999948,1.0416266999999948,1.0416266999999948,1.0416266999999948,TRUE
165166,18,righth,3+,yes,3,"""10+""",57,135,131.8778695,1258,267,"{""sample_1_y"": 295.5, ""first_time"": 8, ""last_y"": 191.5, ""sample_2_y"": 246.5, ""last_time"": 267, ""count"": 32, ""sample_2_time"": 142, ""first_x"": 708.5, ""sample_3_y"": 215.5, ""sample_4_time"": 267, ""last_x"": 563.5, ""sample_1_time"": 75, ""first_y"": 345.5, ""sample_0_time"": 8, ""sample_3_x"": 587.5, ""sample_4_y"": 191.5, ""sample_2_x"": 612.5, ""sample_4_x"": 563.5, ""sample_1_x"": 656.5, ""sample_0_x"": 708.5, ""sample_0_y"": 345.5, ""sample_3_time"": 208}",Q2 (90-180<U+00B0>),Q2 (90-180<U+00B0>),TRUE,TRUE,Correct,135,3.1221304999999973,3.1221304999999973,3.1221304999999973,3.1221304999999973,TRUE
165166,18,righth,3+,yes,3,"""10+""",58,225,312.9423541,1383,1326,"{""last_x"": 880.5, ""sample_2_x"": 710.5, ""last_time"": 1325, ""sample_0_x"": 706.5, ""sample_1_time"": 333, ""sample_4_y"": 538.5, ""sample_2_time"": 883, ""sample_4_x"": 880.5, ""first_y"": 381.5, ""sample_3_y"": 453.5, ""count"": 83, ""first_time"": 8, ""first_x"": 706.5, ""sample_2_y"": 420.5, ""sample_3_x"": 747.5, ""sample_0_time"": 8, ""sample_3_time"": 1158, ""sample_4_time"": 1325, ""sample_0_y"": 381.5, ""last_y"": 538.5, ""sample_1_x"": 693.5, ""sample_1_y"": 395.5}",Q3 (180-270<U+00B0>),Q4 (270-360<U+00B0>),FALSE,TRUE,Formant,315,2.0576459000000114,2.0576459000000114,87.94235409999999,87.94235409999999,FALSE
165166,18,righth,3+,yes,3,"""10+""",59,315,217.4631028,1404,434,"{""sample_4_y"": 506.5, ""sample_3_y"": 458.5, ""sample_3_time"": 333, ""sample_4_time"": 433, ""sample_0_x"": 701.5, ""sample_0_time"": 8, ""first_y"": 374.5, ""first_time"": 8, ""sample_0_y"": 374.5, ""last_y"": 506.5, ""sample_3_x"": 583.5, ""sample_1_time"": 117, ""sample_2_x"": 641.5, ""sample_1_x"": 666.5, ""sample_4_x"": 535.5, ""sample_1_y"": 399.5, ""count"": 52, ""first_x"": 701.5, ""last_time"": 433, ""sample_2_y"": 421.5, ""sample_2_time"": 225, ""last_x"": 535.5}",Q4 (270-360<U+00B0>),Q3 (180-270<U+00B0>),FALSE,TRUE,Formant,225,7.5368971999999985,7.5368971999999985,97.5368972,97.5368972,FALSE
165166,18,righth,3+,yes,3,"""10+""",60,45,48.0664855,2049,409,"{""sample_3_y"": 292.5, ""sample_4_y"": 188.5, ""sample_4_x"": 878.5, ""last_time"": 408, ""sample_2_x"": 776.5, ""sample_2_time"": 208, ""sample_3_x"": 799.5, ""sample_1_time"": 108, ""sample_1_y"": 335.5, ""sample_1_x"": 758.5, ""last_y"": 188.5, ""sample_2_y"": 318.5, ""sample_4_time"": 408, ""sample_3_time"": 308, ""last_x"": 878.5, ""first_time"": 8, ""first_y"": 359.5, ""count"": 49, ""sample_0_time"": 8, ""first_x"": 735.5, ""sample_0_y"": 359.5, ""sample_0_x"": 735.5}",Q1 (0-90<U+00B0>),Q1 (0-90<U+00B0>),TRUE,TRUE,Correct,45,3.066485499999999,3.066485499999999,3.066485499999999,3.066485499999999,TRUE
165166,18,righth,3+,yes,3,"""10+""",61,135,129.5844749,4265,867,"{""sample_3_x"": 752.5, ""count"": 90, ""sample_0_time"": 8, ""last_y"": 186.5, ""last_time"": 867, ""sample_1_y"": 346.5, ""sample_1_x"": 754.5, ""sample_3_y"": 281.5, ""sample_0_y"": 363.5, ""sample_3_time"": 683, ""sample_0_x"": 734.5, ""sample_1_time"": 235, ""sample_4_x"": 571.5, ""sample_2_y"": 298.5, ""sample_2_x"": 785.5, ""sample_2_time"": 425, ""first_y"": 363.5, ""first_time"": 8, ""sample_4_y"": 186.5, ""last_x"": 571.5, ""sample_4_time"": 867, ""first_x"": 734.5}",Q2 (90-180<U+00B0>),Q2 (90-180<U+00B0>),TRUE,TRUE,Correct,135,5.415525099999996,5.415525099999996,5.415525099999996,5.415525099999996,TRUE
165166,18,righth,3+,yes,3,"""10+""",62,315,311.6947964,1282,484,"{""sample_2_time"": 250, ""last_y"": 539.5, ""sample_2_y"": 466.5, ""sample_0_y"": 383.5, ""sample_1_y"": 410.5, ""sample_2_x"": 794.5, ""first_x"": 719.5, ""count"": 58, ""sample_1_time"": 127, ""sample_0_time"": 9, ""sample_3_x"": 824.5, ""last_x"": 874.5, ""last_time"": 484, ""first_y"": 383.5, ""sample_4_time"": 484, ""sample_4_y"": 539.5, ""first_time"": 9, ""sample_1_x"": 740.5, ""sample_4_x"": 874.5, ""sample_0_x"": 719.5, ""sample_3_y"": 501.5, ""sample_3_time"": 367}",Q4 (270-360<U+00B0>),Q4 (270-360<U+00B0>),TRUE,TRUE,Correct,315,3.305203600000027,3.305203600000027,3.305203600000027,3.305203600000027,TRUE
165166,18,righth,3+,yes,3,"""10+""",63,315,312.2072976,1124,567,"{""last_y"": 537.5, ""sample_4_time"": 566, ""sample_4_x"": 875.5, ""sample_1_x"": 772.5, ""sample_4_y"": 537.5, ""last_time"": 566, ""first_time"": 8, ""first_y"": 386.5, ""sample_2_time"": 291, ""sample_2_x"": 823.5, ""sample_1_y"": 446.5, ""sample_1_time"": 150, ""sample_0_y"": 386.5, ""sample_0_time"": 8, ""sample_3_x"": 856.5, ""sample_0_x"": 727.5, ""count"": 68, ""sample_3_y"": 522.5, ""first_x"": 727.5, ""sample_3_time"": 433, ""last_x"": 875.5, ""sample_2_y"": 493.5}",Q4 (270-360<U+00B0>),Q4 (270-360<U+00B0>),TRUE,TRUE,Correct,315,2.792702399999996,2.792702399999996,2.792702399999996,2.792702399999996,TRUE
165166,18,righth,3+,yes,3,"""10+""",64,315,313.9520234,1257,509,"{""sample_0_y"": 384.5, ""sample_4_y"": 532.5, ""sample_4_time"": 508, ""sample_3_time"": 384, ""sample_1_time"": 133, ""sample_0_time"": 9, ""sample_1_x"": 778.5, ""sample_4_x"": 880.5, ""last_time"": 508, ""count"": 61, ""last_x"": 880.5, ""sample_3_y"": 502.5, ""sample_1_y"": 434.5, ""sample_2_time"": 258, ""first_y"": 384.5, ""first_x"": 730.5, ""sample_3_x"": 841.5, ""last_y"": 532.5, ""first_time"": 9, ""sample_2_y"": 469.5, ""sample_2_x"": 808.5, ""sample_0_x"": 730.5}",Q4 (270-360<U+00B0>),Q4 (270-360<U+00B0>),TRUE,TRUE,Correct,315,1.0479766000000268,1.0479766000000268,1.0479766000000268,1.0479766000000268,TRUE
165166,18,righth,3+,yes,3,"""10+""",65,135,131.1859252,7751,360,"{""last_y"": 189.5, ""sample_2_time"": 184, ""last_x"": 565.5, ""sample_0_x"": 713.5, ""sample_1_time"": 92, ""sample_1_y"": 333.5, ""sample_3_x"": 596.5, ""sample_3_time"": 276, ""sample_2_y"": 291.5, ""first_y"": 350.5, ""sample_2_x"": 653.5, ""sample_4_y"": 189.5, ""sample_1_x"": 690.5, ""sample_4_x"": 565.5, ""sample_4_time"": 359, ""last_time"": 359, ""sample_0_time"": 9, ""first_x"": 713.5, ""sample_3_y"": 218.5, ""count"": 43, ""sample_0_y"": 350.5, ""first_time"": 9}",Q2 (90-180<U+00B0>),Q2 (90-180<U+00B0>),TRUE,TRUE,Correct,135,3.814074799999986,3.814074799999986,3.814074799999986,3.814074799999986,TRUE
165166,18,righth,3+,yes,3,"""10+""",66,135,134.1293105,1298,292,"{""count"": 35, ""sample_0_y"": 352.5, ""first_y"": 352.5, ""sample_1_y"": 301.5, ""first_x"": 697.5, ""sample_3_time"": 225, ""sample_4_x"": 557.5, ""sample_2_y"": 268.5, ""last_y"": 198.5, ""sample_1_x"": 641.5, ""last_x"": 557.5, ""sample_4_time"": 292, ""sample_0_time"": 8, ""sample_3_x"": 578.5, ""sample_4_y"": 198.5, ""sample_0_x"": 697.5, ""first_time"": 8, ""sample_1_time"": 75, ""sample_2_time"": 150, ""sample_2_x"": 606.5, ""last_time"": 292, ""sample_3_y"": 233.5}",Q2 (90-180<U+00B0>),Q2 (90-180<U+00B0>),TRUE,TRUE,Correct,135,0.8706894999999975,0.8706894999999975,0.8706894999999975,0.8706894999999975,TRUE
165166,18,righth,3+,yes,3,"""10+""",67,135,137.5947102,1038,434,"{""sample_1_x"": 681.5, ""sample_2_y"": 269.5, ""sample_1_time"": 116, ""sample_4_y"": 207.5, ""last_x"": 546.5, ""sample_0_y"": 357.5, ""sample_4_time"": 433, ""last_y"": 207.5, ""sample_3_x"": 576.5, ""first_time"": 16, ""first_x"": 705.5, ""sample_0_x"": 705.5, ""sample_3_y"": 226.5, ""sample_2_x"": 617.5, ""first_y"": 357.5, ""count"": 51, ""sample_0_time"": 16, ""sample_4_x"": 546.5, ""sample_2_time"": 225, ""sample_3_time"": 333, ""last_time"": 433, ""sample_1_y"": 338.5}",Q2 (90-180<U+00B0>),Q2 (90-180<U+00B0>),TRUE,TRUE,Correct,135,2.5947102000000086,2.5947102000000086,2.5947102000000086,2.5947102000000086,TRUE
165166,18,righth,3+,yes,3,"""10+""",68,315,222.7372102,1092,326,"{""sample_2_x"": 591.5, ""last_time"": 325, ""sample_2_time"": 167, ""sample_4_time"": 325, ""sample_1_x"": 661.5, ""sample_4_x"": 548.5, ""first_y"": 382.5, ""last_y"": 523.5, ""last_x"": 548.5, ""sample_3_x"": 567.5, ""first_time"": 8, ""sample_3_y"": 505.5, ""sample_4_y"": 523.5, ""sample_3_time"": 250, ""count"": 39, ""sample_0_y"": 382.5, ""first_x"": 708.5, ""sample_0_time"": 8, ""sample_2_y"": 487.5, ""sample_1_time"": 83, ""sample_0_x"": 708.5, ""sample_1_y"": 418.5}",Q4 (270-360<U+00B0>),Q3 (180-270<U+00B0>),FALSE,TRUE,Formant,225,2.2627898000000073,2.2627898000000073,92.26278980000001,92.26278980000001,FALSE
165166,18,righth,3+,yes,3,"""10+""",69,315,225,811,492,"{""sample_0_x"": 717.5, ""sample_2_time"": 300, ""first_x"": 717.5, ""sample_3_y"": 496.5, ""sample_4_x"": 555.5, ""sample_2_y"": 437.5, ""sample_4_time"": 492, ""first_time"": 109, ""last_x"": 555.5, ""sample_3_x"": 586.5, ""sample_1_time"": 200, ""last_time"": 492, ""sample_4_y"": 529.5, ""sample_0_time"": 109, ""sample_0_y"": 379.5, ""count"": 47, ""last_y"": 529.5, ""sample_2_x"": 655.5, ""sample_1_y"": 397.5, ""first_y"": 379.5, ""sample_3_time"": 400, ""sample_1_x"": 695.5}",Q4 (270-360<U+00B0>),Q3 (180-270<U+00B0>),FALSE,TRUE,Formant,225,0,0,90,90,FALSE
165166,18,righth,3+,yes,3,"""10+""",70,45,46.20423843,915,401,"{""first_time"": 8, ""sample_3_y"": 237.5, ""first_x"": 735.5, ""last_time"": 400, ""sample_3_time"": 308, ""sample_1_y"": 297.5, ""sample_4_x"": 882.5, ""count"": 48, ""first_y"": 346.5, ""sample_0_y"": 346.5, ""sample_2_x"": 808.5, ""sample_1_time"": 108, ""sample_2_y"": 261.5, ""sample_4_y"": 195.5, ""last_y"": 195.5, ""last_x"": 882.5, ""sample_1_x"": 777.5, ""sample_2_time"": 208, ""sample_4_time"": 400, ""sample_3_x"": 845.5, ""sample_0_time"": 8, ""sample_0_x"": 735.5}",Q1 (0-90<U+00B0>),Q1 (0-90<U+00B0>),TRUE,TRUE,Correct,45,1.2042384299999966,1.2042384299999966,1.2042384299999966,1.2042384299999966,TRUE
165166,18,righth,3+,yes,3,"""10+""",71,225,315.5224394,1036,375,"{""first_time"": 8, ""last_x"": 885.5, ""sample_0_x"": 730.5, ""count"": 45, ""sample_2_x"": 837.5, ""sample_4_time"": 375, ""last_y"": 528.5, ""sample_3_x"": 863.5, ""sample_1_time"": 100, ""sample_0_time"": 8, ""sample_4_y"": 528.5, ""sample_3_y"": 508.5, ""sample_2_time"": 191, ""sample_0_y"": 384.5, ""sample_3_time"": 283, ""sample_2_y"": 484.5, ""last_time"": 375, ""sample_1_y"": 443.5, ""first_x"": 730.5, ""first_y"": 384.5, ""sample_4_x"": 885.5, ""sample_1_x"": 789.5}",Q3 (180-270<U+00B0>),Q4 (270-360<U+00B0>),FALSE,TRUE,Formant,315,0.5224393999999961,0.5224393999999961,90.5224394,90.5224394,FALSE
165166,18,righth,3+,yes,3,"""10+""",72,45,45.3472429,1623,267,"{""sample_1_y"": 321.5, ""sample_2_x"": 795.5, ""count"": 32, ""last_x"": 883.5, ""first_x"": 738.5, ""sample_0_y"": 352.5, ""first_y"": 352.5, ""last_time"": 267, ""sample_0_time"": 8, ""sample_1_x"": 764.5, ""sample_4_time"": 267, ""sample_0_x"": 738.5, ""sample_2_time"": 142, ""sample_2_y"": 284.5, ""sample_4_y"": 199.5, ""sample_3_time"": 208, ""sample_3_y"": 242.5, ""sample_3_x"": 847.5, ""last_y"": 199.5, ""first_time"": 8, ""sample_1_time"": 75, ""sample_4_x"": 883.5}",Q1 (0-90<U+00B0>),Q1 (0-90<U+00B0>),TRUE,TRUE,Correct,45,0.3472428999999977,0.3472428999999977,0.3472428999999977,0.3472428999999977,TRUE
165166,18,righth,3+,yes,3,"""10+""",73,315,315,1052,1250,"{""first_y"": 376.5, ""last_time"": 1250, ""sample_1_y"": 392.5, ""sample_0_x"": 732.5, ""sample_4_x"": 884.5, ""sample_1_x"": 744.5, ""sample_4_time"": 1250, ""last_y"": 530.5, ""first_time"": 8, ""sample_3_x"": 828.5, ""count"": 71, ""sample_4_y"": 530.5, ""sample_2_y"": 424.5, ""sample_2_time"": 950, ""sample_2_x"": 775.5, ""sample_3_time"": 1103, ""sample_1_time"": 316, ""sample_0_y"": 376.5, ""sample_3_y"": 472.5, ""first_x"": 732.5, ""last_x"": 884.5, ""sample_0_time"": 8}",Q4 (270-360<U+00B0>),Q4 (270-360<U+00B0>),TRUE,TRUE,Correct,315,0,0,0,0,TRUE
165166,18,righth,3+,yes,3,"""10+""",74,45,47.97600049,1474,234,"{""sample_0_time"": 8, ""sample_4_y"": 193.5, ""sample_4_x"": 874.5, ""sample_1_y"": 326.5, ""count"": 28, ""sample_2_y"": 248.5, ""sample_4_time"": 233, ""sample_0_x"": 735.5, ""sample_0_y"": 358.5, ""sample_1_x"": 765.5, ""sample_3_y"": 214.5, ""first_y"": 358.5, ""first_x"": 735.5, ""sample_2_time"": 125, ""last_y"": 193.5, ""sample_1_time"": 67, ""sample_3_x"": 848.5, ""first_time"": 8, ""sample_3_time"": 183, ""sample_2_x"": 816.5, ""last_x"": 874.5, ""last_time"": 233}",Q1 (0-90<U+00B0>),Q1 (0-90<U+00B0>),TRUE,TRUE,Correct,45,2.976000489999997,2.976000489999997,2.976000489999997,2.976000489999997,TRUE
165166,18,righth,3+,yes,3,"""10+""",75,135,132.0239995,1289,401,"{""sample_2_y"": 250.5, ""sample_3_time"": 309, ""sample_0_y"": 355.5, ""sample_2_time"": 209, ""first_y"": 355.5, ""count"": 47, ""last_y"": 193.5, ""first_x"": 698.5, ""sample_1_time"": 101, ""last_x"": 564.5, ""sample_2_x"": 610.5, ""last_time"": 400, ""first_time"": 9, ""sample_1_y"": 316.5, ""sample_4_y"": 193.5, ""sample_1_x"": 658.5, ""sample_0_time"": 9, ""sample_4_x"": 564.5, ""sample_3_y"": 211.5, ""sample_3_x"": 582.5, ""sample_4_time"": 400, ""sample_0_x"": 698.5}",Q2 (90-180<U+00B0>),Q2 (90-180<U+00B0>),TRUE,TRUE,Correct,135,2.976000499999998,2.976000499999998,2.976000499999998,2.976000499999998,TRUE
165166,18,righth,3+,yes,3,"""10+""",76,225,313.0966112,979,1051,"{""last_x"": 879.5, ""sample_1_y"": 418.5, ""sample_0_x"": 729.5, ""first_x"": 729.5, ""last_y"": 536.5, ""sample_2_time"": 359, ""sample_4_y"": 536.5, ""sample_3_x"": 858.5, ""sample_4_x"": 879.5, ""count"": 85, ""last_time"": 1050, ""sample_3_time"": 542, ""sample_0_time"": 9, ""sample_3_y"": 519.5, ""sample_1_x"": 762.5, ""sample_4_time"": 1050, ""sample_1_time"": 184, ""first_time"": 9, ""sample_2_x"": 813.5, ""sample_2_y"": 472.5, ""first_y"": 379.5, ""sample_0_y"": 379.5}",Q3 (180-270<U+00B0>),Q4 (270-360<U+00B0>),FALSE,TRUE,Formant,315,1.903388800000016,1.903388800000016,88.09661119999998,88.09661119999998,FALSE
165166,18,righth,3+,yes,3,"""10+""",77,225,307.8098995,935,275,"{""last_y"": 548.5, ""sample_3_y"": 535.5, ""first_y"": 399.5, ""last_time"": 275, ""sample_3_x"": 842.5, ""last_x"": 861.5, ""sample_1_time"": 75, ""sample_2_y"": 514.5, ""first_time"": 8, ""sample_2_x"": 817.5, ""first_x"": 740.5, ""sample_4_time"": 275, ""count"": 33, ""sample_4_y"": 548.5, ""sample_3_time"": 208, ""sample_0_x"": 740.5, ""sample_1_y"": 480.5, ""sample_1_x"": 791.5, ""sample_4_x"": 861.5, ""sample_0_time"": 8, ""sample_2_time"": 141, ""sample_0_y"": 399.5}",Q3 (180-270<U+00B0>),Q4 (270-360<U+00B0>),FALSE,TRUE,Formant,315,7.190100500000028,7.190100500000028,82.80989949999997,82.80989949999997,FALSE
165166,18,righth,3+,yes,3,"""10+""",78,225,314.3097228,616,325,"{""sample_2_y"": 464.5, ""last_time"": 325, ""sample_2_time"": 166, ""sample_0_y"": 379.5, ""last_y"": 533.5, ""sample_0_x"": 731.5, ""last_x"": 883.5, ""sample_4_y"": 533.5, ""sample_3_y"": 494.5, ""sample_4_time"": 325, ""sample_1_time"": 84, ""sample_0_time"": 8, ""sample_2_x"": 816.5, ""first_y"": 379.5, ""sample_1_y"": 416.5, ""sample_3_x"": 845.5, ""first_x"": 731.5, ""sample_4_x"": 883.5, ""sample_3_time"": 250, ""sample_1_x"": 773.5, ""count"": 39, ""first_time"": 8}",Q3 (180-270<U+00B0>),Q4 (270-360<U+00B0>),FALSE,TRUE,Formant,315,0.6902772000000255,0.6902772000000255,89.30972279999997,89.30972279999997,FALSE
165166,18,righth,3+,yes,3,"""10+""",79,225,314.6506398,618,209,"{""sample_3_y"": 511.5, ""sample_0_x"": 727.5, ""sample_4_y"": 530.5, ""sample_4_x"": 882.5, ""sample_1_x"": 767.5, ""sample_1_time"": 59, ""sample_2_x"": 811.5, ""first_y"": 391.5, ""sample_0_y"": 391.5, ""sample_1_y"": 443.5, ""sample_2_y"": 480.5, ""last_time"": 209, ""sample_0_time"": 9, ""sample_3_time"": 159, ""first_x"": 727.5, ""last_y"": 530.5, ""count"": 25, ""first_time"": 9, ""sample_4_time"": 209, ""sample_2_time"": 110, ""last_x"": 882.5, ""sample_3_x"": 857.5}",Q3 (180-270<U+00B0>),Q4 (270-360<U+00B0>),FALSE,TRUE,Formant,315,0.34936019999997825,0.34936019999997825,89.65063980000002,89.65063980000002,FALSE
165166,18,righth,3+,yes,3,"""10+""",80,225,318.2655879,457,184,"{""sample_1_x"": 784.5, ""last_x"": 895.5, ""sample_4_time"": 183, ""first_x"": 739.5, ""first_time"": 9, ""sample_1_time"": 50, ""sample_0_y"": 390.5, ""last_y"": 522.5, ""sample_2_y"": 474.5, ""first_y"": 390.5, ""sample_4_x"": 895.5, ""sample_0_x"": 739.5, ""sample_4_y"": 522.5, ""sample_3_y"": 501.5, ""sample_3_x"": 873.5, ""last_time"": 183, ""sample_1_y"": 430.5, ""sample_2_time"": 100, ""sample_2_x"": 840.5, ""count"": 22, ""sample_0_time"": 9, ""sample_3_time"": 142}",Q3 (180-270<U+00B0>),Q4 (270-360<U+00B0>),FALSE,TRUE,Formant,315,3.265587900000014,3.265587900000014,93.26558790000001,93.26558790000001,FALSE
165166,18,righth,3+,yes,3,"""10+""",81,45,53.57386458,1367,159,"{""sample_2_y"": 268.5, ""sample_0_time"": 8, ""first_y"": 346.5, ""first_x"": 723.5, ""sample_3_time"": 125, ""sample_0_y"": 346.5, ""sample_1_time"": 42, ""count"": 19, ""sample_4_time"": 158, ""sample_4_x"": 857.5, ""sample_3_y"": 212.5, ""sample_3_x"": 822.5, ""sample_2_time"": 83, ""last_y"": 178.5, ""sample_4_y"": 178.5, ""first_time"": 8, ""sample_0_x"": 723.5, ""sample_1_y"": 320.5, ""last_time"": 158, ""sample_2_x"": 772.5, ""sample_1_x"": 737.5, ""last_x"": 857.5}",Q1 (0-90<U+00B0>),Q1 (0-90<U+00B0>),TRUE,TRUE,Correct,45,8.573864579999999,8.573864579999999,8.573864579999999,8.573864579999999,TRUE
165166,18,righth,3+,yes,3,"""10+""",82,45,38.91364865,1403,109,"{""sample_2_y"": 282.5, ""sample_3_y"": 251.5, ""sample_1_x"": 772.5, ""sample_3_time"": 84, ""count"": 13, ""sample_3_x"": 852.5, ""sample_2_time"": 58, ""last_x"": 911.5, ""sample_4_x"": 911.5, ""sample_1_y"": 317.5, ""last_time"": 108, ""sample_4_y"": 210.5, ""first_y"": 349.5, ""first_x"": 740.5, ""sample_0_time"": 8, ""first_time"": 8, ""sample_2_x"": 813.5, ""sample_0_y"": 349.5, ""sample_0_x"": 740.5, ""sample_1_time"": 33, ""sample_4_time"": 108, ""last_y"": 210.5}",Q1 (0-90<U+00B0>),Q1 (0-90<U+00B0>),TRUE,TRUE,Correct,45,6.086351350000001,6.086351350000001,6.086351350000001,6.086351350000001,TRUE
165166,18,righth,3+,yes,3,"""10+""",83,45,47.08256528,983,184,"{""sample_0_time"": 8, ""sample_0_x"": 736.5, ""sample_1_time"": 50, ""sample_0_y"": 330.5, ""sample_4_y"": 194.5, ""sample_2_y"": 232.5, ""sample_3_time"": 141, ""sample_1_y"": 277.5, ""last_time"": 183, ""sample_2_x"": 831.5, ""first_y"": 330.5, ""count"": 22, ""last_x"": 878.5, ""sample_4_x"": 878.5, ""last_y"": 194.5, ""sample_3_x"": 859.5, ""sample_2_time"": 100, ""sample_1_x"": 779.5, ""sample_4_time"": 183, ""first_x"": 736.5, ""sample_3_y"": 211.5, ""first_time"": 8}",Q1 (0-90<U+00B0>),Q1 (0-90<U+00B0>),TRUE,TRUE,Correct,45,2.082565279999997,2.082565279999997,2.082565279999997,2.082565279999997,TRUE
165166,18,righth,3+,yes,3,"""10+""",84,225,294.362453,1071,659,"{""sample_3_x"": 716.5, ""sample_2_y"": 455.5, ""sample_3_y"": 467.5, ""sample_2_time"": 325, ""first_y"": 386.5, ""sample_1_time"": 150, ""sample_2_x"": 634.5, ""sample_4_x"": 815.5, ""first_time"": 8, ""sample_4_time"": 658, ""first_x"": 713.5, ""sample_0_x"": 713.5, ""sample_3_time"": 517, ""last_x"": 815.5, ""last_time"": 658, ""sample_4_y"": 577.5, ""sample_0_y"": 386.5, ""sample_0_time"": 8, ""sample_1_y"": 423.5, ""last_y"": 577.5, ""count"": 69, ""sample_1_x"": 659.5}",Q3 (180-270<U+00B0>),Q4 (270-360<U+00B0>),FALSE,TRUE,Formant,315,20.637546999999984,20.637546999999984,69.36245300000002,69.36245300000002,FALSE
165166,18,righth,3+,yes,3,"""10+""",85,135,46.90338885,935,350,"{""first_time"": 8, ""sample_0_y"": 348.5, ""sample_3_x"": 849.5, ""sample_3_y"": 218.5, ""sample_3_time"": 267, ""last_y"": 194.5, ""sample_2_time"": 183, ""sample_1_y"": 284.5, ""count"": 42, ""sample_2_x"": 836.5, ""last_time"": 350, ""sample_4_y"": 194.5, ""sample_4_x"": 879.5, ""sample_0_x"": 730.5, ""sample_0_time"": 8, ""first_y"": 348.5, ""sample_1_time"": 92, ""last_x"": 879.5, ""sample_2_y"": 230.5, ""sample_1_x"": 784.5, ""sample_4_time"": 350, ""first_x"": 730.5}",Q2 (90-180<U+00B0>),Q1 (0-90<U+00B0>),FALSE,TRUE,Formant,45,1.903388849999999,1.903388849999999,88.09661115,88.09661115,FALSE
165166,18,righth,3+,yes,3,"""10+""",86,315,313.9583733,788,701,"{""first_y"": 377.5, ""sample_3_time"": 575, ""sample_0_time"": 9, ""sample_3_y"": 507.5, ""sample_4_x"": 881.5, ""sample_1_y"": 393.5, ""sample_0_y"": 377.5, ""count"": 64, ""last_x"": 881.5, ""sample_2_y"": 437.5, ""sample_1_time"": 308, ""sample_4_y"": 533.5, ""sample_1_x"": 751.5, ""first_time"": 9, ""sample_3_x"": 846.5, ""sample_2_time"": 442, ""sample_0_x"": 734.5, ""first_x"": 734.5, ""last_time"": 700, ""sample_2_x"": 788.5, ""last_y"": 533.5, ""sample_4_time"": 700}",Q4 (270-360<U+00B0>),Q4 (270-360<U+00B0>),TRUE,TRUE,Correct,315,1.0416266999999948,1.0416266999999948,1.0416266999999948,1.0416266999999948,TRUE
165166,18,righth,3+,yes,3,"""10+""",87,225,216.6784338,2107,226,"{""sample_3_x"": 588.5, ""last_time"": 226, ""count"": 27, ""sample_3_time"": 175, ""sample_1_x"": 700.5, ""sample_2_time"": 117, ""first_time"": 10, ""sample_0_time"": 10, ""sample_1_time"": 59, ""sample_3_y"": 469.5, ""sample_4_x"": 527.5, ""sample_2_y"": 415.5, ""sample_2_x"": 666.5, ""sample_0_x"": 708.5, ""last_y"": 508.5, ""sample_4_y"": 508.5, ""first_y"": 376.5, ""sample_1_y"": 384.5, ""last_x"": 527.5, ""sample_4_time"": 226, ""sample_0_y"": 376.5, ""first_x"": 708.5}",Q3 (180-270<U+00B0>),Q3 (180-270<U+00B0>),TRUE,TRUE,Correct,225,8.321566200000007,8.321566200000007,8.321566200000007,8.321566200000007,TRUE
165166,18,righth,3+,yes,3,"""10+""",88,45,50.41552509,1424,285,"{""sample_2_y"": 336.5, ""count"": 29, ""first_time"": 9, ""first_x"": 734.5, ""sample_2_x"": 752.5, ""last_y"": 186.5, ""sample_3_time"": 226, ""first_y"": 359.5, ""sample_3_x"": 799.5, ""sample_1_time"": 101, ""sample_0_time"": 9, ""last_x"": 867.5, ""sample_2_time"": 167, ""sample_0_x"": 734.5, ""sample_3_y"": 271.5, ""last_time"": 284, ""sample_1_y"": 355.5, ""sample_0_y"": 359.5, ""sample_1_x"": 738.5, ""sample_4_x"": 867.5, ""sample_4_y"": 186.5, ""sample_4_time"": 284}",Q1 (0-90<U+00B0>),Q1 (0-90<U+00B0>),TRUE,TRUE,Correct,45,5.415525090000003,5.415525090000003,5.415525090000003,5.415525090000003,TRUE
165166,18,righth,3+,yes,3,"""10+""",89,135,130.8150839,1260,334,"{""sample_3_x"": 584.5, ""sample_2_x"": 619.5, ""sample_2_y"": 269.5, ""last_time"": 334, ""sample_3_time"": 259, ""sample_1_time"": 92, ""sample_2_time"": 176, ""sample_0_x"": 700.5, ""last_x"": 567.5, ""sample_4_y"": 189.5, ""last_y"": 189.5, ""sample_1_x"": 664.5, ""sample_3_y"": 215.5, ""count"": 40, ""sample_0_time"": 9, ""sample_1_y"": 328.5, ""sample_0_y"": 359.5, ""sample_4_time"": 334, ""sample_4_x"": 567.5, ""first_x"": 700.5, ""first_time"": 9, ""first_y"": 359.5}",Q2 (90-180<U+00B0>),Q2 (90-180<U+00B0>),TRUE,TRUE,Correct,135,4.1849161000000095,4.1849161000000095,4.1849161000000095,4.1849161000000095,TRUE
165166,18,righth,3+,yes,3,"""10+""",90,135,135.6780249,1129,200,"{""sample_4_time"": 200, ""count"": 24, ""last_time"": 200, ""first_y"": 355.5, ""last_x"": 548.5, ""sample_2_time"": 108, ""sample_0_x"": 698.5, ""first_x"": 698.5, ""sample_0_time"": 9, ""sample_0_y"": 355.5, ""last_y"": 198.5, ""sample_4_y"": 198.5, ""sample_2_y"": 279.5, ""sample_1_x"": 661.5, ""sample_3_time"": 158, ""sample_2_x"": 619.5, ""sample_1_time"": 58, ""sample_4_x"": 548.5, ""first_time"": 9, ""sample_1_y"": 321.5, ""sample_3_x"": 579.5, ""sample_3_y"": 235.5}",Q2 (90-180<U+00B0>),Q2 (90-180<U+00B0>),TRUE,TRUE,Correct,135,0.6780248999999969,0.6780248999999969,0.6780248999999969,0.6780248999999969,TRUE
165166,18,righth,3+,yes,3,"""10+""",91,45,39.52728833,1303,325,"{""sample_4_time"": 325, ""sample_0_x"": 738.5, ""count"": 39, ""last_y"": 214.5, ""sample_1_y"": 348.5, ""sample_3_x"": 843.5, ""sample_1_time"": 83, ""sample_0_time"": 8, ""sample_1_x"": 761.5, ""last_x"": 902.5, ""sample_2_x"": 782.5, ""first_time"": 8, ""sample_0_y"": 362.5, ""last_time"": 325, ""sample_3_y"": 265.5, ""first_x"": 738.5, ""sample_2_y"": 328.5, ""sample_4_y"": 214.5, ""sample_3_time"": 250, ""sample_2_time"": 166, ""first_y"": 362.5, ""sample_4_x"": 902.5}",Q1 (0-90<U+00B0>),Q1 (0-90<U+00B0>),TRUE,TRUE,Correct,45,5.4727116700000025,5.4727116700000025,5.4727116700000025,5.4727116700000025,TRUE
165166,18,righth,3+,yes,3,"""10+""",92,225,315.6944603,1196,317,"{""sample_3_y"": 506.5, ""sample_3_time"": 241, ""sample_0_y"": 366.5, ""sample_1_y"": 401.5, ""sample_4_time"": 316, ""last_x"": 886.5, ""sample_1_x"": 766.5, ""sample_1_time"": 83, ""sample_4_y"": 528.5, ""sample_0_x"": 735.5, ""sample_4_x"": 886.5, ""sample_2_y"": 475.5, ""count"": 38, ""first_time"": 8, ""first_x"": 735.5, ""first_y"": 366.5, ""sample_2_time"": 166, ""sample_0_time"": 8, ""sample_3_x"": 855.5, ""last_time"": 316, ""last_y"": 528.5, ""sample_2_x"": 820.5}",Q3 (180-270<U+00B0>),Q4 (270-360<U+00B0>),FALSE,TRUE,Formant,315,0.6944603000000029,0.6944603000000029,90.6944603,90.6944603,FALSE
165166,18,righth,3+,yes,3,"""10+""",93,45,47.26278981,951,284,"{""last_y"": 194.5, ""sample_1_y"": 321.5, ""sample_2_y"": 259.5, ""sample_4_y"": 194.5, ""first_y"": 360.5, ""sample_2_time"": 150, ""sample_3_x"": 855.5, ""sample_0_time"": 9, ""sample_4_time"": 284, ""sample_1_time"": 76, ""sample_2_x"": 822.5, ""sample_3_time"": 217, ""first_x"": 737.5, ""sample_0_x"": 737.5, ""last_time"": 284, ""first_time"": 9, ""last_x"": 877.5, ""sample_3_y"": 223.5, ""sample_0_y"": 360.5, ""count"": 34, ""sample_1_x"": 775.5, ""sample_4_x"": 877.5}",Q1 (0-90<U+00B0>),Q1 (0-90<U+00B0>),TRUE,TRUE,Correct,45,2.262789810000001,2.262789810000001,2.262789810000001,2.262789810000001,TRUE
165166,18,righth,3+,yes,3,"""10+""",94,315,224.3097228,1163,209,"{""sample_0_x"": 705.5, ""first_y"": 377.5, ""sample_3_x"": 582.5, ""count"": 25, ""sample_1_time"": 58, ""sample_0_time"": 8, ""first_time"": 8, ""sample_1_y"": 399.5, ""sample_1_x"": 677.5, ""sample_2_y"": 451.5, ""sample_2_time"": 108, ""sample_4_x"": 551.5, ""sample_4_time"": 208, ""last_x"": 551.5, ""sample_0_y"": 377.5, ""first_x"": 705.5, ""sample_3_time"": 158, ""sample_3_y"": 503.5, ""last_time"": 208, ""sample_2_x"": 629.5, ""sample_4_y"": 529.5, ""last_y"": 529.5}",Q4 (270-360<U+00B0>),Q3 (180-270<U+00B0>),FALSE,TRUE,Formant,225,0.690277199999997,0.690277199999997,90.6902772,90.6902772,FALSE
165166,18,righth,3+,yes,3,"""10+""",95,315,216.4778026,1132,176,"{""sample_1_y"": 415.5, ""count"": 21, ""first_time"": 9, ""last_time"": 175, ""sample_0_time"": 9, ""sample_2_time"": 92, ""sample_3_y"": 486.5, ""sample_3_x"": 552.5, ""first_y"": 381.5, ""sample_0_x"": 694.5, ""sample_3_time"": 134, ""last_y"": 504.5, ""sample_4_time"": 175, ""first_x"": 694.5, ""sample_2_y"": 458.5, ""sample_1_x"": 646.5, ""last_x"": 531.5, ""sample_2_x"": 593.5, ""sample_4_y"": 504.5, ""sample_0_y"": 381.5, ""sample_4_x"": 531.5, ""sample_1_time"": 50}",Q4 (270-360<U+00B0>),Q3 (180-270<U+00B0>),FALSE,TRUE,Formant,225,8.52219740000001,8.52219740000001,98.52219740000001,98.52219740000001,FALSE
165166,18,righth,3+,yes,3,"""10+""",96,315,227.7591077,742,218,"{""sample_2_x"": 603.5, ""sample_3_time"": 167, ""sample_2_y"": 490.5, ""sample_4_x"": 561.5, ""sample_0_y"": 390.5, ""sample_3_y"": 514.5, ""sample_2_time"": 117, ""sample_1_x"": 648.5, ""sample_4_y"": 539.5, ""sample_0_time"": 9, ""first_x"": 703.5, ""sample_0_x"": 703.5, ""sample_1_y"": 442.5, ""last_y"": 539.5, ""last_time"": 217, ""first_time"": 9, ""sample_3_x"": 579.5, ""last_x"": 561.5, ""sample_4_time"": 217, ""count"": 26, ""sample_1_time"": 59, ""first_y"": 390.5}",Q4 (270-360<U+00B0>),Q3 (180-270<U+00B0>),FALSE,TRUE,Formant,225,2.759107699999987,2.759107699999987,87.24089230000001,87.24089230000001,FALSE
165166,18,righth,3+,yes,3,"""10+""",97,225,228.1411298,791,218,"{""first_time"": 9, ""first_x"": 702.5, ""sample_4_time"": 217, ""count"": 26, ""sample_1_time"": 59, ""sample_2_time"": 117, ""sample_0_y"": 397.5, ""sample_0_x"": 702.5, ""sample_1_x"": 645.5, ""sample_3_time"": 167, ""last_y"": 538.5, ""sample_4_y"": 538.5, ""last_time"": 217, ""sample_1_y"": 456.5, ""sample_2_y"": 503.5, ""first_y"": 397.5, ""sample_3_x"": 577.5, ""last_x"": 564.5, ""sample_4_x"": 564.5, ""sample_2_x"": 595.5, ""sample_3_y"": 522.5, ""sample_0_time"": 9}",Q3 (180-270<U+00B0>),Q3 (180-270<U+00B0>),TRUE,TRUE,Correct,225,3.1411297999999874,3.1411297999999874,3.1411297999999874,3.1411297999999874,TRUE
165166,18,righth,3+,yes,3,"""10+""",98,225,229.7201369,1184,167,"{""last_time"": 166, ""sample_1_x"": 662.5, ""sample_2_y"": 480.5, ""sample_2_x"": 619.5, ""last_x"": 569.5, ""sample_0_time"": 8, ""sample_3_y"": 523.5, ""sample_1_y"": 434.5, ""sample_0_y"": 394.5, ""sample_4_y"": 542.5, ""sample_3_x"": 585.5, ""sample_4_time"": 166, ""first_y"": 394.5, ""sample_1_time"": 50, ""first_time"": 8, ""last_y"": 542.5, ""sample_3_time"": 133, ""sample_2_time"": 91, ""sample_0_x"": 706.5, ""count"": 20, ""sample_4_x"": 569.5, ""first_x"": 706.5}",Q3 (180-270<U+00B0>),Q3 (180-270<U+00B0>),TRUE,TRUE,Correct,225,4.7201369,4.7201369,4.7201369,4.7201369,TRUE
165166,18,righth,3+,yes,3,"""10+""",99,225,220.6545683,585,342,"{""first_x"": 705.5, ""sample_1_time"": 91, ""sample_3_x"": 582.5, ""sample_2_time"": 175, ""last_y"": 517.5, ""first_y"": 383.5, ""sample_1_x"": 668.5, ""sample_0_y"": 383.5, ""sample_2_x"": 635.5, ""sample_3_y"": 489.5, ""sample_1_y"": 413.5, ""sample_4_time"": 341, ""sample_4_y"": 517.5, ""sample_0_time"": 8, ""last_time"": 341, ""count"": 41, ""first_time"": 8, ""last_x"": 542.5, ""sample_4_x"": 542.5, ""sample_2_y"": 442.5, ""sample_0_x"": 705.5, ""sample_3_time"": 258}",Q3 (180-270<U+00B0>),Q3 (180-270<U+00B0>),TRUE,TRUE,Correct,225,4.345431700000006,4.345431700000006,4.345431700000006,4.345431700000006,TRUE
165166,18,righth,3+,yes,3,"""10+""",100,45,39.99291357,1129,393,"{""count"": 47, ""sample_0_x"": 734.5, ""sample_2_time"": 201, ""sample_4_time"": 392, ""sample_4_x"": 899.5, ""sample_3_x"": 856.5, ""first_time"": 9, ""sample_3_time"": 301, ""first_x"": 734.5, ""sample_1_x"": 768.5, ""sample_2_x"": 805.5, ""sample_3_y"": 257.5, ""last_time"": 392, ""first_y"": 358.5, ""sample_1_y"": 330.5, ""sample_2_y"": 299.5, ""sample_0_time"": 9, ""last_x"": 899.5, ""sample_0_y"": 358.5, ""sample_4_y"": 214.5, ""last_y"": 214.5, ""sample_1_time"": 101}",Q1 (0-90<U+00B0>),Q1 (0-90<U+00B0>),TRUE,TRUE,Correct,45,5.007086430000001,5.007086430000001,5.007086430000001,5.007086430000001,TRUE
165214,22,righth,2,yes,5,"""1-5""",21,315,224.2411599,2632,700,"{""first_y"": 349.5, ""first_x"": 696, ""sample_1_y"": 404.5, ""sample_0_y"": 349.5, ""sample_2_x"": 610, ""sample_0_time"": 16, ""sample_4_x"": 567, ""sample_3_x"": 575, ""last_time"": 700, ""sample_3_y"": 473.5, ""first_time"": 16, ""sample_2_y"": 434.5, ""sample_1_x"": 639, ""last_y"": 485.5, ""last_x"": 567, ""sample_1_time"": 183, ""sample_4_y"": 485.5, ""sample_3_time"": 533, ""count"": 42, ""sample_0_x"": 696, ""sample_2_time"": 367, ""sample_4_time"": 700}",Q4 (270-360<U+00B0>),Q3 (180-270<U+00B0>),FALSE,TRUE,Formant,225,0.7588400999999863,0.7588400999999863,90.75884009999999,90.75884009999999,FALSE
165214,22,righth,2,yes,5,"""1-5""",22,225,221.7674599,2982,2866,"{""first_time"": 17, ""sample_2_y"": 429.5, ""count"": 90, ""first_y"": 344.5, ""sample_0_y"": 344.5, ""last_x"": 561, ""sample_4_time"": 2866, ""sample_0_x"": 705, ""sample_1_time"": 450, ""sample_2_time"": 833, ""sample_0_time"": 17, ""sample_1_y"": 368.5, ""last_time"": 2866, ""last_y"": 478.5, ""sample_4_y"": 478.5, ""sample_3_y"": 472.5, ""sample_1_x"": 689, ""sample_2_x"": 626, ""sample_3_time"": 1200, ""first_x"": 705, ""sample_3_x"": 588, ""sample_4_x"": 561}",Q3 (180-270<U+00B0>),Q3 (180-270<U+00B0>),TRUE,TRUE,Correct,225,3.2325400999999943,3.2325400999999943,3.2325400999999943,3.2325400999999943,TRUE
165214,22,righth,2,yes,5,"""1-5""",23,135,48.23254011,2516,633,"{""first_y"": 292.5, ""last_y"": 177.5, ""sample_4_y"": 177.5, ""count"": 38, ""sample_2_time"": 333, ""sample_4_time"": 633, ""sample_0_x"": 751, ""sample_3_time"": 483, ""sample_1_x"": 808, ""sample_4_x"": 862, ""sample_0_time"": 16, ""sample_3_x"": 848, ""last_time"": 633, ""first_time"": 16, ""sample_2_x"": 824, ""sample_2_y"": 217.5, ""first_x"": 751, ""last_x"": 862, ""sample_1_time"": 166, ""sample_3_y"": 191.5, ""sample_1_y"": 232.5, ""sample_0_y"": 292.5}",Q2 (90-180<U+00B0>),Q1 (0-90<U+00B0>),FALSE,TRUE,Formant,45,3.232540110000002,3.232540110000002,86.76745989,86.76745989,FALSE
165214,22,righth,2,yes,5,"""1-5""",24,135,136.6791999,2666,451,"{""last_x"": 562, ""sample_1_y"": 304.5, ""sample_1_time"": 117, ""sample_0_y"": 320.5, ""sample_1_x"": 691, ""sample_2_time"": 234, ""sample_4_y"": 187.5, ""first_y"": 320.5, ""sample_4_x"": 562, ""count"": 27, ""first_x"": 707, ""sample_0_time"": 17, ""sample_2_y"": 215.5, ""first_time"": 17, ""sample_3_time"": 350, ""sample_4_time"": 451, ""sample_3_x"": 580, ""sample_3_y"": 205.5, ""last_y"": 187.5, ""sample_2_x"": 592, ""sample_0_x"": 707, ""last_time"": 451}",Q2 (90-180<U+00B0>),Q2 (90-180<U+00B0>),TRUE,TRUE,Correct,135,1.6791998999999862,1.6791998999999862,1.6791998999999862,1.6791998999999862,TRUE
165214,22,righth,2,yes,5,"""1-5""",25,45,40.45624235,2649,967,"{""sample_1_time"": 249, ""sample_0_x"": 738, ""first_x"": 738, ""sample_4_time"": 966, ""count"": 58, ""last_y"": 197.5, ""sample_3_y"": 218.5, ""sample_3_time"": 733, ""sample_1_y"": 265.5, ""sample_0_y"": 323.5, ""sample_2_time"": 499, ""sample_0_time"": 16, ""sample_3_x"": 860, ""last_time"": 966, ""first_time"": 16, ""sample_4_y"": 197.5, ""sample_1_x"": 804, ""sample_2_x"": 836, ""sample_2_y"": 238.5, ""last_x"": 883, ""first_y"": 323.5, ""sample_4_x"": 883}",Q1 (0-90<U+00B0>),Q1 (0-90<U+00B0>),TRUE,TRUE,Correct,45,4.543757650000003,4.543757650000003,4.543757650000003,4.543757650000003,TRUE
165214,22,righth,2,yes,5,"""1-5""",26,315,315,2498,884,"{""sample_3_y"": 459.5, ""sample_0_x"": 744, ""sample_4_time"": 883, ""sample_1_x"": 817, ""sample_2_x"": 826, ""sample_0_y"": 351.5, ""last_y"": 488.5, ""sample_4_y"": 488.5, ""last_time"": 883, ""sample_2_y"": 427.5, ""count"": 53, ""first_time"": 16, ""sample_4_x"": 872, ""sample_2_time"": 450, ""sample_1_y"": 418.5, ""sample_3_time"": 666, ""first_y"": 351.5, ""sample_0_time"": 16, ""first_x"": 744, ""sample_3_x"": 851, ""sample_1_time"": 233, ""last_x"": 872}",Q4 (270-360<U+00B0>),Q4 (270-360<U+00B0>),TRUE,TRUE,Correct,315,0,0,0,0,TRUE
165214,22,righth,2,yes,5,"""1-5""",27,225,220.8334951,2647,951,"{""first_y"": 332.5, ""sample_2_y"": 433.5, ""sample_3_x"": 567, ""first_time"": 17, ""sample_1_y"": 390.5, ""sample_3_y"": 460.5, ""last_time"": 950, ""sample_4_y"": 476.5, ""count"": 57, ""sample_4_time"": 950, ""sample_2_time"": 484, ""sample_4_x"": 558, ""sample_1_time"": 251, ""sample_3_time"": 718, ""sample_2_x"": 594, ""sample_0_time"": 17, ""sample_1_x"": 627, ""sample_0_y"": 332.5, ""last_y"": 476.5, ""first_x"": 700, ""last_x"": 558, ""sample_0_x"": 700}",Q3 (180-270<U+00B0>),Q3 (180-270<U+00B0>),TRUE,TRUE,Correct,225,4.166504900000007,4.166504900000007,4.166504900000007,4.166504900000007,TRUE
165214,22,righth,2,yes,5,"""1-5""",28,315,313.861823,2448,666,"{""sample_4_time"": 666, ""last_y"": 490.5, ""first_x"": 738, ""count"": 40, ""sample_3_y"": 476.5, ""sample_0_time"": 16, ""sample_3_time"": 517, ""sample_2_time"": 349, ""sample_2_x"": 828, ""sample_0_y"": 353.5, ""sample_4_y"": 490.5, ""first_y"": 353.5, ""sample_4_x"": 868, ""sample_1_time"": 183, ""last_x"": 868, ""first_time"": 16, ""sample_2_y"": 446.5, ""sample_0_x"": 738, ""sample_3_x"": 857, ""last_time"": 666, ""sample_1_x"": 792, ""sample_1_y"": 415.5}",Q4 (270-360<U+00B0>),Q4 (270-360<U+00B0>),TRUE,TRUE,Correct,315,1.1381769999999847,1.1381769999999847,1.1381769999999847,1.1381769999999847,TRUE
165214,22,righth,2,yes,5,"""1-5""",29,315,318.611885,2715,1717,"{""sample_2_time"": 867, ""first_time"": 16, ""sample_0_y"": 339.5, ""sample_1_time"": 433, ""sample_3_x"": 867, ""sample_4_x"": 880, ""sample_4_y"": 477.5, ""sample_0_time"": 16, ""sample_1_x"": 808, ""last_x"": 880, ""sample_0_x"": 743, ""sample_2_x"": 845, ""last_time"": 1716, ""last_y"": 477.5, ""sample_2_y"": 417.5, ""first_x"": 743, ""sample_4_time"": 1716, ""sample_3_y"": 446.5, ""first_y"": 339.5, ""sample_1_y"": 384.5, ""sample_3_time"": 1299, ""count"": 103}",Q4 (270-360<U+00B0>),Q4 (270-360<U+00B0>),TRUE,TRUE,Correct,315,3.6118849999999725,3.6118849999999725,3.6118849999999725,3.6118849999999725,TRUE
165214,22,righth,2,yes,5,"""1-5""",30,45,45.1890943,2882,3351,"{""first_x"": 732, ""sample_0_y"": 327.5, ""sample_2_time"": 1066, ""sample_1_time"": 533, ""sample_1_y"": 311.5, ""count"": 127, ""sample_3_time"": 1600, ""last_y"": 184.5, ""sample_0_time"": 17, ""sample_3_x"": 847, ""sample_2_y"": 283.5, ""sample_2_x"": 786, ""first_time"": 17, ""first_y"": 327.5, ""sample_4_y"": 184.5, ""sample_1_x"": 749, ""sample_4_time"": 3350, ""sample_0_x"": 732, ""sample_4_x"": 871, ""last_x"": 871, ""last_time"": 3350, ""sample_3_y"": 224.5}",Q1 (0-90<U+00B0>),Q1 (0-90<U+00B0>),TRUE,TRUE,Correct,45,0.18909430000000071,0.18909430000000071,0.18909430000000071,0.18909430000000071,TRUE
165214,22,righth,2,yes,5,"""1-5""",31,135,44.43645313,2831,800,"{""sample_0_time"": 16, ""last_x"": 874, ""sample_2_y"": 233.5, ""sample_1_x"": 781, ""first_time"": 16, ""last_time"": 799, ""last_y"": 185.5, ""sample_0_x"": 738, ""sample_4_y"": 185.5, ""count"": 48, ""sample_1_y"": 275.5, ""sample_0_y"": 320.5, ""sample_2_time"": 416, ""sample_3_y"": 206.5, ""first_y"": 320.5, ""sample_4_time"": 799, ""sample_3_x"": 854, ""sample_4_x"": 874, ""sample_3_time"": 616, ""sample_1_time"": 216, ""sample_2_x"": 827, ""first_x"": 738}",Q2 (90-180<U+00B0>),Q1 (0-90<U+00B0>),FALSE,TRUE,Formant,45,0.5635468700000033,0.5635468700000033,90.56354687000001,90.56354687000001,FALSE
165214,22,righth,2,yes,5,"""1-5""",32,45,135.7588401,2348,833,"{""sample_2_time"": 433, ""first_y"": 320.5, ""sample_3_y"": 204.5, ""sample_0_y"": 320.5, ""sample_1_y"": 275.5, ""count"": 50, ""sample_2_x"": 609, ""sample_4_time"": 832, ""sample_1_time"": 216, ""sample_2_y"": 224.5, ""last_y"": 187.5, ""last_x"": 567, ""sample_4_x"": 567, ""sample_3_time"": 633, ""sample_4_y"": 187.5, ""first_time"": 16, ""first_x"": 705, ""sample_3_x"": 586, ""sample_1_x"": 662, ""sample_0_x"": 705, ""last_time"": 832, ""sample_0_time"": 16}",Q1 (0-90<U+00B0>),Q2 (90-180<U+00B0>),FALSE,TRUE,Formant,135,0.7588400999999863,0.7588400999999863,90.75884009999999,90.75884009999999,FALSE
165214,22,righth,2,yes,5,"""1-5""",33,45,43.49256424,2598,984,"{""first_x"": 743, ""sample_4_time"": 984, ""last_time"": 984, ""sample_2_y"": 242.5, ""sample_2_x"": 844, ""sample_1_time"": 250, ""count"": 59, ""last_x"": 876, ""sample_4_y"": 188.5, ""sample_1_x"": 824, ""sample_0_y"": 327.5, ""first_time"": 17, ""sample_0_x"": 743, ""last_y"": 188.5, ""sample_1_y"": 264.5, ""sample_0_time"": 17, ""sample_3_time"": 750, ""first_y"": 327.5, ""sample_3_x"": 864, ""sample_4_x"": 876, ""sample_2_time"": 500, ""sample_3_y"": 211.5}",Q1 (0-90<U+00B0>),Q1 (0-90<U+00B0>),TRUE,TRUE,Correct,45,1.50743576,1.50743576,1.50743576,1.50743576,TRUE
165214,22,righth,2,yes,5,"""1-5""",34,135,135,2465,1433,"{""sample_1_time"": 366, ""last_time"": 1433, ""sample_0_time"": 16, ""sample_2_y"": 267.5, ""count"": 86, ""sample_1_y"": 291.5, ""sample_2_x"": 620, ""sample_0_x"": 697, ""first_y"": 329.5, ""last_x"": 569, ""sample_2_time"": 733, ""sample_3_x"": 588, ""sample_1_x"": 647, ""sample_4_y"": 185.5, ""first_time"": 16, ""sample_4_x"": 569, ""sample_3_y"": 228.5, ""first_x"": 697, ""sample_0_y"": 329.5, ""sample_3_time"": 1083, ""sample_4_time"": 1433, ""last_y"": 185.5}",Q2 (90-180<U+00B0>),Q2 (90-180<U+00B0>),TRUE,TRUE,Correct,135,0,0,0,0,TRUE
165214,22,righth,2,yes,5,"""1-5""",35,225,224.6205633,2260,817,"{""sample_2_y"": 456.5, ""sample_4_time"": 817, ""sample_0_y"": 349.5, ""sample_2_time"": 415, ""sample_4_x"": 568, ""last_x"": 568, ""sample_0_x"": 699, ""sample_3_time"": 615, ""first_time"": 17, ""sample_3_x"": 572, ""sample_3_y"": 477.5, ""sample_1_y"": 425.5, ""sample_1_time"": 215, ""last_time"": 817, ""first_x"": 699, ""sample_2_x"": 585, ""last_y"": 486.5, ""count"": 49, ""sample_4_y"": 486.5, ""first_y"": 349.5, ""sample_0_time"": 17, ""sample_1_x"": 611}",Q3 (180-270<U+00B0>),Q3 (180-270<U+00B0>),TRUE,TRUE,Correct,225,0.3794367000000136,0.3794367000000136,0.3794367000000136,0.3794367000000136,TRUE
165214,22,righth,2,yes,5,"""1-5""",36,315,315.7538483,2431,800,"{""count"": 48, ""last_time"": 800, ""sample_4_y"": 486.5, ""sample_2_time"": 417, ""sample_1_y"": 381.5, ""sample_1_time"": 217, ""first_time"": 17, ""sample_1_x"": 799, ""sample_3_x"": 856, ""sample_3_y"": 449.5, ""sample_4_time"": 800, ""sample_0_time"": 17, ""sample_0_x"": 743, ""first_y"": 342.5, ""sample_2_x"": 830, ""sample_4_x"": 874, ""sample_3_time"": 617, ""last_x"": 874, ""first_x"": 743, ""sample_0_y"": 342.5, ""sample_2_y"": 411.5, ""last_y"": 486.5}",Q4 (270-360<U+00B0>),Q4 (270-360<U+00B0>),TRUE,TRUE,Correct,315,0.7538483000000156,0.7538483000000156,0.7538483000000156,0.7538483000000156,TRUE
165214,22,righth,2,yes,5,"""1-5""",37,225,227.7791669,1999,1450,"{""sample_4_x"": 573, ""sample_0_y"": 339.5, ""sample_1_x"": 593, ""sample_3_x"": 702, ""sample_4_time"": 1450, ""sample_3_y"": 384.5, ""sample_4_y"": 498.5, ""sample_0_x"": 695, ""sample_2_x"": 571, ""first_x"": 695, ""last_time"": 1450, ""last_y"": 498.5, ""sample_0_time"": 16, ""count"": 68, ""last_x"": 573, ""first_time"": 16, ""sample_3_time"": 1183, ""sample_1_y"": 416.5, ""sample_1_time"": 300, ""sample_2_time"": 583, ""sample_2_y"": 451.5, ""first_y"": 339.5}",Q3 (180-270<U+00B0>),Q3 (180-270<U+00B0>),TRUE,TRUE,Correct,225,2.779166900000007,2.779166900000007,2.779166900000007,2.779166900000007,TRUE
165214,22,righth,2,yes,5,"""1-5""",38,45,138.2325401,1848,933,"{""sample_3_y"": 203.5, ""sample_0_y"": 307.5, ""sample_3_x"": 563, ""sample_4_y"": 194.5, ""count"": 55, ""sample_1_x"": 602, ""sample_2_time"": 484, ""sample_0_time"": 33, ""sample_4_x"": 561, ""sample_1_time"": 250, ""sample_2_x"": 582, ""sample_3_time"": 717, ""last_x"": 561, ""first_time"": 33, ""first_x"": 684, ""sample_4_time"": 933, ""sample_0_x"": 684, ""last_time"": 933, ""first_y"": 307.5, ""last_y"": 194.5, ""sample_2_y"": 219.5, ""sample_1_y"": 239.5}",Q1 (0-90<U+00B0>),Q2 (90-180<U+00B0>),FALSE,TRUE,Formant,135,3.2325400999999943,3.2325400999999943,93.2325401,93.2325401,FALSE
165214,22,righth,2,yes,5,"""1-5""",39,225,224.2411599,2565,933,"{""sample_2_y"": 451.5, ""sample_1_x"": 613, ""first_y"": 343.5, ""count"": 56, ""last_time"": 933, ""sample_1_y"": 417.5, ""sample_4_time"": 933, ""sample_2_x"": 587, ""sample_4_y"": 485.5, ""sample_3_x"": 576, ""sample_0_time"": 17, ""sample_0_x"": 698, ""sample_1_time"": 250, ""last_y"": 485.5, ""sample_4_x"": 567, ""sample_0_y"": 343.5, ""first_x"": 698, ""sample_3_time"": 717, ""sample_2_time"": 483, ""first_time"": 17, ""sample_3_y"": 468.5, ""last_x"": 567}",Q3 (180-270<U+00B0>),Q3 (180-270<U+00B0>),TRUE,TRUE,Correct,225,0.7588400999999863,0.7588400999999863,0.7588400999999863,0.7588400999999863,TRUE
165214,22,righth,2,yes,5,"""1-5""",40,225,220.6304084,2665,934,"{""sample_4_time"": 933, ""sample_3_y"": 458.5, ""sample_1_time"": 250, ""sample_2_y"": 441.5, ""sample_3_x"": 567, ""sample_0_time"": 17, ""sample_1_y"": 421.5, ""sample_0_y"": 353.5, ""last_y"": 475.5, ""sample_4_y"": 475.5, ""first_y"": 353.5, ""sample_3_time"": 717, ""last_time"": 933, ""sample_2_x"": 578, ""sample_2_time"": 484, ""sample_4_x"": 558, ""count"": 56, ""sample_1_x"": 600, ""sample_0_x"": 689, ""last_x"": 558, ""first_time"": 17, ""first_x"": 689}",Q3 (180-270<U+00B0>),Q3 (180-270<U+00B0>),TRUE,TRUE,Correct,225,4.369591600000007,4.369591600000007,4.369591600000007,4.369591600000007,TRUE
165214,22,righth,2,yes,5,"""1-5""",41,315,224.4327336,2599,1034,"{""sample_4_y"": 486.5, ""sample_4_x"": 567, ""first_x"": 696, ""sample_1_y"": 432.5, ""sample_3_x"": 572, ""sample_2_x"": 582, ""last_time"": 1033, ""sample_1_x"": 593, ""sample_0_y"": 349.5, ""first_time"": 16, ""sample_3_y"": 474.5, ""sample_0_time"": 16, ""last_x"": 567, ""sample_2_time"": 533, ""sample_4_time"": 1033, ""last_y"": 486.5, ""sample_2_y"": 450.5, ""sample_0_x"": 696, ""first_y"": 349.5, ""sample_3_time"": 783, ""sample_1_time"": 266, ""count"": 62}",Q4 (270-360<U+00B0>),Q3 (180-270<U+00B0>),FALSE,TRUE,Formant,225,0.5672663999999941,0.5672663999999941,90.5672664,90.5672664,FALSE
165214,22,righth,2,yes,5,"""1-5""",42,315,316.130691,2465,917,"{""sample_2_time"": 467, ""sample_4_y"": 485.5, ""sample_0_y"": 354.5, ""last_time"": 917, ""sample_3_y"": 471.5, ""sample_1_x"": 818, ""first_x"": 750, ""sample_3_time"": 700, ""first_time"": 17, ""sample_3_x"": 863, ""sample_1_time"": 233, ""first_y"": 354.5, ""sample_2_x"": 846, ""sample_4_time"": 917, ""sample_4_x"": 875, ""sample_1_y"": 415.5, ""count"": 55, ""last_x"": 875, ""sample_2_y"": 451.5, ""sample_0_time"": 17, ""sample_0_x"": 750, ""last_y"": 485.5}",Q4 (270-360<U+00B0>),Q4 (270-360<U+00B0>),TRUE,TRUE,Correct,315,1.130691000000013,1.130691000000013,1.130691000000013,1.130691000000013,TRUE
165214,22,righth,2,yes,5,"""1-5""",43,225,224.8109057,2648,1150,"{""sample_3_y"": 446.5, ""sample_1_time"": 300, ""sample_2_time"": 583, ""first_x"": 709, ""sample_2_y"": 421.5, ""first_time"": 17, ""sample_1_y"": 386.5, ""last_x"": 568, ""sample_0_x"": 709, ""count"": 69, ""last_time"": 1150, ""sample_0_y"": 354.5, ""sample_1_x"": 669, ""last_y"": 487.5, ""sample_2_x"": 617, ""first_y"": 354.5, ""sample_4_y"": 487.5, ""sample_3_x"": 593, ""sample_0_time"": 17, ""sample_3_time"": 867, ""sample_4_x"": 568, ""sample_4_time"": 1150}",Q3 (180-270<U+00B0>),Q3 (180-270<U+00B0>),TRUE,TRUE,Correct,225,0.1890942999999936,0.1890942999999936,0.1890942999999936,0.1890942999999936,TRUE
165214,22,righth,2,yes,5,"""1-5""",44,225,214.5771571,2597,585,"{""sample_2_y"": 413.5, ""sample_3_y"": 435.5, ""sample_3_x"": 547, ""first_x"": 695, ""sample_1_y"": 388.5, ""sample_0_time"": 17, ""first_y"": 347.5, ""first_time"": 17, ""count"": 35, ""sample_0_y"": 347.5, ""sample_4_x"": 543, ""sample_4_y"": 458.5, ""sample_3_time"": 450, ""sample_1_x"": 595, ""sample_2_time"": 300, ""last_x"": 543, ""sample_2_x"": 563, ""last_y"": 458.5, ""sample_0_x"": 695, ""sample_4_time"": 584, ""sample_1_time"": 150, ""last_time"": 584}",Q3 (180-270<U+00B0>),Q3 (180-270<U+00B0>),TRUE,TRUE,Correct,225,10.422842900000006,10.422842900000006,10.422842900000006,10.422842900000006,TRUE
165214,22,righth,2,yes,5,"""1-5""",45,315,223.869309,2549,701,"{""sample_3_x"": 575, ""sample_4_y"": 485.5, ""count"": 42, ""sample_4_x"": 565, ""sample_2_y"": 444.5, ""first_time"": 17, ""sample_1_y"": 431.5, ""sample_0_x"": 688, ""first_y"": 349.5, ""last_x"": 565, ""sample_2_time"": 367, ""sample_0_y"": 349.5, ""sample_0_time"": 17, ""last_time"": 701, ""sample_3_y"": 467.5, ""sample_3_time"": 534, ""sample_4_time"": 701, ""sample_1_x"": 601, ""first_x"": 688, ""last_y"": 485.5, ""sample_1_time"": 184, ""sample_2_x"": 590}",Q4 (270-360<U+00B0>),Q3 (180-270<U+00B0>),FALSE,TRUE,Formant,225,1.130691000000013,1.130691000000013,91.13069100000001,91.13069100000001,FALSE
165214,22,righth,2,yes,5,"""1-5""",46,225,319.1665049,2416,651,"{""sample_4_x"": 882, ""last_x"": 882, ""sample_2_y"": 437.5, ""first_y"": 347.5, ""sample_4_time"": 650, ""sample_3_time"": 500, ""sample_2_time"": 333, ""sample_3_y"": 451.5, ""last_y"": 476.5, ""sample_4_y"": 476.5, ""count"": 39, ""sample_0_x"": 748, ""first_x"": 748, ""sample_2_x"": 854, ""sample_1_time"": 166, ""sample_1_x"": 843, ""sample_0_time"": 16, ""sample_1_y"": 428.5, ""first_time"": 16, ""sample_0_y"": 347.5, ""sample_3_x"": 865, ""last_time"": 650}",Q3 (180-270<U+00B0>),Q4 (270-360<U+00B0>),FALSE,TRUE,Formant,315,4.166504900000007,4.166504900000007,94.1665049,94.1665049,FALSE
165214,22,righth,2,yes,5,"""1-5""",47,225,221.2111101,2365,850,"{""sample_2_y"": 406.5, ""sample_4_x"": 559, ""sample_3_y"": 453.5, ""last_y"": 477.5, ""sample_3_x"": 579, ""sample_1_y"": 379.5, ""first_x"": 698, ""last_time"": 850, ""sample_0_x"": 698, ""first_y"": 335.5, ""sample_4_y"": 477.5, ""sample_0_time"": 16, ""last_x"": 559, ""sample_4_time"": 850, ""sample_0_y"": 335.5, ""sample_1_time"": 216, ""sample_2_x"": 594, ""sample_2_time"": 433, ""count"": 51, ""sample_3_time"": 650, ""sample_1_x"": 623, ""first_time"": 16}",Q3 (180-270<U+00B0>),Q3 (180-270<U+00B0>),TRUE,TRUE,Correct,225,3.7888898999999867,3.7888898999999867,3.7888898999999867,3.7888898999999867,TRUE
165214,22,righth,2,yes,5,"""1-5""",48,45,134.0546109,2516,699,"{""sample_1_y"": 230.5, ""sample_0_time"": 16, ""last_y"": 182.5, ""sample_2_x"": 596, ""count"": 42, ""last_time"": 699, ""sample_1_x"": 612, ""first_y"": 310.5, ""sample_0_x"": 703, ""sample_4_time"": 699, ""sample_2_y"": 217.5, ""sample_3_x"": 584, ""sample_1_time"": 182, ""sample_3_y"": 203.5, ""sample_4_y"": 182.5, ""sample_3_time"": 533, ""first_time"": 16, ""sample_2_time"": 366, ""first_x"": 703, ""sample_4_x"": 571, ""sample_0_y"": 310.5, ""last_x"": 571}",Q1 (0-90<U+00B0>),Q2 (90-180<U+00B0>),FALSE,TRUE,Formant,135,0.9453890999999999,0.9453890999999999,89.0546109,89.0546109,FALSE
165214,22,righth,2,yes,5,"""1-5""",49,315,314.2461517,2977,1050,"{""sample_4_time"": 1050, ""first_time"": 17, ""sample_0_y"": 349.5, ""last_x"": 870, ""count"": 63, ""sample_1_time"": 266, ""sample_0_time"": 17, ""sample_1_x"": 812, ""sample_2_time"": 534, ""sample_1_y"": 413.5, ""sample_3_y"": 456.5, ""sample_2_y"": 439.5, ""last_time"": 1050, ""last_y"": 490.5, ""sample_3_x"": 848, ""sample_4_y"": 490.5, ""sample_4_x"": 870, ""sample_0_x"": 739, ""sample_2_x"": 830, ""sample_3_time"": 800, ""first_y"": 349.5, ""first_x"": 739}",Q4 (270-360<U+00B0>),Q4 (270-360<U+00B0>),TRUE,TRUE,Correct,315,0.7538483000000156,0.7538483000000156,0.7538483000000156,0.7538483000000156,TRUE
165214,22,righth,2,yes,5,"""1-5""",50,45,49.88840095,2499,716,"{""last_x"": 859, ""sample_0_y"": 314.5, ""sample_4_y"": 171.5, ""sample_1_x"": 790, ""last_y"": 171.5, ""sample_0_x"": 735, ""count"": 43, ""sample_3_time"": 549, ""sample_3_y"": 193.5, ""first_x"": 735, ""first_y"": 314.5, ""sample_1_y"": 249.5, ""sample_2_y"": 217.5, ""last_time"": 716, ""sample_3_x"": 832, ""sample_2_time"": 366, ""sample_1_time"": 182, ""sample_2_x"": 813, ""sample_4_x"": 859, ""first_time"": 16, ""sample_4_time"": 716, ""sample_0_time"": 16}",Q1 (0-90<U+00B0>),Q1 (0-90<U+00B0>),TRUE,TRUE,Correct,45,4.888400949999998,4.888400949999998,4.888400949999998,4.888400949999998,TRUE
165214,22,righth,2,yes,5,"""1-5""",51,45,43.32080011,2432,467,"{""sample_0_x"": 755, ""sample_2_y"": 214.5, ""first_time"": 17, ""sample_2_time"": 249, ""sample_1_y"": 239.5, ""sample_3_time"": 366, ""count"": 28, ""sample_4_y"": 187.5, ""sample_2_x"": 851, ""last_x"": 878, ""first_y"": 310.5, ""sample_4_time"": 467, ""sample_0_y"": 310.5, ""first_x"": 755, ""last_time"": 467, ""sample_1_time"": 133, ""sample_0_time"": 17, ""last_y"": 187.5, ""sample_3_x"": 862, ""sample_3_y"": 204.5, ""sample_4_x"": 878, ""sample_1_x"": 823}",Q1 (0-90<U+00B0>),Q1 (0-90<U+00B0>),TRUE,TRUE,Correct,45,1.6791998899999996,1.6791998899999996,1.6791998899999996,1.6791998899999996,TRUE
165214,22,righth,2,yes,5,"""1-5""",52,45,42.75425743,2144,400,"{""sample_2_time"": 219, ""count"": 24, ""last_time"": 400, ""sample_4_time"": 400, ""sample_4_x"": 879, ""sample_2_x"": 850, ""sample_0_x"": 749, ""first_x"": 749, ""first_y"": 320.5, ""sample_3_x"": 870, ""sample_1_y"": 258.5, ""last_y"": 189.5, ""sample_2_y"": 223.5, ""sample_4_y"": 189.5, ""sample_1_x"": 814, ""sample_0_y"": 320.5, ""sample_3_time"": 317, ""sample_0_time"": 18, ""first_time"": 18, ""sample_3_y"": 200.5, ""sample_1_time"": 118, ""last_x"": 879}",Q1 (0-90<U+00B0>),Q1 (0-90<U+00B0>),TRUE,TRUE,Correct,45,2.2457425699999973,2.2457425699999973,2.2457425699999973,2.2457425699999973,TRUE
165214,22,righth,2,yes,5,"""1-5""",53,135,137.6541955,2048,267,"{""last_y"": 192.5, ""sample_3_y"": 204.5, ""last_time"": 266, ""sample_1_y"": 272.5, ""first_x"": 689, ""sample_2_time"": 150, ""sample_2_y"": 230.5, ""last_x"": 562, ""sample_4_x"": 562, ""sample_3_x"": 572, ""sample_1_x"": 629, ""sample_3_time"": 216, ""sample_0_x"": 689, ""sample_0_time"": 16, ""first_y"": 317.5, ""sample_2_x"": 594, ""sample_4_y"": 192.5, ""sample_4_time"": 266, ""sample_1_time"": 83, ""count"": 16, ""sample_0_y"": 317.5, ""first_time"": 16}",Q2 (90-180<U+00B0>),Q2 (90-180<U+00B0>),TRUE,TRUE,Correct,135,2.654195499999986,2.654195499999986,2.654195499999986,2.654195499999986,TRUE
165214,22,righth,2,yes,5,"""1-5""",54,45,41.76745989,2465,750,"{""last_x"": 879, ""sample_4_y"": 194.5, ""sample_2_x"": 819, ""last_time"": 750, ""first_x"": 745, ""sample_0_x"": 745, ""sample_1_x"": 799, ""sample_3_y"": 220.5, ""first_time"": 16, ""first_y"": 320.5, ""sample_2_y"": 257.5, ""sample_3_x"": 853, ""sample_0_time"": 16, ""sample_3_time"": 566, ""sample_4_x"": 879, ""last_y"": 194.5, ""sample_0_y"": 320.5, ""sample_2_time"": 383, ""count"": 45, ""sample_1_time"": 199, ""sample_1_y"": 276.5, ""sample_4_time"": 750}",Q1 (0-90<U+00B0>),Q1 (0-90<U+00B0>),TRUE,TRUE,Correct,45,3.232540110000002,3.232540110000002,3.232540110000002,3.232540110000002,TRUE
165214,22,righth,2,yes,5,"""1-5""",55,225,221.8305065,2482,750,"{""sample_4_y"": 481.5, ""sample_1_y"": 360.5, ""first_y"": 347.5, ""sample_0_x"": 706, ""sample_0_time"": 16, ""sample_4_time"": 749, ""sample_2_y"": 407.5, ""sample_2_x"": 639, ""first_time"": 16, ""sample_0_y"": 347.5, ""sample_3_y"": 437.5, ""sample_4_x"": 558, ""count"": 45, ""first_x"": 706, ""last_x"": 558, ""sample_3_x"": 605, ""sample_1_time"": 199, ""last_time"": 749, ""sample_3_time"": 566, ""sample_1_x"": 686, ""sample_2_time"": 383, ""last_y"": 481.5}",Q3 (180-270<U+00B0>),Q3 (180-270<U+00B0>),TRUE,TRUE,Correct,225,3.1694934999999873,3.1694934999999873,3.1694934999999873,3.1694934999999873,TRUE
165214,22,righth,2,yes,5,"""1-5""",56,135,134.0669265,2331,134,"{""count"": 8, ""last_x"": 569, ""first_time"": 17, ""last_y"": 180.5, ""last_time"": 134, ""first_y"": 277.5, ""first_x"": 677}",Q2 (90-180<U+00B0>),Q2 (90-180<U+00B0>),TRUE,TRUE,Correct,135,0.9330735000000061,0.9330735000000061,0.9330735000000061,0.9330735000000061,TRUE
165214,22,righth,2,yes,5,"""1-5""",57,135,138.611885,2348,1783,"{""sample_1_y"": 293.5, ""first_time"": 17, ""last_y"": 195.5, ""sample_2_y"": 242.5, ""last_time"": 1783, ""count"": 107, ""sample_2_time"": 900, ""first_x"": 716, ""sample_3_y"": 208.5, ""sample_4_time"": 1783, ""last_x"": 560, ""sample_1_time"": 450, ""first_y"": 320.5, ""sample_0_time"": 17, ""sample_3_x"": 584, ""sample_4_y"": 195.5, ""sample_2_x"": 623, ""sample_4_x"": 560, ""sample_1_x"": 679, ""sample_0_x"": 716, ""sample_0_y"": 320.5, ""sample_3_time"": 1349}",Q2 (90-180<U+00B0>),Q2 (90-180<U+00B0>),TRUE,TRUE,Correct,135,3.611885000000001,3.611885000000001,3.611885000000001,3.611885000000001,TRUE
165214,22,righth,2,yes,5,"""1-5""",58,135,136.138177,2482,1833,"{""last_x"": 566, ""sample_2_x"": 652, ""last_time"": 1833, ""sample_0_x"": 708, ""sample_1_time"": 466, ""sample_4_y"": 188.5, ""sample_2_time"": 933, ""sample_4_x"": 566, ""first_y"": 317.5, ""sample_3_y"": 236.5, ""count"": 110, ""first_time"": 16, ""first_x"": 708, ""sample_2_y"": 279.5, ""sample_3_x"": 613, ""sample_0_time"": 16, ""sample_3_time"": 1383, ""sample_4_time"": 1833, ""sample_0_y"": 317.5, ""last_y"": 188.5, ""sample_1_x"": 683, ""sample_1_y"": 302.5}",Q2 (90-180<U+00B0>),Q2 (90-180<U+00B0>),TRUE,TRUE,Correct,135,1.138177000000013,1.138177000000013,1.138177000000013,1.138177000000013,TRUE
165214,22,righth,2,yes,5,"""1-5""",59,45,44.6205633,2415,1667,"{""sample_4_y"": 186.5, ""sample_3_y"": 235.5, ""sample_3_time"": 1266, ""sample_4_time"": 1667, ""sample_0_x"": 733, ""sample_0_time"": 16, ""first_y"": 326.5, ""first_time"": 16, ""sample_0_y"": 326.5, ""last_y"": 186.5, ""sample_3_x"": 815, ""sample_1_time"": 433, ""sample_2_x"": 778, ""sample_1_x"": 749, ""sample_4_x"": 872, ""sample_1_y"": 309.5, ""count"": 100, ""first_x"": 733, ""last_time"": 1667, ""sample_2_y"": 279.5, ""sample_2_time"": 850, ""last_x"": 872}",Q1 (0-90<U+00B0>),Q1 (0-90<U+00B0>),TRUE,TRUE,Correct,45,0.3794366999999994,0.3794366999999994,0.3794366999999994,0.3794366999999994,TRUE
165214,22,righth,2,yes,5,"""1-5""",60,45,39.7376046,2531,1301,"{""sample_3_y"": 227.5, ""sample_4_y"": 198.5, ""sample_4_x"": 886, ""last_time"": 1301, ""sample_2_x"": 790, ""sample_2_time"": 667, ""sample_3_x"": 855, ""sample_1_time"": 334, ""sample_1_y"": 323.5, ""sample_1_x"": 752, ""last_y"": 198.5, ""sample_2_y"": 287.5, ""sample_4_time"": 1301, ""sample_3_time"": 984, ""last_x"": 886, ""first_time"": 17, ""first_y"": 337.5, ""count"": 78, ""sample_0_time"": 17, ""first_x"": 735, ""sample_0_y"": 337.5, ""sample_0_x"": 735}",Q1 (0-90<U+00B0>),Q1 (0-90<U+00B0>),TRUE,TRUE,Correct,45,5.262395400000003,5.262395400000003,5.262395400000003,5.262395400000003,TRUE
165214,22,righth,2,yes,5,"""1-5""",61,315,307.2433285,2248,1466,"{""sample_3_x"": 825, ""count"": 88, ""sample_0_time"": 16, ""last_y"": 507.5, ""last_time"": 1466, ""sample_1_y"": 382.5, ""sample_1_x"": 759, ""sample_3_y"": 456.5, ""sample_0_y"": 352.5, ""sample_3_time"": 1117, ""sample_0_x"": 731, ""sample_1_time"": 383, ""sample_4_x"": 850, ""sample_2_y"": 430.5, ""sample_2_x"": 802, ""sample_2_time"": 749, ""first_y"": 352.5, ""first_time"": 16, ""sample_4_y"": 507.5, ""last_x"": 850, ""sample_4_time"": 1466, ""first_x"": 731}",Q4 (270-360<U+00B0>),Q4 (270-360<U+00B0>),TRUE,TRUE,Correct,315,7.756671499999982,7.756671499999982,7.756671499999982,7.756671499999982,TRUE
165214,22,righth,2,yes,5,"""1-5""",62,135,144.40078,2465,1367,"{""sample_2_time"": 700, ""last_y"": 210.5, ""sample_2_y"": 249.5, ""sample_0_y"": 316.5, ""sample_1_y"": 283.5, ""sample_2_x"": 640, ""first_x"": 712, ""count"": 82, ""sample_1_time"": 350, ""sample_0_time"": 16, ""sample_3_x"": 608, ""last_x"": 544, ""last_time"": 1367, ""first_y"": 316.5, ""sample_4_time"": 1367, ""sample_4_y"": 210.5, ""first_time"": 16, ""sample_1_x"": 683, ""sample_4_x"": 544, ""sample_0_x"": 712, ""sample_3_y"": 224.5, ""sample_3_time"": 1033}",Q2 (90-180<U+00B0>),Q2 (90-180<U+00B0>),TRUE,TRUE,Correct,135,9.400779999999997,9.400779999999997,9.400779999999997,9.400779999999997,TRUE
165214,22,righth,2,yes,5,"""1-5""",63,135,44.44012421,2231,1633,"{""last_y"": 184.5, ""sample_4_time"": 1633, ""sample_4_x"": 875, ""sample_1_x"": 758, ""sample_4_y"": 184.5, ""last_time"": 1633, ""first_time"": 16, ""first_y"": 321.5, ""sample_2_time"": 850, ""sample_2_x"": 805, ""sample_1_y"": 297.5, ""sample_1_time"": 450, ""sample_0_y"": 321.5, ""sample_0_time"": 16, ""sample_3_x"": 825, ""sample_0_x"": 729, ""count"": 96, ""sample_3_y"": 233.5, ""first_x"": 729, ""sample_3_time"": 1249, ""last_x"": 875, ""sample_2_y"": 254.5}",Q2 (90-180<U+00B0>),Q1 (0-90<U+00B0>),FALSE,TRUE,Formant,45,0.5598757899999995,0.5598757899999995,90.55987579,90.55987579,FALSE
165214,22,righth,2,yes,5,"""1-5""",64,225,310.2521119,2016,1283,"{""sample_0_y"": 350.5, ""sample_4_y"": 499.5, ""sample_4_time"": 1282, ""sample_3_time"": 966, ""sample_1_time"": 332, ""sample_0_time"": 15, ""sample_1_x"": 771, ""sample_4_x"": 858, ""last_time"": 1282, ""count"": 77, ""last_x"": 858, ""sample_3_y"": 463.5, ""sample_1_y"": 386.5, ""sample_2_time"": 649, ""first_y"": 350.5, ""first_x"": 726, ""sample_3_x"": 834, ""last_y"": 499.5, ""first_time"": 15, ""sample_2_y"": 424.5, ""sample_2_x"": 803, ""sample_0_x"": 726}",Q3 (180-270<U+00B0>),Q4 (270-360<U+00B0>),FALSE,TRUE,Formant,315,4.7478881000000115,4.7478881000000115,85.25211189999999,85.25211189999999,FALSE
165214,22,righth,2,yes,5,"""1-5""",65,315,313.2986454,2549,1333,"{""last_y"": 492.5, ""sample_2_time"": 683, ""last_x"": 867, ""sample_0_x"": 735, ""sample_1_time"": 349, ""sample_1_y"": 341.5, ""sample_3_x"": 840, ""sample_3_time"": 1016, ""sample_2_y"": 404.5, ""first_y"": 331.5, ""sample_2_x"": 811, ""sample_4_y"": 492.5, ""sample_1_x"": 753, ""sample_4_x"": 867, ""sample_4_time"": 1333, ""last_time"": 1333, ""sample_0_time"": 16, ""first_x"": 735, ""sample_3_y"": 449.5, ""count"": 80, ""sample_0_y"": 331.5, ""first_time"": 16}",Q4 (270-360<U+00B0>),Q4 (270-360<U+00B0>),TRUE,TRUE,Correct,315,1.701354600000002,1.701354600000002,1.701354600000002,1.701354600000002,TRUE
165214,22,righth,2,yes,5,"""1-5""",66,45,44.81576983,2532,1682,"{""count"": 101, ""sample_0_y"": 322.5, ""first_y"": 322.5, ""sample_1_y"": 298.5, ""first_x"": 724, ""sample_3_time"": 1266, ""sample_4_x"": 876, ""sample_2_y"": 287.5, ""last_y"": 181.5, ""sample_1_x"": 746, ""last_x"": 876, ""sample_4_time"": 1682, ""sample_0_time"": 16, ""sample_3_x"": 789, ""sample_4_y"": 181.5, ""sample_0_x"": 724, ""first_time"": 16, ""sample_1_time"": 433, ""sample_2_time"": 849, ""sample_2_x"": 759, ""last_time"": 1682, ""sample_3_y"": 258.5}",Q1 (0-90<U+00B0>),Q1 (0-90<U+00B0>),TRUE,TRUE,Correct,45,0.1842301699999993,0.1842301699999993,0.1842301699999993,0.1842301699999993,TRUE
165214,22,righth,2,yes,5,"""1-5""",67,45,45.3794367,2465,1200,"{""sample_1_x"": 776, ""sample_2_y"": 265.5, ""sample_1_time"": 317, ""sample_4_y"": 184.5, ""last_x"": 870, ""sample_0_y"": 321.5, ""sample_4_time"": 1200, ""last_y"": 184.5, ""sample_3_x"": 840, ""first_time"": 17, ""first_x"": 734, ""sample_0_x"": 734, ""sample_3_y"": 217.5, ""sample_2_x"": 785, ""first_y"": 321.5, ""count"": 72, ""sample_0_time"": 17, ""sample_4_x"": 870, ""sample_2_time"": 617, ""sample_3_time"": 917, ""last_time"": 1200, ""sample_1_y"": 273.5}",Q1 (0-90<U+00B0>),Q1 (0-90<U+00B0>),TRUE,TRUE,Correct,45,0.3794366999999994,0.3794366999999994,0.3794366999999994,0.3794366999999994,TRUE
165214,22,righth,2,yes,5,"""1-5""",68,225,308.4108781,2466,1483,"{""sample_2_x"": 787, ""last_time"": 1483, ""sample_2_time"": 749, ""sample_4_time"": 1483, ""sample_1_x"": 754, ""sample_4_x"": 854, ""first_y"": 348.5, ""last_y"": 505.5, ""last_x"": 854, ""sample_3_x"": 827, ""first_time"": 16, ""sample_3_y"": 454.5, ""sample_4_y"": 505.5, ""sample_3_time"": 1116, ""count"": 89, ""sample_0_y"": 348.5, ""first_x"": 727, ""sample_0_time"": 16, ""sample_2_y"": 401.5, ""sample_1_time"": 383, ""sample_0_x"": 727, ""sample_1_y"": 374.5}",Q3 (180-270<U+00B0>),Q4 (270-360<U+00B0>),FALSE,TRUE,Formant,315,6.589121900000009,6.589121900000009,83.41087809999999,83.41087809999999,FALSE
165214,22,righth,2,yes,5,"""1-5""",69,225,310.8334951,2532,1450,"{""sample_0_x"": 733, ""sample_2_time"": 733, ""first_x"": 733, ""sample_3_y"": 439.5, ""sample_4_x"": 860, ""sample_2_y"": 391.5, ""sample_4_time"": 1449, ""first_time"": 16, ""last_x"": 860, ""sample_3_x"": 823, ""sample_1_time"": 366, ""last_time"": 1449, ""sample_4_y"": 498.5, ""sample_0_time"": 16, ""sample_0_y"": 345.5, ""count"": 87, ""last_y"": 498.5, ""sample_2_x"": 788, ""sample_1_y"": 357.5, ""first_y"": 345.5, ""sample_3_time"": 1100, ""sample_1_x"": 756}",Q3 (180-270<U+00B0>),Q4 (270-360<U+00B0>),FALSE,TRUE,Formant,315,4.166504900000007,4.166504900000007,85.8334951,85.8334951,FALSE
165214,22,righth,2,yes,5,"""1-5""",70,315,313.2986454,2048,1800,"{""first_time"": 16, ""sample_3_y"": 416.5, ""first_x"": 737, ""last_time"": 1800, ""sample_3_time"": 1366, ""sample_1_y"": 348.5, ""sample_4_x"": 867, ""count"": 108, ""first_y"": 334.5, ""sample_0_y"": 334.5, ""sample_2_x"": 807, ""sample_1_time"": 466, ""sample_2_y"": 383.5, ""sample_4_y"": 492.5, ""last_y"": 492.5, ""last_x"": 867, ""sample_1_x"": 763, ""sample_2_time"": 917, ""sample_4_time"": 1800, ""sample_3_x"": 829, ""sample_0_time"": 16, ""sample_0_x"": 737}",Q4 (270-360<U+00B0>),Q4 (270-360<U+00B0>),TRUE,TRUE,Correct,315,1.701354600000002,1.701354600000002,1.701354600000002,1.701354600000002,TRUE
165214,22,righth,2,yes,5,"""1-5""",71,225,311.0090869,2697,1867,"{""first_time"": 17, ""last_x"": 860, ""sample_0_x"": 734, ""count"": 112, ""sample_2_x"": 808, ""sample_4_time"": 1867, ""last_y"": 497.5, ""sample_3_x"": 841, ""sample_1_time"": 483, ""sample_0_time"": 17, ""sample_4_y"": 497.5, ""sample_3_y"": 449.5, ""sample_2_time"": 950, ""sample_0_y"": 333.5, ""sample_3_time"": 1417, ""sample_2_y"": 402.5, ""last_time"": 1867, ""sample_1_y"": 357.5, ""first_x"": 734, ""first_y"": 333.5, ""sample_4_x"": 860, ""sample_1_x"": 759}",Q3 (180-270<U+00B0>),Q4 (270-360<U+00B0>),FALSE,TRUE,Formant,315,3.9909131,3.9909131,86.0090869,86.0090869,FALSE
165214,22,righth,2,yes,5,"""1-5""",72,225,217.568592,2264,1301,"{""sample_1_y"": 345.5, ""sample_2_x"": 686, ""count"": 71, ""last_x"": 551, ""first_x"": 736, ""sample_0_y"": 336.5, ""first_y"": 336.5, ""last_time"": 1301, ""sample_0_time"": 17, ""sample_1_x"": 750, ""sample_4_time"": 1301, ""sample_0_x"": 736, ""sample_2_time"": 717, ""sample_2_y"": 335.5, ""sample_4_y"": 466.5, ""sample_3_time"": 1017, ""sample_3_y"": 431.5, ""sample_3_x"": 600, ""last_y"": 466.5, ""first_time"": 17, ""sample_1_time"": 301, ""sample_4_x"": 551}",Q3 (180-270<U+00B0>),Q3 (180-270<U+00B0>),TRUE,TRUE,Correct,225,7.431408000000005,7.431408000000005,7.431408000000005,7.431408000000005,TRUE
165214,22,righth,2,yes,5,"""1-5""",73,135,135.1890943,1881,1050,"{""first_y"": 316.5, ""last_time"": 1050, ""sample_1_y"": 240.5, ""sample_0_x"": 719, ""sample_4_x"": 568, ""sample_1_x"": 648, ""sample_4_time"": 1050, ""last_y"": 185.5, ""first_time"": 17, ""sample_3_x"": 588, ""count"": 63, ""sample_4_y"": 185.5, ""sample_2_y"": 203.5, ""sample_2_time"": 533, ""sample_2_x"": 611, ""sample_3_time"": 800, ""sample_1_time"": 267, ""sample_0_y"": 316.5, ""sample_3_y"": 191.5, ""first_x"": 719, ""last_x"": 568, ""sample_0_time"": 17}",Q2 (90-180<U+00B0>),Q2 (90-180<U+00B0>),TRUE,TRUE,Correct,135,0.1890942999999936,0.1890942999999936,0.1890942999999936,0.1890942999999936,TRUE
165214,22,righth,2,yes,5,"""1-5""",74,135,146.2357152,2498,1434,"{""sample_0_time"": 16, ""sample_4_y"": 217.5, ""sample_4_x"": 542, ""sample_1_y"": 318.5, ""count"": 86, ""sample_2_y"": 289.5, ""sample_4_time"": 1434, ""sample_0_x"": 702, ""sample_0_y"": 329.5, ""sample_1_x"": 679, ""sample_3_y"": 243.5, ""first_y"": 329.5, ""first_x"": 702, ""sample_2_time"": 732, ""last_y"": 217.5, ""sample_1_time"": 366, ""sample_3_x"": 585, ""first_time"": 16, ""sample_3_time"": 1083, ""sample_2_x"": 637, ""last_x"": 542, ""last_time"": 1434}",Q2 (90-180<U+00B0>),Q2 (90-180<U+00B0>),TRUE,TRUE,Correct,135,11.235715199999987,11.235715199999987,11.235715199999987,11.235715199999987,TRUE
165214,22,righth,2,yes,5,"""1-5""",75,45,45.56354687,2515,2067,"{""sample_2_y"": 279.5, ""sample_3_time"": 1200, ""sample_0_y"": 326.5, ""sample_2_time"": 800, ""first_y"": 326.5, ""count"": 95, ""last_y"": 182.5, ""first_x"": 733, ""sample_1_time"": 400, ""last_x"": 871, ""sample_2_x"": 787, ""last_time"": 2067, ""first_time"": 17, ""sample_1_y"": 309.5, ""sample_4_y"": 182.5, ""sample_1_x"": 756, ""sample_0_time"": 17, ""sample_4_x"": 871, ""sample_3_y"": 239.5, ""sample_3_x"": 809, ""sample_4_time"": 2067, ""sample_0_x"": 733}",Q1 (0-90<U+00B0>),Q1 (0-90<U+00B0>),TRUE,TRUE,Correct,45,0.5635468700000033,0.5635468700000033,0.5635468700000033,0.5635468700000033,TRUE
165214,22,righth,2,yes,5,"""1-5""",76,45,46.70135461,2532,1350,"{""last_x"": 867, ""sample_1_y"": 305.5, ""sample_0_x"": 729, ""first_x"": 729, ""last_y"": 180.5, ""sample_2_time"": 683, ""sample_4_y"": 180.5, ""sample_3_x"": 828, ""sample_4_x"": 867, ""count"": 81, ""last_time"": 1350, ""sample_3_time"": 1017, ""sample_0_time"": 16, ""sample_3_y"": 227.5, ""sample_1_x"": 748, ""sample_4_time"": 1350, ""sample_1_time"": 350, ""first_time"": 16, ""sample_2_x"": 794, ""sample_2_y"": 262.5, ""first_y"": 324.5, ""sample_0_y"": 324.5}",Q1 (0-90<U+00B0>),Q1 (0-90<U+00B0>),TRUE,TRUE,Correct,45,1.7013546100000028,1.7013546100000028,1.7013546100000028,1.7013546100000028,TRUE
165214,22,righth,2,yes,5,"""1-5""",77,315,315,2149,1500,"{""last_y"": 487.5, ""sample_3_y"": 435.5, ""first_y"": 339.5, ""last_time"": 1499, ""sample_3_x"": 845, ""last_x"": 871, ""sample_1_time"": 383, ""sample_2_y"": 407.5, ""first_time"": 15, ""sample_2_x"": 828, ""first_x"": 736, ""sample_4_time"": 1499, ""count"": 90, ""sample_4_y"": 487.5, ""sample_3_time"": 1132, ""sample_0_x"": 736, ""sample_1_y"": 378.5, ""sample_1_x"": 806, ""sample_4_x"": 871, ""sample_0_time"": 15, ""sample_2_time"": 766, ""sample_0_y"": 339.5}",Q4 (270-360<U+00B0>),Q4 (270-360<U+00B0>),TRUE,TRUE,Correct,315,0,0,0,0,TRUE
165214,22,righth,2,yes,5,"""1-5""",78,135,47.24574257,2632,1133,"{""sample_2_y"": 291.5, ""last_time"": 1133, ""sample_2_time"": 583, ""sample_0_y"": 327.5, ""last_y"": 177.5, ""sample_0_x"": 733, ""last_x"": 867, ""sample_4_y"": 177.5, ""sample_3_y"": 242.5, ""sample_4_time"": 1133, ""sample_1_time"": 299, ""sample_0_time"": 16, ""sample_2_x"": 769, ""first_y"": 327.5, ""sample_1_y"": 309.5, ""sample_3_x"": 816, ""first_x"": 733, ""sample_4_x"": 867, ""sample_3_time"": 866, ""sample_1_x"": 750, ""count"": 68, ""first_time"": 16}",Q2 (90-180<U+00B0>),Q1 (0-90<U+00B0>),FALSE,TRUE,Formant,45,2.2457425699999973,2.2457425699999973,87.75425743,87.75425743,FALSE
165214,22,righth,2,yes,5,"""1-5""",79,135,48.19023429,2265,1233,"{""sample_3_y"": 219.5, ""sample_0_x"": 732, ""sample_4_y"": 175.5, ""sample_4_x"": 864, ""sample_1_x"": 757, ""sample_1_time"": 316, ""sample_2_x"": 798, ""first_y"": 326.5, ""sample_0_y"": 326.5, ""sample_1_y"": 306.5, ""sample_2_y"": 265.5, ""last_time"": 1233, ""sample_0_time"": 16, ""sample_3_time"": 933, ""first_x"": 732, ""last_y"": 175.5, ""count"": 74, ""first_time"": 16, ""sample_4_time"": 1233, ""sample_2_time"": 633, ""last_x"": 864, ""sample_3_x"": 836}",Q2 (90-180<U+00B0>),Q1 (0-90<U+00B0>),FALSE,TRUE,Formant,45,3.1902342899999994,3.1902342899999994,86.80976571,86.80976571,FALSE
165214,22,righth,2,yes,5,"""1-5""",80,315,317.4567281,2381,1117,"{""sample_1_x"": 824, ""last_x"": 878, ""sample_4_time"": 1117, ""first_x"": 751, ""first_time"": 17, ""sample_1_time"": 284, ""sample_0_y"": 349.5, ""last_y"": 481.5, ""sample_2_y"": 409.5, ""first_y"": 349.5, ""sample_4_x"": 878, ""sample_0_x"": 751, ""sample_4_y"": 481.5, ""sample_3_y"": 444.5, ""sample_3_x"": 863, ""last_time"": 1117, ""sample_1_y"": 395.5, ""sample_2_time"": 567, ""sample_2_x"": 845, ""count"": 67, ""sample_0_time"": 17, ""sample_3_time"": 851}",Q4 (270-360<U+00B0>),Q4 (270-360<U+00B0>),TRUE,TRUE,Correct,315,2.4567281000000207,2.4567281000000207,2.4567281000000207,2.4567281000000207,TRUE
165214,22,righth,2,yes,5,"""1-5""",81,135,131.589055,2466,1083,"{""sample_2_y"": 242.5, ""sample_0_time"": 17, ""first_y"": 306.5, ""first_x"": 703, ""sample_3_time"": 867, ""sample_0_y"": 306.5, ""sample_1_time"": 233, ""count"": 55, ""sample_4_time"": 1083, ""sample_4_x"": 578, ""sample_3_y"": 185.5, ""sample_3_x"": 596, ""sample_2_time"": 633, ""last_y"": 176.5, ""sample_4_y"": 176.5, ""first_time"": 17, ""sample_0_x"": 703, ""sample_1_y"": 260.5, ""last_time"": 1083, ""sample_2_x"": 653, ""sample_1_x"": 672, ""last_x"": 578}",Q2 (90-180<U+00B0>),Q2 (90-180<U+00B0>),TRUE,TRUE,Correct,135,3.410944999999998,3.410944999999998,3.410944999999998,3.410944999999998,TRUE
165214,22,righth,2,yes,5,"""1-5""",82,225,224.2461517,2832,533,"{""sample_2_y"": 458.5, ""sample_3_y"": 468.5, ""sample_1_x"": 617, ""sample_3_time"": 416, ""count"": 32, ""sample_3_x"": 586, ""sample_2_time"": 283, ""last_x"": 566, ""sample_4_x"": 566, ""sample_1_y"": 421.5, ""last_time"": 533, ""sample_4_y"": 486.5, ""first_y"": 340.5, ""first_x"": 697, ""sample_0_time"": 16, ""first_time"": 16, ""sample_2_x"": 595, ""sample_0_y"": 340.5, ""sample_0_x"": 697, ""sample_1_time"": 149, ""sample_4_time"": 533, ""last_y"": 486.5}",Q3 (180-270<U+00B0>),Q3 (180-270<U+00B0>),TRUE,TRUE,Correct,225,0.7538482999999871,0.7538482999999871,0.7538482999999871,0.7538482999999871,TRUE
165214,22,righth,2,yes,5,"""1-5""",83,45,47.17474411,2483,1834,"{""sample_0_time"": 17, ""sample_0_x"": 734, ""sample_1_time"": 350, ""sample_0_y"": 329.5, ""sample_4_y"": 172.5, ""sample_2_y"": 270.5, ""sample_3_time"": 1016, ""sample_1_y"": 310.5, ""last_time"": 1833, ""sample_2_x"": 788, ""first_y"": 329.5, ""count"": 81, ""last_x"": 872, ""sample_4_x"": 872, ""last_y"": 172.5, ""sample_3_x"": 814, ""sample_2_time"": 683, ""sample_1_x"": 754, ""sample_4_time"": 1833, ""first_x"": 734, ""sample_3_y"": 238.5, ""first_time"": 17}",Q1 (0-90<U+00B0>),Q1 (0-90<U+00B0>),TRUE,TRUE,Correct,45,2.174744109999999,2.174744109999999,2.174744109999999,2.174744109999999,TRUE
165214,22,righth,2,yes,5,"""1-5""",84,45,49.68589984,2398,1100,"{""sample_3_x"": 815, ""sample_2_y"": 256.5, ""sample_3_y"": 213.5, ""sample_2_time"": 567, ""first_y"": 316.5, ""sample_1_time"": 283, ""sample_2_x"": 771, ""sample_4_x"": 860, ""first_time"": 17, ""sample_4_time"": 1100, ""first_x"": 724, ""sample_0_x"": 724, ""sample_3_time"": 833, ""last_x"": 860, ""last_time"": 1100, ""sample_4_y"": 171.5, ""sample_0_y"": 316.5, ""sample_0_time"": 17, ""sample_1_y"": 275.5, ""last_y"": 171.5, ""count"": 66, ""sample_1_x"": 754}",Q1 (0-90<U+00B0>),Q1 (0-90<U+00B0>),TRUE,TRUE,Correct,45,4.685899839999998,4.685899839999998,4.685899839999998,4.685899839999998,TRUE
165214,22,righth,2,yes,5,"""1-5""",85,315,319.7478881,2481,968,"{""first_time"": 17, ""sample_0_y"": 343.5, ""sample_3_x"": 857, ""sample_3_y"": 432.5, ""sample_3_time"": 733, ""last_y"": 474.5, ""sample_2_time"": 500, ""sample_1_y"": 391.5, ""count"": 58, ""sample_2_x"": 840, ""last_time"": 967, ""sample_4_y"": 474.5, ""sample_4_x"": 883, ""sample_0_x"": 754, ""sample_0_time"": 17, ""first_y"": 343.5, ""sample_1_time"": 250, ""last_x"": 883, ""sample_2_y"": 411.5, ""sample_1_x"": 823, ""sample_4_time"": 967, ""first_x"": 754}",Q4 (270-360<U+00B0>),Q4 (270-360<U+00B0>),TRUE,TRUE,Correct,315,4.7478881000000115,4.7478881000000115,4.7478881000000115,4.7478881000000115,TRUE
165214,22,righth,2,yes,5,"""1-5""",86,315,314.8109057,2415,1367,"{""first_y"": 346.5, ""sample_3_time"": 1033, ""sample_0_time"": 16, ""sample_3_y"": 454.5, ""sample_4_x"": 871, ""sample_1_y"": 381.5, ""sample_0_y"": 346.5, ""count"": 82, ""last_x"": 871, ""sample_2_y"": 409.5, ""sample_1_time"": 350, ""sample_4_y"": 488.5, ""sample_1_x"": 787, ""first_time"": 16, ""sample_3_x"": 849, ""sample_2_time"": 700, ""sample_0_x"": 736, ""first_x"": 736, ""last_time"": 1366, ""sample_2_x"": 817, ""last_y"": 488.5, ""sample_4_time"": 1366}",Q4 (270-360<U+00B0>),Q4 (270-360<U+00B0>),TRUE,TRUE,Correct,315,0.18909430000002203,0.18909430000002203,0.18909430000002203,0.18909430000002203,TRUE
165214,22,righth,2,yes,5,"""1-5""",87,135,145.491477,2064,1117,"{""sample_3_x"": 564, ""last_time"": 1117, ""count"": 67, ""sample_3_time"": 850, ""sample_1_x"": 629, ""sample_2_time"": 567, ""first_time"": 17, ""sample_0_time"": 17, ""sample_1_time"": 284, ""sample_3_y"": 224.5, ""sample_4_x"": 544, ""sample_2_y"": 251.5, ""sample_2_x"": 598, ""sample_0_x"": 699, ""last_y"": 215.5, ""sample_4_y"": 215.5, ""first_y"": 330.5, ""sample_1_y"": 275.5, ""last_x"": 544, ""sample_4_time"": 1117, ""sample_0_y"": 330.5, ""first_x"": 699}",Q2 (90-180<U+00B0>),Q2 (90-180<U+00B0>),TRUE,TRUE,Correct,135,10.491477000000003,10.491477000000003,10.491477000000003,10.491477000000003,TRUE
165214,22,righth,2,yes,5,"""1-5""",88,45,46.51741413,2398,1450,"{""sample_2_y"": 267.5, ""count"": 83, ""first_time"": 17, ""first_x"": 727, ""sample_2_x"": 787, ""last_y"": 181.5, ""sample_3_time"": 1050, ""first_y"": 321.5, ""sample_3_x"": 808, ""sample_1_time"": 349, ""sample_0_time"": 17, ""last_x"": 867, ""sample_2_time"": 700, ""sample_0_x"": 727, ""sample_3_y"": 232.5, ""last_time"": 1450, ""sample_1_y"": 296.5, ""sample_0_y"": 321.5, ""sample_1_x"": 755, ""sample_4_x"": 867, ""sample_4_y"": 181.5, ""sample_4_time"": 1450}",Q1 (0-90<U+00B0>),Q1 (0-90<U+00B0>),TRUE,TRUE,Correct,45,1.5174141299999988,1.5174141299999988,1.5174141299999988,1.5174141299999988,TRUE
165214,22,righth,2,yes,5,"""1-5""",89,225,228.2325401,2549,1716,"{""sample_3_x"": 610, ""sample_2_x"": 632, ""sample_2_y"": 422.5, ""last_time"": 1716, ""sample_3_time"": 1300, ""sample_1_time"": 433, ""sample_2_time"": 866, ""sample_0_x"": 705, ""last_x"": 578, ""sample_4_y"": 495.5, ""last_y"": 495.5, ""sample_1_x"": 655, ""sample_3_y"": 456.5, ""count"": 103, ""sample_0_time"": 17, ""sample_1_y"": 396.5, ""sample_0_y"": 350.5, ""sample_4_time"": 1716, ""sample_4_x"": 578, ""first_x"": 705, ""first_time"": 17, ""first_y"": 350.5}",Q3 (180-270<U+00B0>),Q3 (180-270<U+00B0>),TRUE,TRUE,Correct,225,3.2325400999999943,3.2325400999999943,3.2325400999999943,3.2325400999999943,TRUE
165214,22,righth,2,yes,5,"""1-5""",90,135,137.2754564,2549,1016,"{""sample_4_time"": 1016, ""count"": 61, ""last_time"": 1016, ""first_y"": 320.5, ""last_x"": 563, ""sample_2_time"": 516, ""sample_0_x"": 708, ""first_x"": 708, ""sample_0_time"": 16, ""sample_0_y"": 320.5, ""last_y"": 191.5, ""sample_4_y"": 191.5, ""sample_2_y"": 247.5, ""sample_1_x"": 655, ""sample_3_time"": 766, ""sample_2_x"": 639, ""sample_1_time"": 266, ""sample_4_x"": 563, ""first_time"": 16, ""sample_1_y"": 268.5, ""sample_3_x"": 609, ""sample_3_y"": 222.5}",Q2 (90-180<U+00B0>),Q2 (90-180<U+00B0>),TRUE,TRUE,Correct,135,2.275456399999996,2.275456399999996,2.275456399999996,2.275456399999996,TRUE
165214,22,righth,2,yes,5,"""1-5""",91,225,310.6304084,2231,1534,"{""sample_4_time"": 1534, ""sample_0_x"": 736, ""count"": 92, ""last_y"": 498.5, ""sample_1_y"": 401.5, ""sample_3_x"": 844, ""sample_1_time"": 400, ""sample_0_time"": 17, ""sample_1_x"": 786, ""last_x"": 859, ""sample_2_x"": 807, ""first_time"": 17, ""sample_0_y"": 350.5, ""last_time"": 1534, ""sample_3_y"": 471.5, ""first_x"": 736, ""sample_2_y"": 422.5, ""sample_4_y"": 498.5, ""sample_3_time"": 1167, ""sample_2_time"": 783, ""first_y"": 350.5, ""sample_4_x"": 859}",Q3 (180-270<U+00B0>),Q4 (270-360<U+00B0>),FALSE,TRUE,Formant,315,4.369591599999978,4.369591599999978,85.63040840000002,85.63040840000002,FALSE
165214,22,righth,2,yes,5,"""1-5""",92,315,320.7105931,3031,1150,"{""sample_3_y"": 432.5, ""sample_3_time"": 866, ""sample_0_y"": 346.5, ""sample_1_y"": 379.5, ""sample_4_time"": 1149, ""last_x"": 885, ""sample_1_x"": 809, ""sample_1_time"": 299, ""sample_4_y"": 471.5, ""sample_0_x"": 743, ""sample_4_x"": 885, ""sample_2_y"": 403.5, ""count"": 69, ""first_time"": 16, ""first_x"": 743, ""first_y"": 346.5, ""sample_2_time"": 582, ""sample_0_time"": 16, ""sample_3_x"": 857, ""last_time"": 1149, ""last_y"": 471.5, ""sample_2_x"": 826}",Q4 (270-360<U+00B0>),Q4 (270-360<U+00B0>),TRUE,TRUE,Correct,315,5.710593099999983,5.710593099999983,5.710593099999983,5.710593099999983,TRUE
165214,22,righth,2,yes,5,"""1-5""",93,135,138.9909131,2098,1250,"{""last_y"": 196.5, ""sample_1_y"": 266.5, ""sample_2_y"": 234.5, ""sample_4_y"": 196.5, ""first_y"": 321.5, ""sample_2_time"": 633, ""sample_3_x"": 603, ""sample_0_time"": 16, ""sample_4_time"": 1250, ""sample_1_time"": 317, ""sample_2_x"": 623, ""sample_3_time"": 950, ""first_x"": 710, ""sample_0_x"": 710, ""last_time"": 1250, ""first_time"": 16, ""last_x"": 559, ""sample_3_y"": 214.5, ""sample_0_y"": 321.5, ""count"": 75, ""sample_1_x"": 656, ""sample_4_x"": 559}",Q2 (90-180<U+00B0>),Q2 (90-180<U+00B0>),TRUE,TRUE,Correct,135,3.9909131,3.9909131,3.9909131,3.9909131,TRUE
165214,22,righth,2,yes,5,"""1-5""",94,135,138.9825206,2599,1533,"{""sample_0_x"": 709, ""first_y"": 320.5, ""sample_3_x"": 601, ""count"": 72, ""sample_1_time"": 316, ""sample_0_time"": 16, ""first_time"": 16, ""sample_1_y"": 293.5, ""sample_1_x"": 675, ""sample_2_y"": 266.5, ""sample_2_time"": 616, ""sample_4_x"": 551, ""sample_4_time"": 1533, ""last_x"": 551, ""sample_0_y"": 320.5, ""first_x"": 709, ""sample_3_time"": 916, ""sample_3_y"": 214.5, ""last_time"": 1533, ""sample_2_x"": 644, ""sample_4_y"": 189.5, ""last_y"": 189.5}",Q2 (90-180<U+00B0>),Q2 (90-180<U+00B0>),TRUE,TRUE,Correct,135,3.9825205999999866,3.9825205999999866,3.9825205999999866,3.9825205999999866,TRUE
165214,22,righth,2,yes,5,"""1-5""",95,315,323.0248761,2365,1200,"{""sample_1_y"": 381.5, ""count"": 72, ""first_time"": 17, ""last_time"": 1200, ""sample_0_time"": 17, ""sample_2_time"": 617, ""sample_3_y"": 431.5, ""sample_3_x"": 849, ""first_y"": 346.5, ""sample_0_x"": 737, ""sample_3_time"": 917, ""last_y"": 467.5, ""sample_4_time"": 1200, ""first_x"": 737, ""sample_2_y"": 413.5, ""sample_1_x"": 782, ""last_x"": 894, ""sample_2_x"": 817, ""sample_4_y"": 467.5, ""sample_0_y"": 346.5, ""sample_4_x"": 894, ""sample_1_time"": 317}",Q4 (270-360<U+00B0>),Q4 (270-360<U+00B0>),TRUE,TRUE,Correct,315,8.024876099999972,8.024876099999972,8.024876099999972,8.024876099999972,TRUE
165214,22,righth,2,yes,5,"""1-5""",96,135,136.5174141,2298,1350,"{""sample_2_x"": 645, ""sample_3_time"": 1017, ""sample_2_y"": 260.5, ""sample_4_x"": 565, ""sample_0_y"": 322.5, ""sample_3_y"": 225.5, ""sample_2_time"": 683, ""sample_1_x"": 665, ""sample_4_y"": 189.5, ""sample_0_time"": 17, ""first_x"": 705, ""sample_0_x"": 705, ""sample_1_y"": 284.5, ""last_y"": 189.5, ""last_time"": 1350, ""first_time"": 17, ""sample_3_x"": 606, ""last_x"": 565, ""sample_4_time"": 1350, ""count"": 81, ""sample_1_time"": 350, ""first_y"": 322.5}",Q2 (90-180<U+00B0>),Q2 (90-180<U+00B0>),TRUE,TRUE,Correct,135,1.5174140999999963,1.5174140999999963,1.5174140999999963,1.5174140999999963,TRUE
165214,22,righth,2,yes,5,"""1-5""",97,315,312.4142057,2465,1883,"{""first_time"": 17, ""first_x"": 732, ""sample_4_time"": 1883, ""count"": 86, ""sample_1_time"": 367, ""sample_2_time"": 734, ""sample_0_y"": 347.5, ""sample_0_x"": 732, ""sample_1_x"": 778, ""sample_3_time"": 1084, ""last_y"": 498.5, ""sample_4_y"": 498.5, ""last_time"": 1883, ""sample_1_y"": 370.5, ""sample_2_y"": 406.5, ""first_y"": 347.5, ""sample_3_x"": 848, ""last_x"": 868, ""sample_4_x"": 868, ""sample_2_x"": 817, ""sample_3_y"": 446.5, ""sample_0_time"": 17}",Q4 (270-360<U+00B0>),Q4 (270-360<U+00B0>),TRUE,TRUE,Correct,315,2.585794299999975,2.585794299999975,2.585794299999975,2.585794299999975,TRUE
165214,22,righth,2,yes,5,"""1-5""",98,45,41.78875198,2548,1217,"{""last_time"": 1216, ""sample_1_x"": 772, ""sample_2_y"": 279.5, ""sample_2_x"": 794, ""last_x"": 880, ""sample_0_time"": 16, ""sample_3_y"": 238.5, ""sample_1_y"": 301.5, ""sample_0_y"": 326.5, ""sample_4_y"": 193.5, ""sample_3_x"": 835, ""sample_4_time"": 1216, ""first_y"": 326.5, ""sample_1_time"": 316, ""first_time"": 16, ""last_y"": 193.5, ""sample_3_time"": 916, ""sample_2_time"": 616, ""sample_0_x"": 741, ""count"": 73, ""sample_4_x"": 880, ""first_x"": 741}",Q1 (0-90<U+00B0>),Q1 (0-90<U+00B0>),TRUE,TRUE,Correct,45,3.2112480199999993,3.2112480199999993,3.2112480199999993,3.2112480199999993,TRUE
165214,22,righth,2,yes,5,"""1-5""",99,225,216.8162499,2400,1000,"{""first_x"": 699, ""sample_1_time"": 266, ""sample_3_x"": 560, ""sample_2_time"": 517, ""last_y"": 464.5, ""first_y"": 338.5, ""sample_1_x"": 629, ""sample_0_y"": 338.5, ""sample_2_x"": 577, ""sample_3_y"": 445.5, ""sample_1_y"": 382.5, ""sample_4_time"": 1000, ""sample_4_y"": 464.5, ""sample_0_time"": 17, ""last_time"": 1000, ""count"": 60, ""first_time"": 17, ""last_x"": 549, ""sample_4_x"": 549, ""sample_2_y"": 425.5, ""sample_0_x"": 699, ""sample_3_time"": 766}",Q3 (180-270<U+00B0>),Q3 (180-270<U+00B0>),TRUE,TRUE,Correct,225,8.183750099999997,8.183750099999997,8.183750099999997,8.183750099999997,TRUE
165214,22,righth,2,yes,5,"""1-5""",100,315,322.0789216,2348,1150,"{""count"": 69, ""sample_0_x"": 738, ""sample_2_time"": 584, ""sample_4_time"": 1150, ""sample_4_x"": 892, ""sample_3_x"": 855, ""first_time"": 17, ""sample_3_time"": 867, ""first_x"": 738, ""sample_1_x"": 783, ""sample_2_x"": 815, ""sample_3_y"": 424.5, ""last_time"": 1150, ""first_y"": 344.5, ""sample_1_y"": 372.5, ""sample_2_y"": 397.5, ""sample_0_time"": 17, ""last_x"": 892, ""sample_0_y"": 344.5, ""sample_4_y"": 470.5, ""last_y"": 470.5, ""sample_1_time"": 300}",Q4 (270-360<U+00B0>),Q4 (270-360<U+00B0>),TRUE,TRUE,Correct,315,7.078921600000001,7.078921600000001,7.078921600000001,7.078921600000001,TRUE
165232,18,lefth,3+,yes,15,"""10+""",21,315,316.3093898,1741,917,"{""first_y"": 403.5, ""first_x"": 769, ""sample_1_y"": 448.5, ""sample_0_y"": 403.5, ""sample_2_x"": 888, ""sample_0_time"": 17, ""sample_4_x"": 935, ""sample_3_x"": 911, ""last_time"": 916, ""sample_3_y"": 537.5, ""first_time"": 17, ""sample_2_y"": 508.5, ""sample_1_x"": 829, ""last_y"": 560.5, ""last_x"": 935, ""sample_1_time"": 267, ""sample_4_y"": 560.5, ""sample_3_time"": 701, ""count"": 105, ""sample_0_x"": 769, ""sample_2_time"": 483, ""sample_4_time"": 916}",Q4 (270-360<U+00B0>),Q4 (270-360<U+00B0>),TRUE,TRUE,Correct,315,1.3093898000000195,1.3093898000000195,1.3093898000000195,1.3093898000000195,TRUE
165232,18,lefth,3+,yes,15,"""10+""",22,225,221.5565548,1098,458,"{""first_time"": 8, ""sample_2_y"": 513.5, ""count"": 51, ""first_y"": 408.5, ""sample_0_y"": 408.5, ""last_x"": 571, ""sample_4_time"": 458, ""sample_0_x"": 746, ""sample_1_time"": 108, ""sample_2_time"": 249, ""sample_0_time"": 8, ""sample_1_y"": 452.5, ""last_time"": 458, ""last_y"": 553.5, ""sample_4_y"": 553.5, ""sample_3_y"": 541.5, ""sample_1_x"": 696, ""sample_2_x"": 626, ""sample_3_time"": 358, ""first_x"": 746, ""sample_3_x"": 588, ""sample_4_x"": 571}",Q3 (180-270<U+00B0>),Q3 (180-270<U+00B0>),TRUE,TRUE,Correct,225,3.4434452000000135,3.4434452000000135,3.4434452000000135,3.4434452000000135,TRUE
165232,18,lefth,3+,yes,15,"""10+""",23,315,314.8358292,1132,566,"{""first_y"": 404.5, ""last_y"": 564.5, ""sample_4_y"": 564.5, ""count"": 61, ""sample_2_time"": 258, ""sample_4_time"": 566, ""sample_0_x"": 777, ""sample_3_time"": 416, ""sample_1_x"": 817, ""sample_4_x"": 930, ""sample_0_time"": 8, ""sample_3_x"": 894, ""last_time"": 566, ""first_time"": 8, ""sample_2_x"": 848, ""sample_2_y"": 477.5, ""first_x"": 777, ""last_x"": 930, ""sample_1_time"": 133, ""sample_3_y"": 530.5, ""sample_1_y"": 441.5, ""sample_0_y"": 404.5}",Q4 (270-360<U+00B0>),Q4 (270-360<U+00B0>),TRUE,TRUE,Correct,315,0.16417080000002215,0.16417080000002215,0.16417080000002215,0.16417080000002215,TRUE
165232,18,lefth,3+,yes,15,"""10+""",24,45,44.3452196,1761,649,"{""last_x"": 933, ""sample_1_y"": 342.5, ""sample_1_time"": 174, ""sample_0_y"": 386.5, ""sample_1_x"": 826, ""sample_2_time"": 341, ""sample_4_y"": 216.5, ""first_y"": 386.5, ""sample_4_x"": 933, ""count"": 75, ""first_x"": 777, ""sample_0_time"": 8, ""sample_2_y"": 327.5, ""first_time"": 8, ""sample_3_time"": 500, ""sample_4_time"": 649, ""sample_3_x"": 897, ""sample_3_y"": 255.5, ""last_y"": 216.5, ""sample_2_x"": 840, ""sample_0_x"": 777, ""last_time"": 649}",Q1 (0-90<U+00B0>),Q1 (0-90<U+00B0>),TRUE,TRUE,Correct,45,0.6547803999999999,0.6547803999999999,0.6547803999999999,0.6547803999999999,TRUE
165232,18,lefth,3+,yes,15,"""10+""",25,225,227.1210964,1914,742,"{""sample_1_time"": 200, ""sample_0_x"": 747, ""first_x"": 747, ""sample_4_time"": 742, ""count"": 87, ""last_y"": 571.5, ""sample_3_y"": 537.5, ""sample_3_time"": 567, ""sample_1_y"": 457.5, ""sample_0_y"": 404.5, ""sample_2_time"": 382, ""sample_0_time"": 8, ""sample_3_x"": 618, ""last_time"": 742, ""first_time"": 8, ""sample_4_y"": 571.5, ""sample_1_x"": 702, ""sample_2_x"": 646, ""sample_2_y"": 510.5, ""last_x"": 587, ""first_y"": 404.5, ""sample_4_x"": 587}",Q3 (180-270<U+00B0>),Q3 (180-270<U+00B0>),TRUE,TRUE,Correct,225,2.121096399999999,2.121096399999999,2.121096399999999,2.121096399999999,TRUE
165232,18,lefth,3+,yes,15,"""10+""",26,45,42.86675952,1706,1052,"{""sample_3_y"": 226.5, ""sample_0_x"": 770, ""sample_4_time"": 1052, ""sample_1_x"": 861, ""sample_2_x"": 913, ""sample_0_y"": 372.5, ""last_y"": 221.5, ""sample_4_y"": 221.5, ""last_time"": 1052, ""sample_2_y"": 244.5, ""count"": 119, ""first_time"": 25, ""sample_4_x"": 937, ""sample_2_time"": 541, ""sample_1_y"": 296.5, ""sample_3_time"": 791, ""first_y"": 372.5, ""sample_0_time"": 25, ""first_x"": 770, ""sample_3_x"": 931, ""sample_1_time"": 292, ""last_x"": 937}",Q1 (0-90<U+00B0>),Q1 (0-90<U+00B0>),TRUE,TRUE,Correct,45,2.1332404799999978,2.1332404799999978,2.1332404799999978,2.1332404799999978,TRUE
165232,18,lefth,3+,yes,15,"""10+""",27,45,42.21129232,2590,986,"{""first_y"": 369.5, ""sample_2_y"": 253.5, ""sample_3_x"": 925, ""first_time"": 8, ""sample_1_y"": 279.5, ""sample_3_y"": 237.5, ""last_time"": 985, ""sample_4_y"": 223.5, ""count"": 118, ""sample_4_time"": 985, ""sample_2_time"": 501, ""sample_4_x"": 939, ""sample_1_time"": 253, ""sample_3_time"": 742, ""sample_2_x"": 904, ""sample_0_time"": 8, ""sample_1_x"": 868, ""sample_0_y"": 369.5, ""last_y"": 223.5, ""first_x"": 772, ""last_x"": 939, ""sample_0_x"": 772}",Q1 (0-90<U+00B0>),Q1 (0-90<U+00B0>),TRUE,TRUE,Correct,45,2.7887076800000017,2.7887076800000017,2.7887076800000017,2.7887076800000017,TRUE
165232,18,lefth,3+,yes,15,"""10+""",28,135,137.29061,1282,567,"{""sample_4_time"": 566, ""last_y"": 221.5, ""first_x"": 739, ""count"": 60, ""sample_3_y"": 256.5, ""sample_0_time"": 17, ""sample_3_time"": 441, ""sample_2_time"": 316, ""sample_2_x"": 660, ""sample_0_y"": 374.5, ""sample_4_y"": 221.5, ""first_y"": 374.5, ""sample_4_x"": 574, ""sample_1_time"": 158, ""last_x"": 574, ""first_time"": 17, ""sample_2_y"": 305.5, ""sample_0_x"": 739, ""sample_3_x"": 607, ""last_time"": 566, ""sample_1_x"": 693, ""sample_1_y"": 337.5}",Q2 (90-180<U+00B0>),Q2 (90-180<U+00B0>),TRUE,TRUE,Correct,135,2.2906099999999867,2.2906099999999867,2.2906099999999867,2.2906099999999867,TRUE
165232,18,lefth,3+,yes,15,"""10+""",29,225,316.9636575,1515,542,"{""sample_2_time"": 300, ""first_time"": 8, ""sample_0_y"": 401.5, ""sample_1_time"": 141, ""sample_3_x"": 927, ""sample_4_x"": 937, ""sample_4_y"": 558.5, ""sample_0_time"": 8, ""sample_1_x"": 835, ""last_x"": 937, ""sample_0_x"": 771, ""sample_2_x"": 899, ""last_time"": 541, ""last_y"": 558.5, ""sample_2_y"": 507.5, ""first_x"": 771, ""sample_4_time"": 541, ""sample_3_y"": 542.5, ""first_y"": 401.5, ""sample_1_y"": 442.5, ""sample_3_time"": 425, ""count"": 55}",Q3 (180-270<U+00B0>),Q4 (270-360<U+00B0>),FALSE,TRUE,Formant,315,1.9636575000000107,1.9636575000000107,91.96365750000001,91.96365750000001,FALSE
165232,18,lefth,3+,yes,15,"""10+""",30,225,223.8509551,3250,1274,"{""first_x"": 742, ""sample_0_y"": 402.5, ""sample_2_time"": 640, ""sample_1_time"": 324, ""sample_1_y"": 442.5, ""count"": 153, ""sample_3_time"": 958, ""last_y"": 560.5, ""sample_0_time"": 7, ""sample_3_x"": 609, ""sample_2_y"": 481.5, ""sample_2_x"": 655, ""first_time"": 7, ""first_y"": 402.5, ""sample_4_y"": 560.5, ""sample_1_x"": 702, ""sample_4_time"": 1274, ""sample_0_x"": 742, ""sample_4_x"": 578, ""last_x"": 578, ""last_time"": 1274, ""sample_3_y"": 523.5}",Q3 (180-270<U+00B0>),Q3 (180-270<U+00B0>),TRUE,TRUE,Correct,225,1.149044900000007,1.149044900000007,1.149044900000007,1.149044900000007,TRUE
165232,18,lefth,3+,yes,15,"""10+""",31,225,224.5074983,2525,1740,"{""sample_0_time"": 6, ""last_x"": 580, ""sample_2_y"": 499.5, ""sample_1_x"": 676, ""first_time"": 6, ""last_time"": 1740, ""last_y"": 562.5, ""sample_0_x"": 744, ""sample_4_y"": 562.5, ""count"": 209, ""sample_1_y"": 463.5, ""sample_0_y"": 404.5, ""sample_2_time"": 873, ""sample_3_y"": 536.5, ""first_y"": 404.5, ""sample_4_time"": 1740, ""sample_3_x"": 602, ""sample_4_x"": 580, ""sample_3_time"": 1307, ""sample_1_time"": 440, ""sample_2_x"": 635, ""first_x"": 744}",Q3 (180-270<U+00B0>),Q3 (180-270<U+00B0>),TRUE,TRUE,Correct,225,0.49250169999999116,0.49250169999999116,0.49250169999999116,0.49250169999999116,TRUE
165232,18,lefth,3+,yes,15,"""10+""",32,45,43.19471348,2692,1274,"{""sample_2_time"": 606, ""first_y"": 380.5, ""sample_3_y"": 235.5, ""sample_0_y"": 380.5, ""sample_1_y"": 350.5, ""count"": 144, ""sample_2_x"": 883, ""sample_4_time"": 1273, ""sample_1_time"": 306, ""sample_2_y"": 288.5, ""last_y"": 220.5, ""last_x"": 936, ""sample_4_x"": 936, ""sample_3_time"": 907, ""sample_4_y"": 220.5, ""first_time"": 7, ""first_x"": 771, ""sample_3_x"": 927, ""sample_1_x"": 809, ""sample_0_x"": 771, ""last_time"": 1273, ""sample_0_time"": 7}",Q1 (0-90<U+00B0>),Q1 (0-90<U+00B0>),TRUE,TRUE,Correct,45,1.8052865200000028,1.8052865200000028,1.8052865200000028,1.8052865200000028,TRUE
165232,18,lefth,3+,yes,15,"""10+""",33,315,314.6725991,2431,1233,"{""first_x"": 775, ""sample_4_time"": 1232, ""last_time"": 1232, ""sample_2_y"": 508.5, ""sample_2_x"": 889, ""sample_1_time"": 316, ""count"": 148, ""last_x"": 930, ""sample_4_y"": 565.5, ""sample_1_x"": 856, ""sample_0_y"": 399.5, ""first_time"": 7, ""sample_0_x"": 775, ""last_y"": 565.5, ""sample_1_y"": 462.5, ""sample_0_time"": 7, ""sample_3_time"": 932, ""first_y"": 399.5, ""sample_3_x"": 917, ""sample_4_x"": 930, ""sample_2_time"": 624, ""sample_3_y"": 545.5}",Q4 (270-360<U+00B0>),Q4 (270-360<U+00B0>),TRUE,TRUE,Correct,315,0.32740089999998645,0.32740089999998645,0.32740089999998645,0.32740089999998645,TRUE
165232,18,lefth,3+,yes,15,"""10+""",34,135,134.8358292,2665,1848,"{""sample_1_time"": 465, ""last_time"": 1848, ""sample_0_time"": 7, ""sample_2_y"": 284.5, ""count"": 221, ""sample_1_y"": 350.5, ""sample_2_x"": 650, ""sample_0_x"": 741, ""first_y"": 383.5, ""last_x"": 582, ""sample_2_time"": 925, ""sample_3_x"": 600, ""sample_1_x"": 707, ""sample_4_y"": 214.5, ""first_time"": 7, ""sample_4_x"": 582, ""sample_3_y"": 232.5, ""first_x"": 741, ""sample_0_y"": 383.5, ""sample_3_time"": 1382, ""sample_4_time"": 1848, ""last_y"": 214.5}",Q2 (90-180<U+00B0>),Q2 (90-180<U+00B0>),TRUE,TRUE,Correct,135,0.16417079999999373,0.16417079999999373,0.16417079999999373,0.16417079999999373,TRUE
165232,18,lefth,3+,yes,15,"""10+""",35,315,312.2112923,2515,1643,"{""sample_2_y"": 488.5, ""sample_4_time"": 1643, ""sample_0_y"": 399.5, ""sample_2_time"": 826, ""sample_4_x"": 922, ""last_x"": 922, ""sample_0_x"": 771, ""sample_3_time"": 1235, ""first_time"": 10, ""sample_3_x"": 885, ""sample_3_y"": 532.5, ""sample_1_y"": 426.5, ""sample_1_time"": 417, ""last_time"": 1643, ""first_x"": 771, ""sample_2_x"": 842, ""last_y"": 572.5, ""count"": 197, ""sample_4_y"": 572.5, ""first_y"": 399.5, ""sample_0_time"": 10, ""sample_1_x"": 795}",Q4 (270-360<U+00B0>),Q4 (270-360<U+00B0>),TRUE,TRUE,Correct,315,2.788707699999975,2.788707699999975,2.788707699999975,2.788707699999975,TRUE
165232,18,lefth,3+,yes,15,"""10+""",36,45,48.77048733,2773,2026,"{""count"": 215, ""last_time"": 2025, ""sample_4_y"": 203.5, ""sample_2_time"": 901, ""sample_1_y"": 340.5, ""sample_1_time"": 449, ""first_time"": 8, ""sample_1_x"": 807, ""sample_3_x"": 893, ""sample_3_y"": 221.5, ""sample_4_time"": 2025, ""sample_0_time"": 8, ""sample_0_x"": 770, ""first_y"": 375.5, ""sample_2_x"": 873, ""sample_4_x"": 919, ""sample_3_time"": 1350, ""last_x"": 919, ""first_x"": 770, ""sample_0_y"": 375.5, ""sample_2_y"": 262.5, ""last_y"": 203.5}",Q1 (0-90<U+00B0>),Q1 (0-90<U+00B0>),TRUE,TRUE,Correct,45,3.7704873300000017,3.7704873300000017,3.7704873300000017,3.7704873300000017,TRUE
165232,18,lefth,3+,yes,15,"""10+""",37,315,312.8667595,2641,1741,"{""sample_4_x"": 924, ""sample_0_y"": 400.5, ""sample_1_x"": 822, ""sample_3_x"": 887, ""sample_4_time"": 1740, ""sample_3_y"": 529.5, ""sample_4_y"": 570.5, ""sample_0_x"": 744, ""sample_2_x"": 851, ""first_x"": 744, ""last_time"": 1740, ""last_y"": 570.5, ""sample_0_time"": 7, ""count"": 186, ""last_x"": 924, ""first_time"": 7, ""sample_3_time"": 1358, ""sample_1_y"": 454.5, ""sample_1_time"": 582, ""sample_2_time"": 974, ""sample_2_y"": 486.5, ""first_y"": 400.5}",Q4 (270-360<U+00B0>),Q4 (270-360<U+00B0>),TRUE,TRUE,Correct,315,2.1332404999999994,2.1332404999999994,2.1332404999999994,2.1332404999999994,TRUE
165232,18,lefth,3+,yes,15,"""10+""",38,225,223.0363425,2641,1734,"{""sample_3_y"": 529.5, ""sample_0_y"": 398.5, ""sample_3_x"": 599, ""sample_4_y"": 558.5, ""count"": 208, ""sample_1_x"": 709, ""sample_2_time"": 875, ""sample_0_time"": 7, ""sample_4_x"": 575, ""sample_1_time"": 440, ""sample_2_x"": 643, ""sample_3_time"": 1308, ""last_x"": 575, ""first_time"": 7, ""first_x"": 743, ""sample_4_time"": 1733, ""sample_0_x"": 743, ""last_time"": 1733, ""first_y"": 398.5, ""last_y"": 558.5, ""sample_2_y"": 488.5, ""sample_1_y"": 431.5}",Q3 (180-270<U+00B0>),Q3 (180-270<U+00B0>),TRUE,TRUE,Correct,225,1.9636575000000107,1.9636575000000107,1.9636575000000107,1.9636575000000107,TRUE
165232,18,lefth,3+,yes,15,"""10+""",39,225,225.3274009,1865,266,"{""sample_2_y"": 532.5, ""sample_1_x"": 669, ""first_y"": 409.5, ""count"": 32, ""last_time"": 266, ""sample_1_y"": 464.5, ""sample_4_time"": 266, ""sample_2_x"": 609, ""sample_4_y"": 565.5, ""sample_3_x"": 589, ""sample_0_time"": 8, ""sample_0_x"": 737, ""sample_1_time"": 74, ""last_y"": 565.5, ""sample_4_x"": 582, ""sample_0_y"": 409.5, ""first_x"": 737, ""sample_3_time"": 208, ""sample_2_time"": 141, ""first_time"": 8, ""sample_3_y"": 559.5, ""last_x"": 582}",Q3 (180-270<U+00B0>),Q3 (180-270<U+00B0>),TRUE,TRUE,Correct,225,0.32740089999998645,0.32740089999998645,0.32740089999998645,0.32740089999998645,TRUE
165232,18,lefth,3+,yes,15,"""10+""",40,315,317.1552756,1465,100,"{""last_y"": 568.5, ""first_y"": 408.5, ""last_time"": 100, ""count"": 8, ""last_x"": 949, ""first_time"": 17, ""first_x"": 769}",Q4 (270-360<U+00B0>),Q4 (270-360<U+00B0>),TRUE,TRUE,Correct,315,2.1552755999999818,2.1552755999999818,2.1552755999999818,2.1552755999999818,TRUE
165232,18,lefth,3+,yes,15,"""10+""",41,315,224.5290864,1272,293,"{""sample_4_y"": 570.5, ""sample_4_x"": 572, ""first_x"": 745, ""sample_1_y"": 453.5, ""sample_3_x"": 616, ""sample_2_x"": 656, ""last_time"": 293, ""sample_1_x"": 696, ""sample_0_y"": 407.5, ""first_time"": 8, ""sample_3_y"": 530.5, ""sample_0_time"": 8, ""last_x"": 572, ""sample_2_time"": 151, ""sample_4_time"": 293, ""last_y"": 570.5, ""sample_2_y"": 488.5, ""sample_0_x"": 745, ""first_y"": 407.5, ""sample_3_time"": 225, ""sample_1_time"": 75, ""count"": 32}",Q4 (270-360<U+00B0>),Q3 (180-270<U+00B0>),FALSE,TRUE,Formant,225,0.4709135999999887,0.4709135999999887,90.47091359999999,90.47091359999999,FALSE
165232,18,lefth,3+,yes,15,"""10+""",42,225,226.2945995,1482,368,"{""sample_2_time"": 192, ""sample_4_y"": 570.5, ""sample_0_y"": 411.5, ""last_time"": 367, ""sample_3_y"": 530.5, ""sample_1_x"": 691, ""first_x"": 739, ""sample_3_time"": 275, ""first_time"": 18, ""sample_3_x"": 621, ""sample_1_time"": 108, ""first_y"": 411.5, ""sample_2_x"": 638, ""sample_4_time"": 367, ""sample_4_x"": 583, ""sample_1_y"": 457.5, ""count"": 40, ""last_x"": 583, ""sample_2_y"": 512.5, ""sample_0_time"": 18, ""sample_0_x"": 739, ""last_y"": 570.5}",Q3 (180-270<U+00B0>),Q3 (180-270<U+00B0>),TRUE,TRUE,Correct,225,1.294599500000004,1.294599500000004,1.294599500000004,1.294599500000004,TRUE
165232,18,lefth,3+,yes,15,"""10+""",43,315,314.1884993,1248,366,"{""sample_3_y"": 543.5, ""sample_1_time"": 99, ""sample_2_time"": 183, ""first_x"": 776, ""sample_2_y"": 523.5, ""first_time"": 8, ""sample_1_y"": 493.5, ""last_x"": 930, ""sample_0_x"": 776, ""count"": 41, ""last_time"": 366, ""sample_0_y"": 407.5, ""sample_1_x"": 860, ""last_y"": 568.5, ""sample_2_x"": 887, ""first_y"": 407.5, ""sample_4_y"": 568.5, ""sample_3_x"": 905, ""sample_0_time"": 8, ""sample_3_time"": 283, ""sample_4_x"": 930, ""sample_4_time"": 366}",Q4 (270-360<U+00B0>),Q4 (270-360<U+00B0>),TRUE,TRUE,Correct,315,0.8115007000000105,0.8115007000000105,0.8115007000000105,0.8115007000000105,TRUE
165232,18,lefth,3+,yes,15,"""10+""",44,45,131.5565548,2473,101,"{""sample_2_y"": 266.5, ""sample_3_y"": 224.5, ""sample_3_x"": 612, ""first_x"": 738, ""sample_1_y"": 337.5, ""sample_0_time"": 7, ""first_y"": 374.5, ""first_time"": 7, ""count"": 12, ""sample_0_y"": 374.5, ""sample_4_x"": 592, ""sample_4_y"": 204.5, ""sample_3_time"": 82, ""sample_1_x"": 710, ""sample_2_time"": 58, ""last_x"": 592, ""sample_2_x"": 650, ""last_y"": 204.5, ""sample_0_x"": 738, ""sample_4_time"": 101, ""sample_1_time"": 33, ""last_time"": 101}",Q1 (0-90<U+00B0>),Q2 (90-180<U+00B0>),FALSE,TRUE,Formant,135,3.4434452000000135,3.4434452000000135,86.55655479999999,86.55655479999999,FALSE
165232,18,lefth,3+,yes,15,"""10+""",45,225,225.3274009,2081,760,"{""sample_3_x"": 607, ""sample_4_y"": 565.5, ""count"": 91, ""sample_4_x"": 582, ""sample_2_y"": 496.5, ""first_time"": 11, ""sample_1_y"": 444.5, ""sample_0_x"": 740, ""first_y"": 399.5, ""last_x"": 582, ""sample_2_time"": 383, ""sample_0_y"": 399.5, ""sample_0_time"": 11, ""last_time"": 759, ""sample_3_y"": 534.5, ""sample_3_time"": 575, ""sample_4_time"": 759, ""sample_1_x"": 680, ""first_x"": 740, ""last_y"": 565.5, ""sample_1_time"": 192, ""sample_2_x"": 642}",Q3 (180-270<U+00B0>),Q3 (180-270<U+00B0>),TRUE,TRUE,Correct,225,0.32740089999998645,0.32740089999998645,0.32740089999998645,0.32740089999998645,TRUE
165232,18,lefth,3+,yes,15,"""10+""",46,225,225,2031,1226,"{""sample_4_x"": 580, ""last_x"": 580, ""sample_2_y"": 540.5, ""first_y"": 400.5, ""sample_4_time"": 1225, ""sample_3_time"": 867, ""sample_2_time"": 525, ""sample_3_y"": 418.5, ""last_y"": 565.5, ""sample_4_y"": 565.5, ""count"": 125, ""sample_0_x"": 736, ""first_x"": 736, ""sample_2_x"": 592, ""sample_1_time"": 267, ""sample_1_x"": 629, ""sample_0_time"": 9, ""sample_1_y"": 487.5, ""first_time"": 9, ""sample_0_y"": 400.5, ""sample_3_x"": 720, ""last_time"": 1225}",Q3 (180-270<U+00B0>),Q3 (180-270<U+00B0>),TRUE,TRUE,Correct,225,0,0,0,0,TRUE
165232,18,lefth,3+,yes,15,"""10+""",47,135,134.0178828,2006,451,"{""sample_2_y"": 272.5, ""sample_4_x"": 584, ""sample_3_y"": 238.5, ""last_y"": 211.5, ""sample_3_x"": 610, ""sample_1_y"": 305.5, ""first_x"": 740, ""last_time"": 451, ""sample_0_x"": 740, ""first_y"": 374.5, ""sample_4_y"": 211.5, ""sample_0_time"": 8, ""last_x"": 584, ""sample_4_time"": 451, ""sample_0_y"": 374.5, ""sample_1_time"": 117, ""sample_2_x"": 635, ""sample_2_time"": 233, ""count"": 54, ""sample_3_time"": 342, ""sample_1_x"": 672, ""first_time"": 8}",Q2 (90-180<U+00B0>),Q2 (90-180<U+00B0>),TRUE,TRUE,Correct,135,0.9821172000000047,0.9821172000000047,0.9821172000000047,0.9821172000000047,TRUE
165232,18,lefth,3+,yes,15,"""10+""",48,135,138.7704873,2831,1849,"{""sample_1_y"": 361.5, ""sample_0_time"": 9, ""last_y"": 226.5, ""sample_2_x"": 672, ""count"": 210, ""last_time"": 1849, ""sample_1_x"": 719, ""first_y"": 382.5, ""sample_0_x"": 742, ""sample_4_time"": 1849, ""sample_2_y"": 320.5, ""sample_3_x"": 606, ""sample_1_time"": 499, ""sample_3_y"": 260.5, ""sample_4_y"": 226.5, ""sample_3_time"": 1416, ""first_time"": 9, ""sample_2_time"": 982, ""first_x"": 742, ""sample_4_x"": 570, ""sample_0_y"": 382.5, ""last_x"": 570}",Q2 (90-180<U+00B0>),Q2 (90-180<U+00B0>),TRUE,TRUE,Correct,135,3.7704873000000134,3.7704873000000134,3.7704873000000134,3.7704873000000134,TRUE
165232,18,lefth,3+,yes,15,"""10+""",49,45,42.53894535,2556,1916,"{""sample_4_time"": 1916, ""first_time"": 8, ""sample_0_y"": 383.5, ""last_x"": 938, ""count"": 228, ""sample_1_time"": 499, ""sample_0_time"": 8, ""sample_1_x"": 814, ""sample_2_time"": 975, ""sample_1_y"": 356.5, ""sample_3_y"": 264.5, ""sample_2_y"": 313.5, ""last_time"": 1916, ""last_y"": 222.5, ""sample_3_x"": 902, ""sample_4_y"": 222.5, ""sample_4_x"": 938, ""sample_0_x"": 771, ""sample_2_x"": 862, ""sample_3_time"": 1450, ""first_y"": 383.5, ""first_x"": 771}",Q1 (0-90<U+00B0>),Q1 (0-90<U+00B0>),TRUE,TRUE,Correct,45,2.4610546500000012,2.4610546500000012,2.4610546500000012,2.4610546500000012,TRUE
165232,18,lefth,3+,yes,15,"""10+""",50,315,314.1791997,2682,1818,"{""last_x"": 928, ""sample_0_y"": 400.5, ""sample_4_y"": 566.5, ""sample_1_x"": 803, ""last_y"": 566.5, ""sample_0_x"": 769, ""count"": 217, ""sample_3_time"": 1369, ""sample_3_y"": 512.5, ""first_x"": 769, ""first_y"": 400.5, ""sample_1_y"": 430.5, ""sample_2_y"": 463.5, ""last_time"": 1817, ""sample_3_x"": 885, ""sample_2_time"": 918, ""sample_1_time"": 467, ""sample_2_x"": 840, ""sample_4_x"": 928, ""first_time"": 12, ""sample_4_time"": 1817, ""sample_0_time"": 12}",Q4 (270-360<U+00B0>),Q4 (270-360<U+00B0>),TRUE,TRUE,Correct,315,0.8208002999999735,0.8208002999999735,0.8208002999999735,0.8208002999999735,TRUE
165232,18,lefth,3+,yes,15,"""10+""",51,135,138.1161783,2540,1442,"{""sample_0_x"": 740, ""sample_2_y"": 278.5, ""first_time"": 12, ""sample_2_time"": 725, ""sample_1_y"": 342.5, ""sample_3_time"": 1083, ""count"": 173, ""sample_4_y"": 224.5, ""sample_2_x"": 637, ""last_x"": 572, ""first_y"": 375.5, ""sample_4_time"": 1442, ""sample_0_y"": 375.5, ""first_x"": 740, ""last_time"": 1442, ""sample_1_time"": 366, ""sample_0_time"": 12, ""last_y"": 224.5, ""sample_3_x"": 605, ""sample_3_y"": 252.5, ""sample_4_x"": 572, ""sample_1_x"": 701}",Q2 (90-180<U+00B0>),Q2 (90-180<U+00B0>),TRUE,TRUE,Correct,135,3.1161783000000014,3.1161783000000014,3.1161783000000014,3.1161783000000014,TRUE
165232,18,lefth,3+,yes,15,"""10+""",52,315,315.3274009,2599,1892,"{""sample_2_time"": 1132, ""count"": 184, ""last_time"": 1892, ""sample_4_time"": 1892, ""sample_4_x"": 932, ""sample_2_x"": 844, ""sample_0_x"": 770, ""first_x"": 770, ""first_y"": 403.5, ""sample_3_x"": 877, ""sample_1_y"": 452.5, ""last_y"": 563.5, ""sample_2_y"": 472.5, ""sample_4_y"": 563.5, ""sample_1_x"": 828, ""sample_0_y"": 403.5, ""sample_3_time"": 1517, ""sample_0_time"": 7, ""first_time"": 7, ""sample_3_y"": 510.5, ""sample_1_time"": 674, ""last_x"": 932}",Q4 (270-360<U+00B0>),Q4 (270-360<U+00B0>),TRUE,TRUE,Correct,315,0.32740089999998645,0.32740089999998645,0.32740089999998645,0.32740089999998645,TRUE
165232,18,lefth,3+,yes,15,"""10+""",53,45,38.76825439,2658,2383,"{""last_y"": 234.5, ""sample_3_y"": 182.5, ""last_time"": 2382, ""sample_1_y"": 333.5, ""first_x"": 755, ""sample_2_time"": 1208, ""sample_2_y"": 270.5, ""last_x"": 949, ""sample_4_x"": 949, ""sample_3_x"": 788, ""sample_1_x"": 772, ""sample_3_time"": 1800, ""sample_0_x"": 755, ""sample_0_time"": 8, ""first_y"": 374.5, ""sample_2_x"": 777, ""sample_4_y"": 234.5, ""sample_4_time"": 2382, ""sample_1_time"": 616, ""count"": 284, ""sample_0_y"": 374.5, ""first_time"": 8}",Q1 (0-90<U+00B0>),Q1 (0-90<U+00B0>),TRUE,TRUE,Correct,45,6.231745609999997,6.231745609999997,6.231745609999997,6.231745609999997,TRUE
165232,18,lefth,3+,yes,15,"""10+""",54,135,137.6174134,2665,1910,"{""last_x"": 573, ""sample_4_y"": 222.5, ""sample_2_x"": 647, ""last_time"": 1909, ""first_x"": 740, ""sample_0_x"": 740, ""sample_1_x"": 697, ""sample_3_y"": 255.5, ""first_time"": 11, ""first_y"": 389.5, ""sample_2_y"": 304.5, ""sample_3_x"": 604, ""sample_0_time"": 11, ""sample_3_time"": 1434, ""sample_4_x"": 573, ""last_y"": 222.5, ""sample_0_y"": 389.5, ""sample_2_time"": 959, ""count"": 229, ""sample_1_time"": 484, ""sample_1_y"": 355.5, ""sample_4_time"": 1909}",Q2 (90-180<U+00B0>),Q2 (90-180<U+00B0>),TRUE,TRUE,Correct,135,2.6174134000000038,2.6174134000000038,2.6174134000000038,2.6174134000000038,TRUE
165232,18,lefth,3+,yes,15,"""10+""",55,135,136.1490449,2624,1849,"{""sample_4_y"": 218.5, ""sample_1_y"": 370.5, ""first_y"": 385.5, ""sample_0_x"": 741, ""sample_0_time"": 7, ""sample_4_time"": 1849, ""sample_2_y"": 344.5, ""sample_2_x"": 690, ""first_time"": 7, ""sample_0_y"": 385.5, ""sample_3_y"": 283.5, ""sample_4_x"": 578, ""count"": 222, ""first_x"": 741, ""last_x"": 578, ""sample_3_x"": 638, ""sample_1_time"": 465, ""last_time"": 1849, ""sample_3_time"": 1392, ""sample_1_x"": 720, ""sample_2_time"": 932, ""last_y"": 218.5}",Q2 (90-180<U+00B0>),Q2 (90-180<U+00B0>),TRUE,TRUE,Correct,135,1.149044900000007,1.149044900000007,1.149044900000007,1.149044900000007,TRUE
165232,18,lefth,3+,yes,15,"""10+""",56,315,313.0363425,2648,1292,"{""count"": 155, ""sample_2_x"": 831, ""sample_0_time"": 9, ""sample_4_y"": 570.5, ""sample_3_y"": 548.5, ""sample_2_y"": 496.5, ""last_x"": 925, ""first_time"": 9, ""sample_1_y"": 457.5, ""sample_1_time"": 326, ""sample_0_y"": 403.5, ""sample_0_x"": 765, ""sample_2_time"": 651, ""last_y"": 570.5, ""sample_3_time"": 975, ""sample_4_x"": 925, ""last_time"": 1292, ""sample_3_x"": 889, ""sample_4_time"": 1292, ""first_y"": 403.5, ""sample_1_x"": 800, ""first_x"": 765}",Q4 (270-360<U+00B0>),Q4 (270-360<U+00B0>),TRUE,TRUE,Correct,315,1.9636575000000107,1.9636575000000107,1.9636575000000107,1.9636575000000107,TRUE
165232,18,lefth,3+,yes,15,"""10+""",57,315,310.3999043,2791,1750,"{""sample_1_y"": 432.5, ""first_time"": 8, ""last_y"": 577.5, ""sample_2_y"": 465.5, ""last_time"": 1749, ""count"": 210, ""sample_2_time"": 883, ""first_x"": 770, ""sample_3_y"": 525.5, ""sample_4_time"": 1749, ""last_x"": 916, ""sample_1_time"": 441, ""first_y"": 400.5, ""sample_0_time"": 8, ""sample_3_x"": 876, ""sample_4_y"": 577.5, ""sample_2_x"": 829, ""sample_4_x"": 916, ""sample_1_x"": 801, ""sample_0_x"": 770, ""sample_0_y"": 400.5, ""sample_3_time"": 1316}",Q4 (270-360<U+00B0>),Q4 (270-360<U+00B0>),TRUE,TRUE,Correct,315,4.600095699999997,4.600095699999997,4.600095699999997,4.600095699999997,TRUE
165232,18,lefth,3+,yes,15,"""10+""",58,315,314.1791997,2749,2117,"{""last_x"": 928, ""sample_2_x"": 848, ""last_time"": 2116, ""sample_0_x"": 766, ""sample_1_time"": 575, ""sample_4_y"": 566.5, ""sample_2_time"": 1091, ""sample_4_x"": 928, ""first_y"": 404.5, ""sample_3_y"": 507.5, ""count"": 247, ""first_time"": 8, ""first_x"": 766, ""sample_2_y"": 470.5, ""sample_3_x"": 887, ""sample_0_time"": 8, ""sample_3_time"": 1608, ""sample_4_time"": 2116, ""sample_0_y"": 404.5, ""last_y"": 566.5, ""sample_1_x"": 812, ""sample_1_y"": 444.5}",Q4 (270-360<U+00B0>),Q4 (270-360<U+00B0>),TRUE,TRUE,Correct,315,0.8208002999999735,0.8208002999999735,0.8208002999999735,0.8208002999999735,TRUE
165232,18,lefth,3+,yes,15,"""10+""",59,135,137.4610547,2575,1809,"{""sample_4_y"": 222.5, ""sample_3_y"": 260.5, ""sample_3_time"": 1358, ""sample_4_time"": 1809, ""sample_0_x"": 740, ""sample_0_time"": 9, ""first_y"": 382.5, ""first_time"": 9, ""sample_0_y"": 382.5, ""last_y"": 222.5, ""sample_3_x"": 608, ""sample_1_time"": 459, ""sample_2_x"": 651, ""sample_1_x"": 693, ""sample_4_x"": 574, ""sample_1_y"": 340.5, ""count"": 217, ""first_x"": 740, ""last_time"": 1809, ""sample_2_y"": 306.5, ""sample_2_time"": 909, ""last_x"": 574}",Q2 (90-180<U+00B0>),Q2 (90-180<U+00B0>),TRUE,TRUE,Correct,135,2.4610547000000054,2.4610547000000054,2.4610547000000054,2.4610547000000054,TRUE
165232,18,lefth,3+,yes,15,"""10+""",60,315,310.9027164,2548,1685,"{""sample_3_y"": 517.5, ""sample_4_y"": 576.5, ""sample_4_x"": 918, ""last_time"": 1685, ""sample_2_x"": 833, ""sample_2_time"": 850, ""sample_3_x"": 863, ""sample_1_time"": 425, ""sample_1_y"": 441.5, ""sample_1_x"": 802, ""last_y"": 576.5, ""sample_2_y"": 482.5, ""sample_4_time"": 1685, ""sample_3_time"": 1267, ""last_x"": 918, ""first_time"": 8, ""first_y"": 403.5, ""count"": 202, ""sample_0_time"": 8, ""first_x"": 769, ""sample_0_y"": 403.5, ""sample_0_x"": 769}",Q4 (270-360<U+00B0>),Q4 (270-360<U+00B0>),TRUE,TRUE,Correct,315,4.097283600000026,4.097283600000026,4.097283600000026,4.097283600000026,TRUE
165232,18,lefth,3+,yes,15,"""10+""",61,135,136.1490449,2631,1459,"{""sample_3_x"": 612, ""count"": 175, ""sample_0_time"": 8, ""last_y"": 218.5, ""last_time"": 1458, ""sample_1_y"": 331.5, ""sample_1_x"": 711, ""sample_3_y"": 253.5, ""sample_0_y"": 374.5, ""sample_3_time"": 1101, ""sample_0_x"": 752, ""sample_1_time"": 366, ""sample_4_x"": 578, ""sample_2_y"": 275.5, ""sample_2_x"": 641, ""sample_2_time"": 733, ""first_y"": 374.5, ""first_time"": 8, ""sample_4_y"": 218.5, ""last_x"": 578, ""sample_4_time"": 1458, ""first_x"": 752}",Q2 (90-180<U+00B0>),Q2 (90-180<U+00B0>),TRUE,TRUE,Correct,135,1.149044900000007,1.149044900000007,1.149044900000007,1.149044900000007,TRUE
165232,18,lefth,3+,yes,15,"""10+""",62,135,139.2727808,2574,1732,"{""sample_2_time"": 874, ""last_y"": 228.5, ""sample_2_y"": 320.5, ""sample_0_y"": 382.5, ""sample_1_y"": 357.5, ""sample_2_x"": 667, ""first_x"": 740, ""count"": 208, ""sample_1_time"": 441, ""sample_0_time"": 7, ""sample_3_x"": 616, ""last_x"": 569, ""last_time"": 1732, ""first_y"": 382.5, ""sample_4_time"": 1732, ""sample_4_y"": 228.5, ""first_time"": 7, ""sample_1_x"": 709, ""sample_4_x"": 569, ""sample_0_x"": 740, ""sample_3_y"": 275.5, ""sample_3_time"": 1308}",Q2 (90-180<U+00B0>),Q2 (90-180<U+00B0>),TRUE,TRUE,Correct,135,4.2727807999999925,4.2727807999999925,4.2727807999999925,4.2727807999999925,TRUE
165232,18,lefth,3+,yes,15,"""10+""",63,135,137.1210964,2581,1659,"{""last_y"": 220.5, ""sample_4_time"": 1658, ""sample_4_x"": 574, ""sample_1_x"": 709, ""sample_4_y"": 220.5, ""last_time"": 1658, ""first_time"": 8, ""first_y"": 387.5, ""sample_2_time"": 833, ""sample_2_x"": 664, ""sample_1_y"": 361.5, ""sample_1_time"": 416, ""sample_0_y"": 387.5, ""sample_0_time"": 8, ""sample_3_x"": 621, ""sample_0_x"": 739, ""count"": 199, ""sample_3_y"": 273.5, ""first_x"": 739, ""sample_3_time"": 1250, ""last_x"": 574, ""sample_2_y"": 314.5}",Q2 (90-180<U+00B0>),Q2 (90-180<U+00B0>),TRUE,TRUE,Correct,135,2.121096399999999,2.121096399999999,2.121096399999999,2.121096399999999,TRUE
165232,18,lefth,3+,yes,15,"""10+""",64,225,222.8667595,2557,1866,"{""sample_0_y"": 400.5, ""sample_4_y"": 557.5, ""sample_4_time"": 1866, ""sample_3_time"": 1408, ""sample_1_time"": 475, ""sample_0_time"": 7, ""sample_1_x"": 711, ""sample_4_x"": 575, ""last_time"": 1866, ""count"": 224, ""last_x"": 575, ""sample_3_y"": 493.5, ""sample_1_y"": 426.5, ""sample_2_time"": 940, ""first_y"": 400.5, ""first_x"": 743, ""sample_3_x"": 624, ""last_y"": 557.5, ""first_time"": 7, ""sample_2_y"": 459.5, ""sample_2_x"": 663, ""sample_0_x"": 743}",Q3 (180-270<U+00B0>),Q3 (180-270<U+00B0>),TRUE,TRUE,Correct,225,2.1332404999999994,2.1332404999999994,2.1332404999999994,2.1332404999999994,TRUE
165232,18,lefth,3+,yes,15,"""10+""",65,135,136.8052865,2331,1467,"{""last_y"": 220.5, ""sample_2_time"": 741, ""last_x"": 576, ""sample_0_x"": 751, ""sample_1_time"": 374, ""sample_1_y"": 323.5, ""sample_3_x"": 606, ""sample_3_time"": 1108, ""sample_2_y"": 293.5, ""first_y"": 366.5, ""sample_2_x"": 662, ""sample_4_y"": 220.5, ""sample_1_x"": 716, ""sample_4_x"": 576, ""sample_4_time"": 1466, ""last_time"": 1466, ""sample_0_time"": 7, ""first_x"": 751, ""sample_3_y"": 250.5, ""count"": 176, ""sample_0_y"": 366.5, ""first_time"": 7}",Q2 (90-180<U+00B0>),Q2 (90-180<U+00B0>),TRUE,TRUE,Correct,135,1.805286499999994,1.805286499999994,1.805286499999994,1.805286499999994,TRUE
165232,18,lefth,3+,yes,15,"""10+""",66,225,222.70939,2489,1576,"{""count"": 189, ""sample_0_y"": 398.5, ""first_y"": 398.5, ""sample_1_y"": 432.5, ""first_x"": 742, ""sample_3_time"": 1185, ""sample_4_x"": 574, ""sample_2_y"": 472.5, ""last_y"": 557.5, ""sample_1_x"": 707, ""last_x"": 574, ""sample_4_time"": 1576, ""sample_0_time"": 9, ""sample_3_x"": 609, ""sample_4_y"": 557.5, ""sample_0_x"": 742, ""first_time"": 9, ""sample_1_time"": 400, ""sample_2_time"": 792, ""sample_2_x"": 659, ""last_time"": 1576, ""sample_3_y"": 515.5}",Q3 (180-270<U+00B0>),Q3 (180-270<U+00B0>),TRUE,TRUE,Correct,225,2.2906099999999867,2.2906099999999867,2.2906099999999867,2.2906099999999867,TRUE
165232,18,lefth,3+,yes,15,"""10+""",67,135,138.1161783,2557,1316,"{""sample_1_x"": 690, ""sample_2_y"": 311.5, ""sample_1_time"": 332, ""sample_4_y"": 224.5, ""last_x"": 572, ""sample_0_y"": 376.5, ""sample_4_time"": 1316, ""last_y"": 224.5, ""sample_3_x"": 603, ""first_time"": 8, ""first_x"": 741, ""sample_0_x"": 741, ""sample_3_y"": 269.5, ""sample_2_x"": 646, ""first_y"": 376.5, ""count"": 158, ""sample_0_time"": 8, ""sample_4_x"": 572, ""sample_2_time"": 666, ""sample_3_time"": 991, ""last_time"": 1316, ""sample_1_y"": 343.5}",Q2 (90-180<U+00B0>),Q2 (90-180<U+00B0>),TRUE,TRUE,Correct,135,3.1161783000000014,3.1161783000000014,3.1161783000000014,3.1161783000000014,TRUE
165232,18,lefth,3+,yes,15,"""10+""",68,45,42.05595365,2557,1767,"{""sample_2_x"": 831, ""last_time"": 1766, ""sample_2_time"": 941, ""sample_4_time"": 1766, ""sample_1_x"": 815, ""sample_4_x"": 940, ""first_y"": 382.5, ""last_y"": 223.5, ""last_x"": 940, ""sample_3_x"": 863, ""first_time"": 9, ""sample_3_y"": 313.5, ""sample_4_y"": 223.5, ""sample_3_time"": 1358, ""count"": 199, ""sample_0_y"": 382.5, ""first_x"": 773, ""sample_0_time"": 9, ""sample_2_y"": 344.5, ""sample_1_time"": 416, ""sample_0_x"": 773, ""sample_1_y"": 355.5}",Q1 (0-90<U+00B0>),Q1 (0-90<U+00B0>),TRUE,TRUE,Correct,45,2.9440463500000007,2.9440463500000007,2.9440463500000007,2.9440463500000007,TRUE
165232,18,lefth,3+,yes,15,"""10+""",69,135,138.5967171,2514,1793,"{""sample_0_x"": 748, ""sample_2_time"": 900, ""first_x"": 748, ""sample_3_y"": 266.5, ""sample_4_x"": 570, ""sample_2_y"": 332.5, ""sample_4_time"": 1793, ""first_time"": 8, ""last_x"": 570, ""sample_3_x"": 601, ""sample_1_time"": 450, ""last_time"": 1793, ""sample_4_y"": 225.5, ""sample_0_time"": 8, ""sample_0_y"": 402.5, ""count"": 215, ""last_y"": 225.5, ""sample_2_x"": 656, ""sample_1_y"": 363.5, ""first_y"": 402.5, ""sample_3_time"": 1350, ""sample_1_x"": 695}",Q2 (90-180<U+00B0>),Q2 (90-180<U+00B0>),TRUE,TRUE,Correct,135,3.5967171000000064,3.5967171000000064,3.5967171000000064,3.5967171000000064,TRUE
165232,18,lefth,3+,yes,15,"""10+""",70,135,140.1944289,2515,1833,"{""first_time"": 7, ""sample_3_y"": 285.5, ""first_x"": 749, ""last_time"": 1833, ""sample_3_time"": 1383, ""sample_1_y"": 346.5, ""sample_4_x"": 564, ""count"": 219, ""first_y"": 374.5, ""sample_0_y"": 374.5, ""sample_2_x"": 683, ""sample_1_time"": 467, ""sample_2_y"": 316.5, ""sample_4_y"": 229.5, ""last_y"": 229.5, ""last_x"": 564, ""sample_1_x"": 717, ""sample_2_time"": 924, ""sample_4_time"": 1833, ""sample_3_x"": 633, ""sample_0_time"": 7, ""sample_0_x"": 749}",Q2 (90-180<U+00B0>),Q2 (90-180<U+00B0>),TRUE,TRUE,Correct,135,5.194428899999991,5.194428899999991,5.194428899999991,5.194428899999991,TRUE
165232,18,lefth,3+,yes,15,"""10+""",71,135,139.4238131,2697,1876,"{""first_time"": 9, ""last_x"": 568, ""sample_0_x"": 746, ""count"": 225, ""sample_2_x"": 664, ""sample_4_time"": 1875, ""last_y"": 228.5, ""sample_3_x"": 630, ""sample_1_time"": 475, ""sample_0_time"": 9, ""sample_4_y"": 228.5, ""sample_3_y"": 290.5, ""sample_2_time"": 942, ""sample_0_y"": 376.5, ""sample_3_time"": 1409, ""sample_2_y"": 320.5, ""last_time"": 1875, ""sample_1_y"": 357.5, ""first_x"": 746, ""first_y"": 376.5, ""sample_4_x"": 568, ""sample_1_x"": 719}",Q2 (90-180<U+00B0>),Q2 (90-180<U+00B0>),TRUE,TRUE,Correct,135,4.42381309999999,4.42381309999999,4.42381309999999,4.42381309999999,TRUE
165232,18,lefth,3+,yes,15,"""10+""",72,45,42.53894535,2707,2117,"{""sample_1_y"": 355.5, ""sample_2_x"": 838, ""count"": 252, ""last_x"": 938, ""first_x"": 772, ""sample_0_y"": 381.5, ""first_y"": 381.5, ""last_time"": 2117, ""sample_0_time"": 8, ""sample_1_x"": 809, ""sample_4_time"": 2117, ""sample_0_x"": 772, ""sample_2_time"": 1075, ""sample_2_y"": 329.5, ""sample_4_y"": 222.5, ""sample_3_time"": 1600, ""sample_3_y"": 283.5, ""sample_3_x"": 887, ""last_y"": 222.5, ""first_time"": 8, ""sample_1_time"": 533, ""sample_4_x"": 938}",Q1 (0-90<U+00B0>),Q1 (0-90<U+00B0>),TRUE,TRUE,Correct,45,2.4610546500000012,2.4610546500000012,2.4610546500000012,2.4610546500000012,TRUE
165232,18,lefth,3+,yes,15,"""10+""",73,225,223.0363425,2647,1617,"{""first_y"": 404.5, ""last_time"": 1617, ""sample_1_y"": 442.5, ""sample_0_x"": 744, ""sample_4_x"": 575, ""sample_1_x"": 713, ""sample_4_time"": 1617, ""last_y"": 558.5, ""first_time"": 8, ""sample_3_x"": 627, ""count"": 194, ""sample_4_y"": 558.5, ""sample_2_y"": 469.5, ""sample_2_time"": 816, ""sample_2_x"": 679, ""sample_3_time"": 1218, ""sample_1_time"": 409, ""sample_0_y"": 404.5, ""sample_3_y"": 511.5, ""first_x"": 744, ""last_x"": 575, ""sample_0_time"": 8}",Q3 (180-270<U+00B0>),Q3 (180-270<U+00B0>),TRUE,TRUE,Correct,225,1.9636575000000107,1.9636575000000107,1.9636575000000107,1.9636575000000107,TRUE
165232,18,lefth,3+,yes,15,"""10+""",74,225,223.1947135,2654,1759,"{""sample_0_time"": 9, ""sample_4_y"": 558.5, ""sample_4_x"": 576, ""sample_1_y"": 427.5, ""count"": 192, ""sample_2_y"": 455.5, ""sample_4_time"": 1759, ""sample_0_x"": 745, ""sample_0_y"": 402.5, ""sample_1_x"": 722, ""sample_3_y"": 490.5, ""first_y"": 402.5, ""first_x"": 745, ""sample_2_time"": 967, ""last_y"": 558.5, ""sample_1_time"": 567, ""sample_3_x"": 648, ""first_time"": 9, ""sample_3_time"": 1367, ""sample_2_x"": 688, ""last_x"": 576, ""last_time"": 1759}",Q3 (180-270<U+00B0>),Q3 (180-270<U+00B0>),TRUE,TRUE,Correct,225,1.805286499999994,1.805286499999994,1.805286499999994,1.805286499999994,TRUE
165232,18,lefth,3+,yes,15,"""10+""",75,315,315.3274009,2798,1968,"{""sample_2_y"": 467.5, ""sample_3_time"": 1484, ""sample_0_y"": 402.5, ""sample_2_time"": 992, ""first_y"": 402.5, ""count"": 236, ""last_y"": 563.5, ""first_x"": 766, ""sample_1_time"": 500, ""last_x"": 932, ""sample_2_x"": 843, ""last_time"": 1968, ""first_time"": 9, ""sample_1_y"": 434.5, ""sample_4_y"": 563.5, ""sample_1_x"": 798, ""sample_0_time"": 9, ""sample_4_x"": 932, ""sample_3_y"": 520.5, ""sample_3_x"": 899, ""sample_4_time"": 1968, ""sample_0_x"": 766}",Q4 (270-360<U+00B0>),Q4 (270-360<U+00B0>),TRUE,TRUE,Correct,315,0.32740089999998645,0.32740089999998645,0.32740089999998645,0.32740089999998645,TRUE
165232,18,lefth,3+,yes,15,"""10+""",76,135,139.0972836,2707,2083,"{""last_x"": 569, ""sample_1_y"": 345.5, ""sample_0_x"": 740, ""first_x"": 740, ""last_y"": 227.5, ""sample_2_time"": 1049, ""sample_4_y"": 227.5, ""sample_3_x"": 602, ""sample_4_x"": 569, ""count"": 249, ""last_time"": 2083, ""sample_3_time"": 1565, ""sample_0_time"": 7, ""sample_3_y"": 260.5, ""sample_1_x"": 690, ""sample_4_time"": 2083, ""sample_1_time"": 534, ""first_time"": 7, ""sample_2_x"": 641, ""sample_2_y"": 301.5, ""first_y"": 380.5, ""sample_0_y"": 380.5}",Q2 (90-180<U+00B0>),Q2 (90-180<U+00B0>),TRUE,TRUE,Correct,135,4.097283599999997,4.097283599999997,4.097283599999997,4.097283599999997,TRUE
165232,18,lefth,3+,yes,15,"""10+""",77,45,41.88382173,2531,1767,"{""last_y"": 224.5, ""sample_3_y"": 261.5, ""first_y"": 376.5, ""last_time"": 1767, ""sample_3_x"": 903, ""last_x"": 940, ""sample_1_time"": 466, ""sample_2_y"": 294.5, ""first_time"": 9, ""sample_2_x"": 866, ""first_x"": 772, ""sample_4_time"": 1767, ""count"": 206, ""sample_4_y"": 224.5, ""sample_3_time"": 1342, ""sample_0_x"": 772, ""sample_1_y"": 350.5, ""sample_1_x"": 809, ""sample_4_x"": 940, ""sample_0_time"": 9, ""sample_2_time"": 900, ""sample_0_y"": 376.5}",Q1 (0-90<U+00B0>),Q1 (0-90<U+00B0>),TRUE,TRUE,Correct,45,3.116178269999999,3.116178269999999,3.116178269999999,3.116178269999999,TRUE
165232,18,lefth,3+,yes,15,"""10+""",78,315,315.4925017,2881,1658,"{""sample_2_y"": 451.5, ""last_time"": 1657, ""sample_2_time"": 840, ""sample_0_y"": 395.5, ""last_y"": 562.5, ""sample_0_x"": 771, ""last_x"": 932, ""sample_4_y"": 562.5, ""sample_3_y"": 491.5, ""sample_4_time"": 1657, ""sample_1_time"": 424, ""sample_0_time"": 7, ""sample_2_x"": 834, ""first_y"": 395.5, ""sample_1_y"": 421.5, ""sample_3_x"": 877, ""first_x"": 771, ""sample_4_x"": 932, ""sample_3_time"": 1249, ""sample_1_x"": 800, ""count"": 198, ""first_time"": 7}",Q4 (270-360<U+00B0>),Q4 (270-360<U+00B0>),TRUE,TRUE,Correct,315,0.49250169999999116,0.49250169999999116,0.49250169999999116,0.49250169999999116,TRUE
165232,18,lefth,3+,yes,15,"""10+""",79,225,219.3693172,2516,1792,"{""sample_3_y"": 482.5, ""sample_0_x"": 741, ""sample_4_y"": 549.5, ""sample_4_x"": 561, ""sample_1_x"": 701, ""sample_1_time"": 449, ""sample_2_x"": 660, ""first_y"": 401.5, ""sample_0_y"": 401.5, ""sample_1_y"": 431.5, ""sample_2_y"": 456.5, ""last_time"": 1791, ""sample_0_time"": 8, ""sample_3_time"": 1349, ""first_x"": 741, ""last_y"": 549.5, ""count"": 215, ""first_time"": 8, ""sample_4_time"": 1791, ""sample_2_time"": 899, ""last_x"": 561, ""sample_3_x"": 626}",Q3 (180-270<U+00B0>),Q3 (180-270<U+00B0>),TRUE,TRUE,Correct,225,5.630682799999988,5.630682799999988,5.630682799999988,5.630682799999988,TRUE
165232,18,lefth,3+,yes,15,"""10+""",80,225,234.3815102,2565,1975,"{""sample_1_x"": 704, ""last_x"": 612, ""sample_4_time"": 1974, ""first_x"": 744, ""first_time"": 7, ""sample_1_time"": 549, ""sample_0_y"": 399.5, ""last_y"": 590.5, ""sample_2_y"": 469.5, ""first_y"": 399.5, ""sample_4_x"": 612, ""sample_0_x"": 744, ""sample_4_y"": 590.5, ""sample_3_y"": 531.5, ""sample_3_x"": 633, ""last_time"": 1974, ""sample_1_y"": 434.5, ""sample_2_time"": 1024, ""sample_2_x"": 667, ""count"": 228, ""sample_0_time"": 7, ""sample_3_time"": 1507}",Q3 (180-270<U+00B0>),Q3 (180-270<U+00B0>),TRUE,TRUE,Correct,225,9.381510200000008,9.381510200000008,9.381510200000008,9.381510200000008,TRUE
165232,18,lefth,3+,yes,15,"""10+""",81,315,315.6547804,3074,1883,"{""sample_2_y"": 476.5, ""sample_0_time"": 8, ""first_y"": 403.5, ""first_x"": 765, ""sample_3_time"": 1416, ""sample_0_y"": 403.5, ""sample_1_time"": 475, ""count"": 226, ""sample_4_time"": 1883, ""sample_4_x"": 933, ""sample_3_y"": 502.5, ""sample_3_x"": 897, ""sample_2_time"": 950, ""last_y"": 562.5, ""sample_4_y"": 562.5, ""first_time"": 8, ""sample_0_x"": 765, ""sample_1_y"": 438.5, ""last_time"": 1883, ""sample_2_x"": 869, ""sample_1_x"": 822, ""last_x"": 933}",Q4 (270-360<U+00B0>),Q4 (270-360<U+00B0>),TRUE,TRUE,Correct,315,0.6547803999999928,0.6547803999999928,0.6547803999999928,0.6547803999999928,TRUE
165232,18,lefth,3+,yes,15,"""10+""",82,45,52.206057,2790,2108,"{""sample_2_y"": 293.5, ""sample_3_y"": 249.5, ""sample_1_x"": 802, ""sample_3_time"": 1601, ""count"": 246, ""sample_3_x"": 871, ""sample_2_time"": 1091, ""last_x"": 908, ""sample_4_x"": 908, ""sample_1_y"": 348.5, ""last_time"": 2108, ""sample_4_y"": 193.5, ""first_y"": 380.5, ""first_x"": 770, ""sample_0_time"": 8, ""first_time"": 8, ""sample_2_x"": 842, ""sample_0_y"": 380.5, ""sample_0_x"": 770, ""sample_1_time"": 550, ""sample_4_time"": 2108, ""last_y"": 193.5}",Q1 (0-90<U+00B0>),Q1 (0-90<U+00B0>),TRUE,TRUE,Correct,45,7.206057000000001,7.206057000000001,7.206057000000001,7.206057000000001,TRUE
165232,18,lefth,3+,yes,15,"""10+""",83,225,223.363423,2491,1732,"{""sample_0_time"": 7, ""sample_0_x"": 746, ""sample_1_time"": 440, ""sample_0_y"": 403.5, ""sample_4_y"": 559.5, ""sample_2_y"": 460.5, ""sample_3_time"": 1308, ""sample_1_y"": 430.5, ""last_time"": 1732, ""sample_2_x"": 666, ""first_y"": 403.5, ""count"": 208, ""last_x"": 576, ""sample_4_x"": 576, ""last_y"": 559.5, ""sample_3_x"": 610, ""sample_2_time"": 874, ""sample_1_x"": 705, ""sample_4_time"": 1732, ""first_x"": 746, ""sample_3_y"": 515.5, ""first_time"": 7}",Q3 (180-270<U+00B0>),Q3 (180-270<U+00B0>),TRUE,TRUE,Correct,225,1.6365769999999884,1.6365769999999884,1.6365769999999884,1.6365769999999884,TRUE
165232,18,lefth,3+,yes,15,"""10+""",84,45,44.01788284,2682,2001,"{""sample_3_x"": 896, ""sample_2_y"": 329.5, ""sample_3_y"": 273.5, ""sample_2_time"": 1008, ""first_y"": 383.5, ""sample_1_time"": 508, ""sample_2_x"": 847, ""sample_4_x"": 934, ""first_time"": 8, ""sample_4_time"": 2000, ""first_x"": 772, ""sample_0_x"": 772, ""sample_3_time"": 1508, ""last_x"": 934, ""last_time"": 2000, ""sample_4_y"": 217.5, ""sample_0_y"": 383.5, ""sample_0_time"": 8, ""sample_1_y"": 368.5, ""last_y"": 217.5, ""count"": 240, ""sample_1_x"": 801}",Q1 (0-90<U+00B0>),Q1 (0-90<U+00B0>),TRUE,TRUE,Correct,45,0.9821171600000014,0.9821171600000014,0.9821171600000014,0.9821171600000014,TRUE
165232,18,lefth,3+,yes,15,"""10+""",85,135,141.2317456,2624,1558,"{""first_time"": 7, ""sample_0_y"": 381.5, ""sample_3_x"": 596, ""sample_3_y"": 294.5, ""sample_3_time"": 1175, ""last_y"": 234.5, ""sample_2_time"": 783, ""sample_1_y"": 347.5, ""count"": 187, ""sample_2_x"": 634, ""last_time"": 1558, ""sample_4_y"": 234.5, ""sample_4_x"": 563, ""sample_0_x"": 742, ""sample_0_time"": 7, ""first_y"": 381.5, ""sample_1_time"": 392, ""last_x"": 563, ""sample_2_y"": 324.5, ""sample_1_x"": 678, ""sample_4_time"": 1558, ""first_x"": 742}",Q2 (90-180<U+00B0>),Q2 (90-180<U+00B0>),TRUE,TRUE,Correct,135,6.231745600000011,6.231745600000011,6.231745600000011,6.231745600000011,TRUE
165232,18,lefth,3+,yes,15,"""10+""",86,45,38.58732786,2466,1766,"{""first_y"": 394.5, ""sample_3_time"": 1332, ""sample_0_time"": 7, ""sample_3_y"": 309.5, ""sample_4_x"": 949, ""sample_1_y"": 371.5, ""sample_0_y"": 394.5, ""count"": 211, ""last_x"": 949, ""sample_2_y"": 340.5, ""sample_1_time"": 440, ""sample_4_y"": 235.5, ""sample_1_x"": 807, ""first_time"": 7, ""sample_3_x"": 891, ""sample_2_time"": 881, ""sample_0_x"": 772, ""first_x"": 772, ""last_time"": 1765, ""sample_2_x"": 860, ""last_y"": 235.5, ""sample_4_time"": 1765}",Q1 (0-90<U+00B0>),Q1 (0-90<U+00B0>),TRUE,TRUE,Correct,45,6.412672139999998,6.412672139999998,6.412672139999998,6.412672139999998,TRUE
165232,18,lefth,3+,yes,15,"""10+""",87,45,51.5569465,2582,1709,"{""sample_3_x"": 895, ""last_time"": 1708, ""count"": 204, ""sample_3_time"": 1291, ""sample_1_x"": 829, ""sample_2_time"": 868, ""first_time"": 8, ""sample_0_time"": 8, ""sample_1_time"": 441, ""sample_3_y"": 253.5, ""sample_4_x"": 910, ""sample_2_y"": 305.5, ""sample_2_x"": 860, ""sample_0_x"": 771, ""last_y"": 195.5, ""sample_4_y"": 195.5, ""first_y"": 381.5, ""sample_1_y"": 338.5, ""last_x"": 910, ""sample_4_time"": 1708, ""sample_0_y"": 381.5, ""first_x"": 771}",Q1 (0-90<U+00B0>),Q1 (0-90<U+00B0>),TRUE,TRUE,Correct,45,6.556946500000002,6.556946500000002,6.556946500000002,6.556946500000002,TRUE
165232,18,lefth,3+,yes,15,"""10+""",88,315,300.4067318,2639,2226,"{""sample_2_y"": 505.5, ""count"": 267, ""first_time"": 9, ""first_x"": 760, ""sample_2_x"": 835, ""last_y"": 602.5, ""sample_3_time"": 1675, ""first_y"": 405.5, ""sample_3_x"": 863, ""sample_1_time"": 559, ""sample_0_time"": 9, ""last_x"": 881, ""sample_2_time"": 1117, ""sample_0_x"": 760, ""sample_3_y"": 564.5, ""last_time"": 2225, ""sample_1_y"": 456.5, ""sample_0_y"": 405.5, ""sample_1_x"": 809, ""sample_4_x"": 881, ""sample_4_y"": 602.5, ""sample_4_time"": 2225}",Q4 (270-360<U+00B0>),Q4 (270-360<U+00B0>),TRUE,TRUE,Correct,315,14.593268200000011,14.593268200000011,14.593268200000011,14.593268200000011,TRUE
165232,18,lefth,3+,yes,15,"""10+""",89,135,135.3274009,2448,1484,"{""sample_3_x"": 633, ""sample_2_x"": 660, ""sample_2_y"": 287.5, ""last_time"": 1483, ""sample_3_time"": 1125, ""sample_1_time"": 367, ""sample_2_time"": 751, ""sample_0_x"": 744, ""last_x"": 580, ""sample_4_y"": 215.5, ""last_y"": 215.5, ""sample_1_x"": 670, ""sample_3_y"": 263.5, ""count"": 175, ""sample_0_time"": 14, ""sample_1_y"": 297.5, ""sample_0_y"": 376.5, ""sample_4_time"": 1483, ""sample_4_x"": 580, ""first_x"": 744, ""first_time"": 14, ""first_y"": 376.5}",Q2 (90-180<U+00B0>),Q2 (90-180<U+00B0>),TRUE,TRUE,Correct,135,0.32740089999998645,0.32740089999998645,0.32740089999998645,0.32740089999998645,TRUE
165232,18,lefth,3+,yes,15,"""10+""",90,225,221.7295121,2873,1460,"{""sample_4_time"": 1459, ""count"": 173, ""last_time"": 1459, ""first_y"": 399.5, ""last_x"": 571, ""sample_2_time"": 741, ""sample_0_x"": 743, ""first_x"": 743, ""sample_0_time"": 8, ""sample_0_y"": 399.5, ""last_y"": 554.5, ""sample_4_y"": 554.5, ""sample_2_y"": 460.5, ""sample_1_x"": 685, ""sample_3_time"": 1101, ""sample_2_x"": 654, ""sample_1_time"": 366, ""sample_4_x"": 571, ""first_time"": 8, ""sample_1_y"": 435.5, ""sample_3_x"": 618, ""sample_3_y"": 492.5}",Q3 (180-270<U+00B0>),Q3 (180-270<U+00B0>),TRUE,TRUE,Correct,225,3.270487900000006,3.270487900000006,3.270487900000006,3.270487900000006,TRUE
165232,18,lefth,3+,yes,15,"""10+""",91,315,318.1161783,2790,1725,"{""sample_4_time"": 1725, ""sample_0_x"": 767, ""count"": 204, ""last_y"": 554.5, ""sample_1_y"": 418.5, ""sample_3_x"": 886, ""sample_1_time"": 459, ""sample_0_time"": 8, ""sample_1_x"": 794, ""last_x"": 940, ""sample_2_x"": 831, ""first_time"": 8, ""sample_0_y"": 403.5, ""last_time"": 1725, ""sample_3_y"": 490.5, ""first_x"": 767, ""sample_2_y"": 439.5, ""sample_4_y"": 554.5, ""sample_3_time"": 1308, ""sample_2_time"": 882, ""first_y"": 403.5, ""sample_4_x"": 940}",Q4 (270-360<U+00B0>),Q4 (270-360<U+00B0>),TRUE,TRUE,Correct,315,3.1161783000000014,3.1161783000000014,3.1161783000000014,3.1161783000000014,TRUE
165232,18,lefth,3+,yes,15,"""10+""",92,135,139.7500548,3273,1683,"{""sample_3_y"": 280.5, ""sample_3_time"": 883, ""sample_0_y"": 376.5, ""sample_1_y"": 351.5, ""sample_4_time"": 1683, ""last_x"": 567, ""sample_1_x"": 693, ""sample_1_time"": 299, ""sample_4_y"": 229.5, ""sample_0_x"": 743, ""sample_4_x"": 567, ""sample_2_y"": 313.5, ""count"": 139, ""first_time"": 8, ""first_x"": 743, ""first_y"": 376.5, ""sample_2_time"": 591, ""sample_0_time"": 8, ""sample_3_x"": 596, ""last_time"": 1683, ""last_y"": 229.5, ""sample_2_x"": 644}",Q2 (90-180<U+00B0>),Q2 (90-180<U+00B0>),TRUE,TRUE,Correct,135,4.750054799999987,4.750054799999987,4.750054799999987,4.750054799999987,TRUE
165232,18,lefth,3+,yes,15,"""10+""",93,225,224.1791997,2798,1618,"{""last_y"": 561.5, ""sample_1_y"": 431.5, ""sample_2_y"": 483.5, ""sample_4_y"": 561.5, ""first_y"": 402.5, ""sample_2_time"": 816, ""sample_3_x"": 611, ""sample_0_time"": 9, ""sample_4_time"": 1617, ""sample_1_time"": 407, ""sample_2_x"": 631, ""sample_3_time"": 1216, ""first_x"": 744, ""sample_0_x"": 744, ""last_time"": 1617, ""first_time"": 9, ""last_x"": 579, ""sample_3_y"": 503.5, ""sample_0_y"": 402.5, ""count"": 194, ""sample_1_x"": 698, ""sample_4_x"": 579}",Q3 (180-270<U+00B0>),Q3 (180-270<U+00B0>),TRUE,TRUE,Correct,225,0.8208003000000019,0.8208003000000019,0.8208003000000019,0.8208003000000019,TRUE
165232,18,lefth,3+,yes,15,"""10+""",94,45,42.70938996,2648,1633,"{""sample_0_x"": 765, ""first_y"": 375.5, ""sample_3_x"": 889, ""count"": 196, ""sample_1_time"": 416, ""sample_0_time"": 8, ""first_time"": 8, ""sample_1_y"": 349.5, ""sample_1_x"": 798, ""sample_2_y"": 321.5, ""sample_2_time"": 825, ""sample_4_x"": 938, ""sample_4_time"": 1633, ""last_x"": 938, ""sample_0_y"": 375.5, ""first_x"": 765, ""sample_3_time"": 1233, ""sample_3_y"": 267.5, ""last_time"": 1633, ""sample_2_x"": 836, ""sample_4_y"": 221.5, ""last_y"": 221.5}",Q1 (0-90<U+00B0>),Q1 (0-90<U+00B0>),TRUE,TRUE,Correct,45,2.290610039999997,2.290610039999997,2.290610039999997,2.290610039999997,TRUE
165232,18,lefth,3+,yes,15,"""10+""",95,45,58.75753096,2648,2183,"{""sample_1_y"": 339.5, ""count"": 262, ""first_time"": 8, ""last_time"": 2183, ""sample_0_time"": 8, ""sample_2_time"": 1100, ""sample_3_y"": 251.5, ""sample_3_x"": 865, ""first_y"": 377.5, ""sample_0_x"": 769, ""sample_3_time"": 1641, ""last_y"": 178.5, ""sample_4_time"": 2183, ""first_x"": 769, ""sample_2_y"": 303.5, ""sample_1_x"": 807, ""last_x"": 884, ""sample_2_x"": 843, ""sample_4_y"": 178.5, ""sample_0_y"": 377.5, ""sample_4_x"": 884, ""sample_1_time"": 550}",Q1 (0-90<U+00B0>),Q1 (0-90<U+00B0>),TRUE,TRUE,Correct,45,13.757530959999997,13.757530959999997,13.757530959999997,13.757530959999997,TRUE
165232,18,lefth,3+,yes,15,"""10+""",96,45,40.57618694,2636,1650,"{""sample_2_x"": 862, ""sample_3_time"": 1241, ""sample_2_y"": 333.5, ""sample_4_x"": 944, ""sample_0_y"": 392.5, ""sample_3_y"": 285.5, ""sample_2_time"": 833, ""sample_1_x"": 825, ""sample_4_y"": 228.5, ""sample_0_time"": 11, ""first_x"": 772, ""sample_0_x"": 772, ""sample_1_y"": 363.5, ""last_y"": 228.5, ""last_time"": 1650, ""first_time"": 11, ""sample_3_x"": 917, ""last_x"": 944, ""sample_4_time"": 1650, ""count"": 198, ""sample_1_time"": 416, ""first_y"": 392.5}",Q1 (0-90<U+00B0>),Q1 (0-90<U+00B0>),TRUE,TRUE,Correct,45,4.4238130600000005,4.4238130600000005,4.4238130600000005,4.4238130600000005,TRUE
165232,18,lefth,3+,yes,15,"""10+""",97,315,318.4434452,2573,1883,"{""first_time"": 8, ""first_x"": 763, ""sample_4_time"": 1883, ""count"": 225, ""sample_1_time"": 483, ""sample_2_time"": 949, ""sample_0_y"": 404.5, ""sample_0_x"": 763, ""sample_1_x"": 845, ""sample_3_time"": 1416, ""last_y"": 553.5, ""sample_4_y"": 553.5, ""last_time"": 1883, ""sample_1_y"": 437.5, ""sample_2_y"": 470.5, ""first_y"": 404.5, ""sample_3_x"": 911, ""last_x"": 941, ""sample_4_x"": 941, ""sample_2_x"": 883, ""sample_3_y"": 510.5, ""sample_0_time"": 8}",Q4 (270-360<U+00B0>),Q4 (270-360<U+00B0>),TRUE,TRUE,Correct,315,3.443445199999985,3.443445199999985,3.443445199999985,3.443445199999985,TRUE
165232,18,lefth,3+,yes,15,"""10+""",98,45,55.02692682,2766,1866,"{""last_time"": 1866, ""sample_1_x"": 786, ""sample_2_y"": 307.5, ""sample_2_x"": 816, ""last_x"": 898, ""sample_0_time"": 7, ""sample_3_y"": 261.5, ""sample_1_y"": 343.5, ""sample_0_y"": 374.5, ""sample_4_y"": 186.5, ""sample_3_x"": 853, ""sample_4_time"": 1866, ""first_y"": 374.5, ""sample_1_time"": 517, ""first_time"": 7, ""last_y"": 186.5, ""sample_3_time"": 1416, ""sample_2_time"": 966, ""sample_0_x"": 762, ""count"": 217, ""sample_4_x"": 898, ""first_x"": 762}",Q1 (0-90<U+00B0>),Q1 (0-90<U+00B0>),TRUE,TRUE,Correct,45,10.02692682,10.02692682,10.02692682,10.02692682,TRUE
165232,18,lefth,3+,yes,15,"""10+""",99,45,39.92401181,2340,1492,"{""first_x"": 771, ""sample_1_time"": 391, ""sample_3_x"": 921, ""sample_2_time"": 758, ""last_y"": 230.5, ""first_y"": 379.5, ""sample_1_x"": 854, ""sample_0_y"": 379.5, ""sample_2_x"": 891, ""sample_3_y"": 267.5, ""sample_1_y"": 331.5, ""sample_4_time"": 1491, ""sample_4_y"": 230.5, ""sample_0_time"": 7, ""last_time"": 1491, ""count"": 177, ""first_time"": 7, ""last_x"": 946, ""sample_4_x"": 946, ""sample_2_y"": 301.5, ""sample_0_x"": 771, ""sample_3_time"": 1125}",Q1 (0-90<U+00B0>),Q1 (0-90<U+00B0>),TRUE,TRUE,Correct,45,5.075988189999997,5.075988189999997,5.075988189999997,5.075988189999997,TRUE
165232,18,lefth,3+,yes,15,"""10+""",100,225,222.5389453,3232,1616,"{""count"": 153, ""sample_0_x"": 749, ""sample_2_time"": 816, ""sample_4_time"": 1616, ""sample_4_x"": 574, ""sample_3_x"": 625, ""first_time"": 7, ""sample_3_time"": 1132, ""first_x"": 749, ""sample_1_x"": 716, ""sample_2_x"": 678, ""sample_3_y"": 489.5, ""last_time"": 1616, ""first_y"": 405.5, ""sample_1_y"": 426.5, ""sample_2_y"": 448.5, ""sample_0_time"": 7, ""last_x"": 574, ""sample_0_y"": 405.5, ""sample_4_y"": 556.5, ""last_y"": 556.5, ""sample_1_time"": 324}",Q3 (180-270<U+00B0>),Q3 (180-270<U+00B0>),TRUE,TRUE,Correct,225,2.4610547000000054,2.4610547000000054,2.4610547000000054,2.4610547000000054,TRUE
165487,21,righth,2,yes,1,"""5-10""",21,315,226.4857246,2806,1143,"{""first_y"": 401, ""first_x"": 551.5, ""sample_1_y"": 467, ""sample_0_y"": 401, ""sample_2_x"": 445.5, ""sample_0_time"": 9, ""sample_4_x"": 396.5, ""sample_3_x"": 419.5, ""last_time"": 1142, ""sample_3_y"": 536, ""first_time"": 9, ""sample_2_y"": 507, ""sample_1_x"": 485.5, ""last_y"": 565, ""last_x"": 396.5, ""sample_1_time"": 292, ""sample_4_y"": 565, ""sample_3_time"": 859, ""count"": 137, ""sample_0_x"": 551.5, ""sample_2_time"": 575, ""sample_4_time"": 1142}",Q4 (270-360<U+00B0>),Q3 (180-270<U+00B0>),FALSE,TRUE,Formant,225,1.4857245999999975,1.4857245999999975,88.5142754,88.5142754,FALSE
165487,21,righth,2,yes,1,"""5-10""",22,225,231.7772776,2948,4934,"{""first_time"": 8, ""sample_2_y"": 605, ""count"": 440, ""first_y"": 402, ""sample_0_y"": 402, ""last_x"": 413.5, ""sample_4_time"": 4933, ""sample_0_x"": 558.5, ""sample_1_time"": 924, ""sample_2_time"": 2150, ""sample_0_time"": 8, ""sample_1_y"": 539, ""last_time"": 4933, ""last_y"": 580, ""sample_4_y"": 580, ""sample_3_y"": 544, ""sample_1_x"": 503.5, ""sample_2_x"": 485.5, ""sample_3_time"": 3100, ""first_x"": 558.5, ""sample_3_x"": 487.5, ""sample_4_x"": 413.5}",Q3 (180-270<U+00B0>),Q3 (180-270<U+00B0>),TRUE,TRUE,Correct,225,6.777277599999991,6.777277599999991,6.777277599999991,6.777277599999991,TRUE
165487,21,righth,2,yes,1,"""5-10""",23,225,311.7107573,2757,1284,"{""first_y"": 401, ""last_y"": 571, ""sample_4_y"": 571, ""count"": 154, ""sample_2_time"": 649, ""sample_4_time"": 1283, ""sample_0_x"": 573.5, ""sample_3_time"": 967, ""sample_1_x"": 611.5, ""sample_4_x"": 729.5, ""sample_0_time"": 8, ""sample_3_x"": 702.5, ""last_time"": 1283, ""first_time"": 8, ""sample_2_x"": 663.5, ""sample_2_y"": 483, ""first_x"": 573.5, ""last_x"": 729.5, ""sample_1_time"": 325, ""sample_3_y"": 537, ""sample_1_y"": 429, ""sample_0_y"": 401}",Q3 (180-270<U+00B0>),Q4 (270-360<U+00B0>),FALSE,TRUE,Formant,315,3.2892426999999884,3.2892426999999884,86.71075730000001,86.71075730000001,FALSE
165487,21,righth,2,yes,1,"""5-10""",24,45,49.95544894,2716,1716,"{""last_x"": 723.5, ""sample_1_y"": 328, ""sample_1_time"": 432, ""sample_0_y"": 376, ""sample_1_x"": 642.5, ""sample_2_time"": 865, ""sample_4_y"": 199, ""first_y"": 376, ""sample_4_x"": 723.5, ""count"": 206, ""first_x"": 579.5, ""sample_0_time"": 8, ""sample_2_y"": 283, ""first_time"": 8, ""sample_3_time"": 1291, ""sample_4_time"": 1716, ""sample_3_x"": 712.5, ""sample_3_y"": 237, ""last_y"": 199, ""sample_2_x"": 688.5, ""sample_0_x"": 579.5, ""last_time"": 1716}",Q1 (0-90<U+00B0>),Q1 (0-90<U+00B0>),TRUE,TRUE,Correct,45,4.955448939999997,4.955448939999997,4.955448939999997,4.955448939999997,TRUE
165487,21,righth,2,yes,1,"""5-10""",25,135,145.4674082,2732,4450,"{""sample_1_time"": 958, ""sample_0_x"": 547.5, ""first_x"": 547.5, ""sample_4_time"": 4450, ""count"": 436, ""last_y"": 248, ""sample_3_y"": 328, ""sample_3_time"": 3266, ""sample_1_y"": 346, ""sample_0_y"": 381, ""sample_2_time"": 2216, ""sample_0_time"": 8, ""sample_3_x"": 630.5, ""last_time"": 4450, ""first_time"": 8, ""sample_4_y"": 248, ""sample_1_x"": 489.5, ""sample_2_x"": 706.5, ""sample_2_y"": 292, ""last_x"": 363.5, ""first_y"": 381, ""sample_4_x"": 363.5}",Q2 (90-180<U+00B0>),Q2 (90-180<U+00B0>),TRUE,TRUE,Correct,135,10.467408199999994,10.467408199999994,10.467408199999994,10.467408199999994,TRUE
165487,21,righth,2,yes,1,"""5-10""",26,315,308.2227224,2953,2234,"{""sample_3_y"": 524, ""sample_0_x"": 561.5, ""sample_4_time"": 2234, ""sample_1_x"": 524.5, ""sample_2_x"": 575.5, ""sample_0_y"": 403, ""last_y"": 580, ""sample_4_y"": 580, ""last_time"": 2234, ""sample_2_y"": 383, ""count"": 257, ""first_time"": 8, ""sample_4_x"": 717.5, ""sample_2_time"": 1158, ""sample_1_y"": 484, ""sample_3_time"": 1700, ""first_y"": 403, ""sample_0_time"": 8, ""first_x"": 561.5, ""sample_3_x"": 654.5, ""sample_1_time"": 541, ""last_x"": 717.5}",Q4 (270-360<U+00B0>),Q4 (270-360<U+00B0>),TRUE,TRUE,Correct,315,6.777277599999991,6.777277599999991,6.777277599999991,6.777277599999991,TRUE
165487,21,righth,2,yes,1,"""5-10""",27,225,233.4572362,2615,1134,"{""first_y"": 404, ""sample_2_y"": 545, ""sample_3_x"": 448.5, ""first_time"": 8, ""sample_1_y"": 502, ""sample_3_y"": 572, ""last_time"": 1133, ""sample_4_y"": 584, ""count"": 136, ""sample_4_time"": 1133, ""sample_2_time"": 575, ""sample_4_x"": 419.5, ""sample_1_time"": 292, ""sample_3_time"": 858, ""sample_2_x"": 478.5, ""sample_0_time"": 8, ""sample_1_x"": 510.5, ""sample_0_y"": 404, ""last_y"": 584, ""first_x"": 558.5, ""last_x"": 419.5, ""sample_0_x"": 558.5}",Q3 (180-270<U+00B0>),Q3 (180-270<U+00B0>),TRUE,TRUE,Correct,225,8.457236200000011,8.457236200000011,8.457236200000011,8.457236200000011,TRUE
165487,21,righth,2,yes,1,"""5-10""",28,45,132.5247782,2907,1159,"{""sample_4_time"": 1158, ""last_y"": 206, ""first_x"": 548.5, ""count"": 134, ""sample_3_y"": 248, ""sample_0_time"": 8, ""sample_3_time"": 883, ""sample_2_time"": 567, ""sample_2_x"": 452.5, ""sample_0_y"": 385, ""sample_4_y"": 206, ""first_y"": 385, ""sample_4_x"": 399.5, ""sample_1_time"": 283, ""last_x"": 399.5, ""first_time"": 8, ""sample_2_y"": 320, ""sample_0_x"": 548.5, ""sample_3_x"": 415.5, ""last_time"": 1158, ""sample_1_x"": 497.5, ""sample_1_y"": 360}",Q1 (0-90<U+00B0>),Q2 (90-180<U+00B0>),FALSE,TRUE,Formant,135,2.475221800000014,2.475221800000014,87.52477819999999,87.52477819999999,FALSE
165487,21,righth,2,yes,1,"""5-10""",29,135,134.1744695,4032,1959,"{""sample_2_time"": 975, ""first_time"": 8, ""sample_0_y"": 384, ""sample_1_time"": 491, ""sample_3_x"": 396.5, ""sample_4_x"": 394.5, ""sample_4_y"": 211, ""sample_0_time"": 8, ""sample_1_x"": 431.5, ""last_x"": 394.5, ""sample_0_x"": 542.5, ""sample_2_x"": 409.5, ""last_time"": 1958, ""last_y"": 211, ""sample_2_y"": 270, ""first_x"": 542.5, ""sample_4_time"": 1958, ""sample_3_y"": 238, ""first_y"": 384, ""sample_1_y"": 305, ""sample_3_time"": 1458, ""count"": 233}",Q2 (90-180<U+00B0>),Q2 (90-180<U+00B0>),TRUE,TRUE,Correct,135,0.8255305000000135,0.8255305000000135,0.8255305000000135,0.8255305000000135,TRUE
165487,21,righth,2,yes,1,"""5-10""",30,225,231.594515,2756,1559,"{""first_x"": 556.5, ""sample_0_y"": 402, ""sample_2_time"": 784, ""sample_1_time"": 392, ""sample_1_y"": 453, ""count"": 187, ""sample_3_time"": 1176, ""last_y"": 580, ""sample_0_time"": 9, ""sample_3_x"": 462.5, ""sample_2_y"": 501, ""sample_2_x"": 502.5, ""first_time"": 9, ""first_y"": 402, ""sample_4_y"": 580, ""sample_1_x"": 533.5, ""sample_4_time"": 1559, ""sample_0_x"": 556.5, ""sample_4_x"": 412.5, ""last_x"": 412.5, ""last_time"": 1559, ""sample_3_y"": 549}",Q3 (180-270<U+00B0>),Q3 (180-270<U+00B0>),TRUE,TRUE,Correct,225,6.594515000000001,6.594515000000001,6.594515000000001,6.594515000000001,TRUE
165487,21,righth,2,yes,1,"""5-10""",31,315,308.8786326,2708,1400,"{""sample_0_time"": 8, ""last_x"": 719.5, ""sample_2_y"": 527, ""sample_1_x"": 595.5, ""first_time"": 8, ""last_time"": 1400, ""last_y"": 578, ""sample_0_x"": 568.5, ""sample_4_y"": 578, ""count"": 168, ""sample_1_y"": 466, ""sample_0_y"": 403, ""sample_2_time"": 707, ""sample_3_y"": 553, ""first_y"": 403, ""sample_4_time"": 1400, ""sample_3_x"": 666.5, ""sample_4_x"": 719.5, ""sample_3_time"": 1058, ""sample_1_time"": 358, ""sample_2_x"": 636.5, ""first_x"": 568.5}",Q4 (270-360<U+00B0>),Q4 (270-360<U+00B0>),TRUE,TRUE,Correct,315,6.121367399999997,6.121367399999997,6.121367399999997,6.121367399999997,TRUE
165487,21,righth,2,yes,1,"""5-10""",32,225,226.8156847,2499,1229,"{""sample_2_time"": 617, ""first_y"": 402, ""sample_3_y"": 554, ""sample_0_y"": 402, ""sample_1_y"": 501, ""count"": 147, ""sample_2_x"": 444.5, ""sample_4_time"": 1229, ""sample_1_time"": 308, ""sample_2_y"": 534, ""last_y"": 566, ""last_x"": 397.5, ""sample_4_x"": 397.5, ""sample_3_time"": 925, ""sample_4_y"": 566, ""first_time"": 8, ""first_x"": 556.5, ""sample_3_x"": 416.5, ""sample_1_x"": 477.5, ""sample_0_x"": 556.5, ""last_time"": 1229, ""sample_0_time"": 8}",Q3 (180-270<U+00B0>),Q3 (180-270<U+00B0>),TRUE,TRUE,Correct,225,1.8156846999999914,1.8156846999999914,1.8156846999999914,1.8156846999999914,TRUE
165487,21,righth,2,yes,1,"""5-10""",33,315,312.8544756,2574,1134,"{""first_x"": 566.5, ""sample_4_time"": 1133, ""last_time"": 1133, ""sample_2_y"": 521, ""sample_2_x"": 676.5, ""sample_1_time"": 292, ""count"": 136, ""last_x"": 732.5, ""sample_4_y"": 567, ""sample_1_x"": 639.5, ""sample_0_y"": 406, ""first_time"": 8, ""sample_0_x"": 566.5, ""last_y"": 567, ""sample_1_y"": 489, ""sample_0_time"": 8, ""sample_3_time"": 858, ""first_y"": 406, ""sample_3_x"": 713.5, ""sample_4_x"": 732.5, ""sample_2_time"": 575, ""sample_3_y"": 552}",Q4 (270-360<U+00B0>),Q4 (270-360<U+00B0>),TRUE,TRUE,Correct,315,2.1455243999999993,2.1455243999999993,2.1455243999999993,2.1455243999999993,TRUE
165487,21,righth,2,yes,1,"""5-10""",34,135,41.36181342,2481,1167,"{""sample_1_time"": 300, ""last_time"": 1167, ""sample_0_time"": 8, ""sample_2_y"": 298, ""count"": 140, ""sample_1_y"": 331, ""sample_2_x"": 713.5, ""sample_0_x"": 582.5, ""first_y"": 384, ""last_x"": 749.5, ""sample_2_time"": 591, ""sample_3_x"": 742.5, ""sample_1_x"": 673.5, ""sample_4_y"": 225, ""first_time"": 8, ""sample_4_x"": 749.5, ""sample_3_y"": 259, ""first_x"": 582.5, ""sample_0_y"": 384, ""sample_3_time"": 883, ""sample_4_time"": 1167, ""last_y"": 225}",Q2 (90-180<U+00B0>),Q1 (0-90<U+00B0>),FALSE,TRUE,Formant,45,3.638186580000003,3.638186580000003,93.63818658,93.63818658,FALSE
165487,21,righth,2,yes,1,"""5-10""",35,225,312.0390639,2629,1641,"{""sample_2_y"": 449, ""sample_4_time"": 1640, ""sample_0_y"": 406, ""sample_2_time"": 845, ""sample_4_x"": 730.5, ""last_x"": 730.5, ""sample_0_x"": 564.5, ""sample_3_time"": 1249, ""first_time"": 4, ""sample_3_x"": 676.5, ""sample_3_y"": 538, ""sample_1_y"": 498, ""sample_1_time"": 395, ""last_time"": 1640, ""first_x"": 564.5, ""sample_2_x"": 570.5, ""last_y"": 570, ""count"": 191, ""sample_4_y"": 570, ""first_y"": 406, ""sample_0_time"": 4, ""sample_1_x"": 532.5}",Q3 (180-270<U+00B0>),Q4 (270-360<U+00B0>),FALSE,TRUE,Formant,315,2.9609361000000263,2.9609361000000263,87.03906389999997,87.03906389999997,FALSE
165487,21,righth,2,yes,1,"""5-10""",36,315,316.8156847,2514,1133,"{""count"": 136, ""last_time"": 1133, ""sample_4_y"": 555, ""sample_2_time"": 574, ""sample_1_y"": 486, ""sample_1_time"": 292, ""first_time"": 9, ""sample_1_x"": 636.5, ""sample_3_x"": 721.5, ""sample_3_y"": 542, ""sample_4_time"": 1133, ""sample_0_time"": 9, ""sample_0_x"": 571.5, ""first_y"": 406, ""sample_2_x"": 683.5, ""sample_4_x"": 744.5, ""sample_3_time"": 859, ""last_x"": 744.5, ""first_x"": 571.5, ""sample_0_y"": 406, ""sample_2_y"": 517, ""last_y"": 555}",Q4 (270-360<U+00B0>),Q4 (270-360<U+00B0>),TRUE,TRUE,Correct,315,1.8156847000000198,1.8156847000000198,1.8156847000000198,1.8156847000000198,TRUE
165487,21,righth,2,yes,1,"""5-10""",37,45,130.0445511,2656,1350,"{""sample_4_x"": 407.5, ""sample_0_y"": 377, ""sample_1_x"": 465.5, ""sample_3_x"": 418.5, ""sample_4_time"": 1350, ""sample_3_y"": 237, ""sample_4_y"": 199, ""sample_0_x"": 545.5, ""sample_2_x"": 433.5, ""first_x"": 545.5, ""last_time"": 1350, ""last_y"": 199, ""sample_0_time"": 8, ""count"": 162, ""last_x"": 407.5, ""first_time"": 8, ""sample_3_time"": 1016, ""sample_1_y"": 310, ""sample_1_time"": 341, ""sample_2_time"": 683, ""sample_2_y"": 274, ""first_y"": 377}",Q1 (0-90<U+00B0>),Q2 (90-180<U+00B0>),FALSE,TRUE,Formant,135,4.955448899999993,4.955448899999993,85.0445511,85.0445511,FALSE
165487,21,righth,2,yes,1,"""5-10""",38,315,309.2072035,2557,1700,"{""sample_3_y"": 576, ""sample_0_y"": 403, ""sample_3_x"": 578.5, ""sample_4_y"": 577, ""count"": 201, ""sample_1_x"": 511.5, ""sample_2_time"": 842, ""sample_0_time"": 8, ""sample_4_x"": 720.5, ""sample_1_time"": 425, ""sample_2_x"": 462.5, ""sample_3_time"": 1284, ""last_x"": 720.5, ""first_time"": 8, ""first_x"": 568.5, ""sample_4_time"": 1700, ""sample_0_x"": 568.5, ""last_time"": 1700, ""first_y"": 403, ""last_y"": 577, ""sample_2_y"": 560, ""sample_1_y"": 497}",Q4 (270-360<U+00B0>),Q4 (270-360<U+00B0>),TRUE,TRUE,Correct,315,5.792796500000009,5.792796500000009,5.792796500000009,5.792796500000009,TRUE
165487,21,righth,2,yes,1,"""5-10""",39,315,310.3734293,2423,900,"{""sample_2_y"": 540, ""sample_1_x"": 632.5, ""first_y"": 406, ""count"": 108, ""last_time"": 900, ""sample_1_y"": 496, ""sample_4_time"": 900, ""sample_2_x"": 680.5, ""sample_4_y"": 574, ""sample_3_x"": 707.5, ""sample_0_time"": 9, ""sample_0_x"": 575.5, ""sample_1_time"": 233, ""last_y"": 574, ""sample_4_x"": 724.5, ""sample_0_y"": 406, ""first_x"": 575.5, ""sample_3_time"": 683, ""sample_2_time"": 459, ""first_time"": 9, ""sample_3_y"": 561, ""last_x"": 724.5}",Q4 (270-360<U+00B0>),Q4 (270-360<U+00B0>),TRUE,TRUE,Correct,315,4.626570700000002,4.626570700000002,4.626570700000002,4.626570700000002,TRUE
165487,21,righth,2,yes,1,"""5-10""",40,315,313.1843153,2749,1551,"{""sample_4_time"": 1550, ""sample_3_y"": 529, ""sample_1_time"": 392, ""sample_2_y"": 496, ""sample_3_x"": 701.5, ""sample_0_time"": 8, ""sample_1_y"": 443, ""sample_0_y"": 403, ""last_y"": 566, ""sample_4_y"": 566, ""first_y"": 403, ""sample_3_time"": 1166, ""last_time"": 1550, ""sample_2_x"": 659.5, ""sample_2_time"": 783, ""sample_4_x"": 733.5, ""count"": 186, ""sample_1_x"": 602.5, ""sample_0_x"": 568.5, ""last_x"": 733.5, ""first_time"": 8, ""first_x"": 568.5}",Q4 (270-360<U+00B0>),Q4 (270-360<U+00B0>),TRUE,TRUE,Correct,315,1.8156847000000198,1.8156847000000198,1.8156847000000198,1.8156847000000198,TRUE
165487,21,righth,2,yes,1,"""5-10""",41,135,44.17446953,2541,1359,"{""sample_4_y"": 216, ""sample_4_x"": 741.5, ""first_x"": 585.5, ""sample_1_y"": 350, ""sample_3_x"": 738.5, ""sample_2_x"": 726.5, ""last_time"": 1358, ""sample_1_x"": 671.5, ""sample_0_y"": 388, ""first_time"": 8, ""sample_3_y"": 251, ""sample_0_time"": 8, ""last_x"": 741.5, ""sample_2_time"": 642, ""sample_4_time"": 1358, ""last_y"": 216, ""sample_2_y"": 287, ""sample_0_x"": 585.5, ""first_y"": 388, ""sample_3_time"": 958, ""sample_1_time"": 325, ""count"": 151}",Q2 (90-180<U+00B0>),Q1 (0-90<U+00B0>),FALSE,TRUE,Formant,45,0.8255304699999968,0.8255304699999968,90.82553046999999,90.82553046999999,FALSE
165487,21,righth,2,yes,1,"""5-10""",42,45,44.67071754,2722,960,"{""sample_2_time"": 443, ""sample_4_y"": 214, ""sample_0_y"": 376, ""last_time"": 959, ""sample_3_y"": 223, ""sample_1_x"": 657.5, ""first_x"": 582.5, ""sample_3_time"": 659, ""first_time"": 9, ""sample_3_x"": 736.5, ""sample_1_time"": 227, ""first_y"": 376, ""sample_2_x"": 712.5, ""sample_4_time"": 959, ""sample_4_x"": 740.5, ""sample_1_y"": 315, ""count"": 105, ""last_x"": 740.5, ""sample_2_y"": 259, ""sample_0_time"": 9, ""sample_0_x"": 582.5, ""last_y"": 214}",Q1 (0-90<U+00B0>),Q1 (0-90<U+00B0>),TRUE,TRUE,Correct,45,0.3292824600000017,0.3292824600000017,0.3292824600000017,0.3292824600000017,TRUE
165487,21,righth,2,yes,1,"""5-10""",43,135,128.5504653,2449,1300,"{""sample_3_y"": 221, ""sample_1_time"": 333, ""sample_2_time"": 658, ""first_x"": 547.5, ""sample_2_y"": 268, ""first_time"": 8, ""sample_1_y"": 314, ""last_x"": 412.5, ""sample_0_x"": 547.5, ""count"": 156, ""last_time"": 1300, ""sample_0_y"": 383, ""sample_1_x"": 452.5, ""last_y"": 195, ""sample_2_x"": 428.5, ""first_y"": 383, ""sample_4_y"": 195, ""sample_3_x"": 415.5, ""sample_0_time"": 8, ""sample_3_time"": 983, ""sample_4_x"": 412.5, ""sample_4_time"": 1300}",Q2 (90-180<U+00B0>),Q2 (90-180<U+00B0>),TRUE,TRUE,Correct,135,6.449534699999987,6.449534699999987,6.449534699999987,6.449534699999987,TRUE
165487,21,righth,2,yes,1,"""5-10""",44,135,133.1843153,2716,1592,"{""sample_2_y"": 284, ""sample_3_y"": 243, ""sample_3_x"": 402.5, ""first_x"": 547.5, ""sample_1_y"": 340, ""sample_0_time"": 8, ""first_y"": 379, ""first_time"": 8, ""count"": 191, ""sample_0_y"": 379, ""sample_4_x"": 397.5, ""sample_4_y"": 208, ""sample_3_time"": 1199, ""sample_1_x"": 467.5, ""sample_2_time"": 799, ""last_x"": 397.5, ""sample_2_x"": 414.5, ""last_y"": 208, ""sample_0_x"": 547.5, ""sample_4_time"": 1592, ""sample_1_time"": 400, ""last_time"": 1592}",Q2 (90-180<U+00B0>),Q2 (90-180<U+00B0>),TRUE,TRUE,Correct,135,1.8156846999999914,1.8156846999999914,1.8156846999999914,1.8156846999999914,TRUE
165487,21,righth,2,yes,1,"""5-10""",45,225,236.1817542,2541,1359,"{""sample_3_x"": 496.5, ""sample_4_y"": 593, ""count"": 162, ""sample_4_x"": 427.5, ""sample_2_y"": 538, ""first_time"": 8, ""sample_1_y"": 487, ""sample_0_x"": 565.5, ""first_y"": 406, ""last_x"": 427.5, ""sample_2_time"": 692, ""sample_0_y"": 406, ""sample_0_time"": 8, ""last_time"": 1359, ""sample_3_y"": 568, ""sample_3_time"": 1025, ""sample_4_time"": 1359, ""sample_1_x"": 550.5, ""first_x"": 565.5, ""last_y"": 593, ""sample_1_time"": 350, ""sample_2_x"": 527.5}",Q3 (180-270<U+00B0>),Q3 (180-270<U+00B0>),TRUE,TRUE,Correct,225,11.1817542,11.1817542,11.1817542,11.1817542,TRUE
165487,21,righth,2,yes,1,"""5-10""",46,45,47.80475533,2799,1417,"{""sample_4_x"": 730.5, ""last_x"": 730.5, ""sample_2_y"": 293, ""first_y"": 375, ""sample_4_time"": 1416, ""sample_3_time"": 1066, ""sample_2_time"": 716, ""sample_3_y"": 236, ""last_y"": 205, ""sample_4_y"": 205, ""count"": 170, ""sample_0_x"": 579.5, ""first_x"": 579.5, ""sample_2_x"": 669.5, ""sample_1_time"": 357, ""sample_1_x"": 630.5, ""sample_0_time"": 8, ""sample_1_y"": 335, ""first_time"": 8, ""sample_0_y"": 375, ""sample_3_x"": 709.5, ""last_time"": 1416}",Q1 (0-90<U+00B0>),Q1 (0-90<U+00B0>),TRUE,TRUE,Correct,45,2.804755329999999,2.804755329999999,2.804755329999999,2.804755329999999,TRUE
165487,21,righth,2,yes,1,"""5-10""",47,315,238.8360494,2948,1201,"{""sample_2_y"": 523, ""sample_4_x"": 438.5, ""sample_3_y"": 581, ""last_y"": 597, ""sample_3_x"": 479.5, ""sample_1_y"": 466, ""first_x"": 559.5, ""last_time"": 1201, ""sample_0_x"": 559.5, ""first_y"": 402, ""sample_4_y"": 597, ""sample_0_time"": 9, ""last_x"": 438.5, ""sample_4_time"": 1201, ""sample_0_y"": 402, ""sample_1_time"": 309, ""sample_2_x"": 524.5, ""sample_2_time"": 609, ""count"": 144, ""sample_3_time"": 909, ""sample_1_x"": 548.5, ""first_time"": 9}",Q4 (270-360<U+00B0>),Q3 (180-270<U+00B0>),FALSE,TRUE,Formant,225,13.836049400000007,13.836049400000007,76.16395059999999,76.16395059999999,FALSE
165487,21,righth,2,yes,1,"""5-10""",48,315,318.1341033,2634,1406,"{""sample_1_y"": 459, ""sample_0_time"": 8, ""last_y"": 551, ""sample_2_x"": 648.5, ""count"": 169, ""last_time"": 1406, ""sample_1_x"": 620.5, ""first_y"": 397, ""sample_0_x"": 579.5, ""sample_4_time"": 1406, ""sample_2_y"": 492, ""sample_3_x"": 694.5, ""sample_1_time"": 357, ""sample_3_y"": 527, ""sample_4_y"": 551, ""sample_3_time"": 1056, ""first_time"": 8, ""sample_2_time"": 707, ""first_x"": 579.5, ""sample_4_x"": 748.5, ""sample_0_y"": 397, ""last_x"": 748.5}",Q4 (270-360<U+00B0>),Q4 (270-360<U+00B0>),TRUE,TRUE,Correct,315,3.1341032999999925,3.1341032999999925,3.1341032999999925,3.1341032999999925,TRUE
165487,21,righth,2,yes,1,"""5-10""",49,45,42.85447565,3331,1234,"{""sample_4_time"": 1234, ""first_time"": 8, ""sample_0_y"": 373, ""last_x"": 745.5, ""count"": 148, ""sample_1_time"": 317, ""sample_0_time"": 8, ""sample_1_x"": 624.5, ""sample_2_time"": 625, ""sample_1_y"": 337, ""sample_3_y"": 261, ""sample_2_y"": 296, ""last_time"": 1234, ""last_y"": 220, ""sample_3_x"": 710.5, ""sample_4_y"": 220, ""sample_4_x"": 745.5, ""sample_0_x"": 574.5, ""sample_2_x"": 675.5, ""sample_3_time"": 934, ""first_y"": 373, ""first_x"": 574.5}",Q1 (0-90<U+00B0>),Q1 (0-90<U+00B0>),TRUE,TRUE,Correct,45,2.1455243500000023,2.1455243500000023,2.1455243500000023,2.1455243500000023,TRUE
165487,21,righth,2,yes,1,"""5-10""",50,225,234.6252482,2600,1067,"{""last_x"": 423.5, ""sample_0_y"": 403, ""sample_4_y"": 587, ""sample_1_x"": 545.5, ""last_y"": 587, ""sample_0_x"": 568.5, ""count"": 128, ""sample_3_time"": 808, ""sample_3_y"": 545, ""first_x"": 568.5, ""first_y"": 403, ""sample_1_y"": 462, ""sample_2_y"": 508, ""last_time"": 1066, ""sample_3_x"": 481.5, ""sample_2_time"": 541, ""sample_1_time"": 274, ""sample_2_x"": 514.5, ""sample_4_x"": 423.5, ""first_time"": 8, ""sample_4_time"": 1066, ""sample_0_time"": 8}",Q3 (180-270<U+00B0>),Q3 (180-270<U+00B0>),TRUE,TRUE,Correct,225,9.625248199999987,9.625248199999987,9.625248199999987,9.625248199999987,TRUE
165487,21,righth,2,yes,1,"""5-10""",51,225,233.2699616,2557,1008,"{""sample_0_x"": 558.5, ""sample_2_y"": 532, ""first_time"": 8, ""sample_2_time"": 508, ""sample_1_y"": 483, ""sample_3_time"": 757, ""count"": 121, ""sample_4_y"": 584, ""sample_2_x"": 483.5, ""last_x"": 418.5, ""first_y"": 403, ""sample_4_time"": 1008, ""sample_0_y"": 403, ""first_x"": 558.5, ""last_time"": 1008, ""sample_1_time"": 257, ""sample_0_time"": 8, ""last_y"": 584, ""sample_3_x"": 452.5, ""sample_3_y"": 562, ""sample_4_x"": 418.5, ""sample_1_x"": 521.5}",Q3 (180-270<U+00B0>),Q3 (180-270<U+00B0>),TRUE,TRUE,Correct,225,8.269961599999988,8.269961599999988,8.269961599999988,8.269961599999988,TRUE
165487,21,righth,2,yes,1,"""5-10""",52,315,316.6459775,2759,1141,"{""sample_2_time"": 574, ""count"": 137, ""last_time"": 1140, ""sample_4_time"": 1140, ""sample_4_x"": 744.5, ""sample_2_x"": 646.5, ""sample_0_x"": 581.5, ""first_x"": 581.5, ""first_y"": 392, ""sample_3_x"": 702.5, ""sample_1_y"": 430, ""last_y"": 556, ""sample_2_y"": 476, ""sample_4_y"": 556, ""sample_1_x"": 606.5, ""sample_0_y"": 392, ""sample_3_time"": 856, ""sample_0_time"": 7, ""first_time"": 7, ""sample_3_y"": 521, ""sample_1_time"": 291, ""last_x"": 744.5}",Q4 (270-360<U+00B0>),Q4 (270-360<U+00B0>),TRUE,TRUE,Correct,315,1.645977500000015,1.645977500000015,1.645977500000015,1.645977500000015,TRUE
165487,21,righth,2,yes,1,"""5-10""",53,315,313.1843153,2591,1442,"{""last_y"": 566, ""sample_3_y"": 540, ""last_time"": 1442, ""sample_1_y"": 486, ""first_x"": 566.5, ""sample_2_time"": 725, ""sample_2_y"": 512, ""last_x"": 733.5, ""sample_4_x"": 733.5, ""sample_3_x"": 698.5, ""sample_1_x"": 629.5, ""sample_3_time"": 1083, ""sample_0_x"": 566.5, ""sample_0_time"": 8, ""first_y"": 405, ""sample_2_x"": 655.5, ""sample_4_y"": 566, ""sample_4_time"": 1442, ""sample_1_time"": 366, ""count"": 173, ""sample_0_y"": 405, ""first_time"": 8}",Q4 (270-360<U+00B0>),Q4 (270-360<U+00B0>),TRUE,TRUE,Correct,315,1.8156847000000198,1.8156847000000198,1.8156847000000198,1.8156847000000198,TRUE
165487,21,righth,2,yes,1,"""5-10""",54,45,37.75273111,3428,949,"{""last_x"": 760.5, ""sample_4_y"": 236, ""sample_2_x"": 682.5, ""last_time"": 949, ""first_x"": 580.5, ""sample_0_x"": 580.5, ""sample_1_x"": 629.5, ""sample_3_y"": 278, ""first_time"": 8, ""first_y"": 381, ""sample_2_y"": 325, ""sample_3_x"": 732.5, ""sample_0_time"": 8, ""sample_3_time"": 723, ""sample_4_x"": 760.5, ""last_y"": 236, ""sample_0_y"": 381, ""sample_2_time"": 475, ""count"": 112, ""sample_1_time"": 241, ""sample_1_y"": 360, ""sample_4_time"": 949}",Q1 (0-90<U+00B0>),Q1 (0-90<U+00B0>),TRUE,TRUE,Correct,45,7.247268890000001,7.247268890000001,7.247268890000001,7.247268890000001,TRUE
165487,21,righth,2,yes,1,"""5-10""",55,225,310.3734293,2540,1075,"{""sample_4_y"": 574, ""sample_1_y"": 490, ""first_y"": 406, ""sample_0_x"": 565.5, ""sample_0_time"": 8, ""sample_4_time"": 1075, ""sample_2_y"": 528, ""sample_2_x"": 654.5, ""first_time"": 8, ""sample_0_y"": 406, ""sample_3_y"": 555, ""sample_4_x"": 724.5, ""count"": 127, ""first_x"": 565.5, ""last_x"": 724.5, ""sample_3_x"": 691.5, ""sample_1_time"": 266, ""last_time"": 1075, ""sample_3_time"": 817, ""sample_1_x"": 615.5, ""sample_2_time"": 550, ""last_y"": 574}",Q3 (180-270<U+00B0>),Q4 (270-360<U+00B0>),FALSE,TRUE,Formant,315,4.626570700000002,4.626570700000002,85.3734293,85.3734293,FALSE
165487,21,righth,2,yes,1,"""5-10""",56,225,223.3540225,2523,1526,"{""count"": 183, ""sample_2_x"": 506.5, ""sample_0_time"": 8, ""sample_4_y"": 556, ""sample_3_y"": 531, ""sample_2_y"": 497, ""last_x"": 386.5, ""first_time"": 8, ""sample_1_y"": 450, ""sample_1_time"": 383, ""sample_0_y"": 402, ""sample_0_x"": 559.5, ""sample_2_time"": 767, ""last_y"": 556, ""sample_3_time"": 1150, ""sample_4_x"": 386.5, ""last_time"": 1525, ""sample_3_x"": 462.5, ""sample_4_time"": 1525, ""first_y"": 402, ""sample_1_x"": 541.5, ""first_x"": 559.5}",Q3 (180-270<U+00B0>),Q3 (180-270<U+00B0>),TRUE,TRUE,Correct,225,1.6459774999999865,1.6459774999999865,1.6459774999999865,1.6459774999999865,TRUE
165487,21,righth,2,yes,1,"""5-10""",57,315,306.916404,3040,1059,"{""sample_1_y"": 473, ""first_time"": 8, ""last_y"": 584, ""sample_2_y"": 528, ""last_time"": 1059, ""count"": 127, ""sample_2_time"": 533, ""first_x"": 576.5, ""sample_3_y"": 559, ""sample_4_time"": 1059, ""last_x"": 713.5, ""sample_1_time"": 267, ""first_y"": 403, ""sample_0_time"": 8, ""sample_3_x"": 679.5, ""sample_4_y"": 584, ""sample_2_x"": 645.5, ""sample_4_x"": 713.5, ""sample_1_x"": 605.5, ""sample_0_x"": 576.5, ""sample_0_y"": 403, ""sample_3_time"": 800}",Q4 (270-360<U+00B0>),Q4 (270-360<U+00B0>),TRUE,TRUE,Correct,315,8.083596,8.083596,8.083596,8.083596,TRUE
165487,21,righth,2,yes,1,"""5-10""",58,315,311.8838217,2583,1158,"{""last_x"": 730.5, ""sample_2_x"": 638.5, ""last_time"": 1157, ""sample_0_x"": 578.5, ""sample_1_time"": 291, ""sample_4_y"": 571, ""sample_2_time"": 574, ""sample_4_x"": 730.5, ""first_y"": 400, ""sample_3_y"": 519, ""count"": 137, ""first_time"": 8, ""first_x"": 578.5, ""sample_2_y"": 476, ""sample_3_x"": 681.5, ""sample_0_time"": 8, ""sample_3_time"": 857, ""sample_4_time"": 1157, ""sample_0_y"": 400, ""last_y"": 571, ""sample_1_x"": 606.5, ""sample_1_y"": 433}",Q4 (270-360<U+00B0>),Q4 (270-360<U+00B0>),TRUE,TRUE,Correct,315,3.1161783000000014,3.1161783000000014,3.1161783000000014,3.1161783000000014,TRUE
165487,21,righth,2,yes,1,"""5-10""",59,45,39.92401181,2773,1392,"{""sample_4_y"": 228, ""sample_3_y"": 281, ""sample_3_time"": 1050, ""sample_4_time"": 1392, ""sample_0_x"": 579.5, ""sample_0_time"": 9, ""first_y"": 377, ""first_time"": 9, ""sample_0_y"": 377, ""last_y"": 228, ""sample_3_x"": 717.5, ""sample_1_time"": 350, ""sample_2_x"": 668.5, ""sample_1_x"": 630.5, ""sample_4_x"": 755.5, ""sample_1_y"": 352, ""count"": 167, ""first_x"": 579.5, ""last_time"": 1392, ""sample_2_y"": 325, ""sample_2_time"": 701, ""last_x"": 755.5}",Q1 (0-90<U+00B0>),Q1 (0-90<U+00B0>),TRUE,TRUE,Correct,45,5.075988189999997,5.075988189999997,5.075988189999997,5.075988189999997,TRUE
165487,21,righth,2,yes,1,"""5-10""",60,135,127.383538,2815,1522,"{""sample_3_y"": 237, ""sample_4_y"": 192, ""sample_4_x"": 416.5, ""last_time"": 1521, ""sample_2_x"": 455.5, ""sample_2_time"": 766, ""sample_3_x"": 430.5, ""sample_1_time"": 384, ""sample_1_y"": 347, ""sample_1_x"": 507.5, ""last_y"": 192, ""sample_2_y"": 285, ""sample_4_time"": 1521, ""sample_3_time"": 1142, ""last_x"": 416.5, ""first_time"": 8, ""first_y"": 380, ""count"": 182, ""sample_0_time"": 8, ""first_x"": 548.5, ""sample_0_y"": 380, ""sample_0_x"": 548.5}",Q2 (90-180<U+00B0>),Q2 (90-180<U+00B0>),TRUE,TRUE,Correct,135,7.6164619999999985,7.6164619999999985,7.6164619999999985,7.6164619999999985,TRUE
165487,21,righth,2,yes,1,"""5-10""",61,135,125.564768,2599,1633,"{""sample_3_x"": 435.5, ""count"": 196, ""sample_0_time"": 9, ""last_y"": 187, ""last_time"": 1632, ""sample_1_y"": 324, ""sample_1_x"": 489.5, ""sample_3_y"": 230, ""sample_0_y"": 378, ""sample_3_time"": 1232, ""sample_0_x"": 550.5, ""sample_1_time"": 416, ""sample_4_x"": 422.5, ""sample_2_y"": 279, ""sample_2_x"": 456.5, ""sample_2_time"": 825, ""first_y"": 378, ""first_time"": 9, ""sample_4_y"": 187, ""last_x"": 422.5, ""sample_4_time"": 1632, ""first_x"": 550.5}",Q2 (90-180<U+00B0>),Q2 (90-180<U+00B0>),TRUE,TRUE,Correct,135,9.435232,9.435232,9.435232,9.435232,TRUE
165487,21,righth,2,yes,1,"""5-10""",62,45,42.03906387,2500,1441,"{""sample_2_time"": 725, ""last_y"": 222, ""sample_2_y"": 309, ""sample_0_y"": 394, ""sample_1_y"": 358, ""sample_2_x"": 700.5, ""first_x"": 581.5, ""count"": 173, ""sample_1_time"": 366, ""sample_0_time"": 8, ""sample_3_x"": 727.5, ""last_x"": 748.5, ""last_time"": 1441, ""first_y"": 394, ""sample_4_time"": 1441, ""sample_4_y"": 222, ""first_time"": 8, ""sample_1_x"": 654.5, ""sample_4_x"": 748.5, ""sample_0_x"": 581.5, ""sample_3_y"": 267, ""sample_3_time"": 1082}",Q1 (0-90<U+00B0>),Q1 (0-90<U+00B0>),TRUE,TRUE,Correct,45,2.9609361300000003,2.9609361300000003,2.9609361300000003,2.9609361300000003,TRUE
165487,21,righth,2,yes,1,"""5-10""",63,45,48.46324398,2564,1217,"{""last_y"": 203, ""sample_4_time"": 1217, ""sample_4_x"": 728.5, ""sample_1_x"": 643.5, ""sample_4_y"": 203, ""last_time"": 1217, ""first_time"": 9, ""first_y"": 377, ""sample_2_time"": 617, ""sample_2_x"": 668.5, ""sample_1_y"": 321, ""sample_1_time"": 309, ""sample_0_y"": 377, ""sample_0_time"": 9, ""sample_3_x"": 703.5, ""sample_0_x"": 581.5, ""count"": 146, ""sample_3_y"": 236, ""first_x"": 581.5, ""sample_3_time"": 917, ""last_x"": 728.5, ""sample_2_y"": 286}",Q1 (0-90<U+00B0>),Q1 (0-90<U+00B0>),TRUE,TRUE,Correct,45,3.4632439800000014,3.4632439800000014,3.4632439800000014,3.4632439800000014,TRUE
165487,21,righth,2,yes,1,"""5-10""",64,45,45.9877604,2807,1467,"{""sample_0_y"": 385, ""sample_4_y"": 210, ""sample_4_time"": 1466, ""sample_3_time"": 1108, ""sample_1_time"": 375, ""sample_0_time"": 7, ""sample_1_x"": 629.5, ""sample_4_x"": 736.5, ""last_time"": 1466, ""count"": 176, ""last_x"": 736.5, ""sample_3_y"": 258, ""sample_1_y"": 351, ""sample_2_time"": 741, ""first_y"": 385, ""first_x"": 581.5, ""sample_3_x"": 710.5, ""last_y"": 210, ""first_time"": 7, ""sample_2_y"": 294, ""sample_2_x"": 684.5, ""sample_0_x"": 581.5}",Q1 (0-90<U+00B0>),Q1 (0-90<U+00B0>),TRUE,TRUE,Correct,45,0.9877603999999991,0.9877603999999991,0.9877603999999991,0.9877603999999991,TRUE
165487,21,righth,2,yes,1,"""5-10""",65,225,225.8255305,2533,1441,"{""last_y"": 563, ""sample_2_time"": 724, ""last_x"": 394.5, ""sample_0_x"": 563.5, ""sample_1_time"": 366, ""sample_1_y"": 466, ""sample_3_x"": 457.5, ""sample_3_time"": 1083, ""sample_2_y"": 511, ""first_y"": 404, ""sample_2_x"": 508.5, ""sample_4_y"": 563, ""sample_1_x"": 536.5, ""sample_4_x"": 394.5, ""sample_4_time"": 1441, ""last_time"": 1441, ""sample_0_time"": 7, ""first_x"": 563.5, ""sample_3_y"": 547, ""count"": 173, ""sample_0_y"": 404, ""first_time"": 7}",Q3 (180-270<U+00B0>),Q3 (180-270<U+00B0>),TRUE,TRUE,Correct,225,0.8255305000000135,0.8255305000000135,0.8255305000000135,0.8255305000000135,TRUE
165487,21,righth,2,yes,1,"""5-10""",66,45,48.63818658,3216,1207,"{""count"": 145, ""sample_0_y"": 383, ""first_y"": 383, ""sample_1_y"": 341, ""first_x"": 582.5, ""sample_3_time"": 907, ""sample_4_x"": 727.5, ""sample_2_y"": 310, ""last_y"": 203, ""sample_1_x"": 636.5, ""last_x"": 727.5, ""sample_4_time"": 1207, ""sample_0_time"": 7, ""sample_3_x"": 712.5, ""sample_4_y"": 203, ""sample_0_x"": 582.5, ""first_time"": 7, ""sample_1_time"": 307, ""sample_2_time"": 607, ""sample_2_x"": 676.5, ""last_time"": 1207, ""sample_3_y"": 247}",Q1 (0-90<U+00B0>),Q1 (0-90<U+00B0>),TRUE,TRUE,Correct,45,3.638186580000003,3.638186580000003,3.638186580000003,3.638186580000003,TRUE
165487,21,righth,2,yes,1,"""5-10""",67,135,131.207844,2573,1726,"{""sample_1_x"": 494.5, ""sample_2_y"": 310, ""sample_1_time"": 433, ""sample_4_y"": 202, ""last_x"": 403.5, ""sample_0_y"": 383, ""sample_4_time"": 1725, ""last_y"": 202, ""sample_3_x"": 420.5, ""first_time"": 8, ""first_x"": 549.5, ""sample_0_x"": 549.5, ""sample_3_y"": 266, ""sample_2_x"": 443.5, ""first_y"": 383, ""count"": 207, ""sample_0_time"": 8, ""sample_4_x"": 403.5, ""sample_2_time"": 866, ""sample_3_time"": 1300, ""last_time"": 1725, ""sample_1_y"": 358}",Q2 (90-180<U+00B0>),Q2 (90-180<U+00B0>),TRUE,TRUE,Correct,135,3.7921560000000056,3.7921560000000056,3.7921560000000056,3.7921560000000056,TRUE
165487,21,righth,2,yes,1,"""5-10""",68,225,221.0320819,2884,1688,"{""sample_2_x"": 489.5, ""last_time"": 1688, ""sample_2_time"": 755, ""sample_4_time"": 1688, ""sample_1_x"": 537.5, ""sample_4_x"": 380.5, ""first_y"": 400, ""last_y"": 548, ""last_x"": 380.5, ""sample_3_x"": 432.5, ""first_time"": 14, ""sample_3_y"": 545, ""sample_4_y"": 548, ""sample_3_time"": 1130, ""count"": 179, ""sample_0_y"": 400, ""first_x"": 574.5, ""sample_0_time"": 14, ""sample_2_y"": 515, ""sample_1_time"": 380, ""sample_0_x"": 574.5, ""sample_1_y"": 463}",Q3 (180-270<U+00B0>),Q3 (180-270<U+00B0>),TRUE,TRUE,Correct,225,3.9679180999999915,3.9679180999999915,3.9679180999999915,3.9679180999999915,TRUE
165487,21,righth,2,yes,1,"""5-10""",69,315,315,2715,2366,"{""sample_0_x"": 574.5, ""sample_2_time"": 1183, ""first_x"": 574.5, ""sample_3_y"": 390, ""sample_4_x"": 739.5, ""sample_2_y"": 549, ""sample_4_time"": 2366, ""first_time"": 7, ""last_x"": 739.5, ""sample_3_x"": 633.5, ""sample_1_time"": 592, ""last_time"": 2366, ""sample_4_y"": 561, ""sample_0_time"": 7, ""sample_0_y"": 404, ""count"": 282, ""last_y"": 561, ""sample_2_x"": 680.5, ""sample_1_y"": 519, ""first_y"": 404, ""sample_3_time"": 1767, ""sample_1_x"": 637.5}",Q4 (270-360<U+00B0>),Q4 (270-360<U+00B0>),TRUE,TRUE,Correct,315,0,0,0,0,TRUE
165487,21,righth,2,yes,1,"""5-10""",70,135,131.207844,2566,1566,"{""first_time"": 8, ""sample_3_y"": 323, ""first_x"": 584.5, ""last_time"": 1566, ""sample_3_time"": 1191, ""sample_1_y"": 351, ""sample_4_x"": 403.5, ""count"": 183, ""first_y"": 381, ""sample_0_y"": 381, ""sample_2_x"": 699.5, ""sample_1_time"": 383, ""sample_2_y"": 317, ""sample_4_y"": 202, ""last_y"": 202, ""last_x"": 403.5, ""sample_1_x"": 666.5, ""sample_2_time"": 767, ""sample_4_time"": 1566, ""sample_3_x"": 593.5, ""sample_0_time"": 8, ""sample_0_x"": 584.5}",Q2 (90-180<U+00B0>),Q2 (90-180<U+00B0>),TRUE,TRUE,Correct,135,3.7921560000000056,3.7921560000000056,3.7921560000000056,3.7921560000000056,TRUE
165487,21,righth,2,yes,1,"""5-10""",71,225,228.9679181,2482,1242,"{""first_time"": 9, ""last_x"": 404.5, ""sample_0_x"": 564.5, ""count"": 149, ""sample_2_x"": 511.5, ""sample_4_time"": 1242, ""last_y"": 572, ""sample_3_x"": 436.5, ""sample_1_time"": 316, ""sample_0_time"": 9, ""sample_4_y"": 572, ""sample_3_y"": 565, ""sample_2_time"": 625, ""sample_0_y"": 406, ""sample_3_time"": 934, ""sample_2_y"": 524, ""last_time"": 1242, ""sample_1_y"": 474, ""first_x"": 564.5, ""first_y"": 406, ""sample_4_x"": 404.5, ""sample_1_x"": 537.5}",Q3 (180-270<U+00B0>),Q3 (180-270<U+00B0>),TRUE,TRUE,Correct,225,3.9679180999999915,3.9679180999999915,3.9679180999999915,3.9679180999999915,TRUE
165487,21,righth,2,yes,1,"""5-10""",72,135,122.7212346,3656,793,"{""sample_1_y"": 253, ""sample_2_x"": 494.5, ""count"": 95, ""last_x"": 432.5, ""first_x"": 570.5, ""sample_0_y"": 368, ""first_y"": 368, ""last_time"": 792, ""sample_0_time"": 8, ""sample_1_x"": 540.5, ""sample_4_time"": 792, ""sample_0_x"": 570.5, ""sample_2_time"": 400, ""sample_2_y"": 212, ""sample_4_y"": 180, ""sample_3_time"": 600, ""sample_3_y"": 190, ""sample_3_x"": 456.5, ""last_y"": 180, ""first_time"": 8, ""sample_1_time"": 200, ""sample_4_x"": 432.5}",Q2 (90-180<U+00B0>),Q2 (90-180<U+00B0>),TRUE,TRUE,Correct,135,12.278765399999997,12.278765399999997,12.278765399999997,12.278765399999997,TRUE
165487,21,righth,2,yes,1,"""5-10""",73,45,46.78484332,2758,1467,"{""first_y"": 372, ""last_time"": 1466, ""sample_1_y"": 327, ""sample_0_x"": 576.5, ""sample_4_x"": 736.5, ""sample_1_x"": 602.5, ""sample_4_time"": 1466, ""last_y"": 205, ""first_time"": 7, ""sample_3_x"": 686.5, ""count"": 175, ""sample_4_y"": 205, ""sample_2_y"": 280, ""sample_2_time"": 733, ""sample_2_x"": 640.5, ""sample_3_time"": 1099, ""sample_1_time"": 365, ""sample_0_y"": 372, ""sample_3_y"": 237, ""first_x"": 576.5, ""last_x"": 736.5, ""sample_0_time"": 7}",Q1 (0-90<U+00B0>),Q1 (0-90<U+00B0>),TRUE,TRUE,Correct,45,1.7848433200000002,1.7848433200000002,1.7848433200000002,1.7848433200000002,TRUE
165487,21,righth,2,yes,1,"""5-10""",74,315,227.8047553,10664,1142,"{""sample_0_time"": 9, ""sample_4_y"": 569, ""sample_4_x"": 400.5, ""sample_1_y"": 438, ""count"": 137, ""sample_2_y"": 507, ""sample_4_time"": 1142, ""sample_0_x"": 557.5, ""sample_0_y"": 404, ""sample_1_x"": 546.5, ""sample_3_y"": 546, ""first_y"": 404, ""first_x"": 557.5, ""sample_2_time"": 575, ""last_y"": 569, ""sample_1_time"": 292, ""sample_3_x"": 442.5, ""first_time"": 9, ""sample_3_time"": 859, ""sample_2_x"": 491.5, ""last_x"": 400.5, ""last_time"": 1142}",Q4 (270-360<U+00B0>),Q3 (180-270<U+00B0>),FALSE,TRUE,Formant,225,2.8047553000000107,2.8047553000000107,87.19524469999999,87.19524469999999,FALSE
165487,21,righth,2,yes,1,"""5-10""",75,45,133.5142754,3533,1225,"{""sample_2_y"": 282, ""sample_3_time"": 883, ""sample_0_y"": 381, ""sample_2_time"": 592, ""first_y"": 381, ""count"": 140, ""last_y"": 209, ""first_x"": 543.5, ""sample_1_time"": 300, ""last_x"": 396.5, ""sample_2_x"": 427.5, ""last_time"": 1224, ""first_time"": 8, ""sample_1_y"": 340, ""sample_4_y"": 209, ""sample_1_x"": 467.5, ""sample_0_time"": 8, ""sample_4_x"": 396.5, ""sample_3_y"": 224, ""sample_3_x"": 406.5, ""sample_4_time"": 1224, ""sample_0_x"": 543.5}",Q1 (0-90<U+00B0>),Q2 (90-180<U+00B0>),FALSE,TRUE,Formant,135,1.4857245999999975,1.4857245999999975,88.5142754,88.5142754,FALSE
165487,21,righth,2,yes,1,"""5-10""",76,225,224.0178828,13094,2280,"{""last_x"": 387.5, ""sample_1_y"": 481, ""sample_0_x"": 567.5, ""first_x"": 567.5, ""last_y"": 559, ""sample_2_time"": 1029, ""sample_4_y"": 559, ""sample_3_x"": 382.5, ""sample_4_x"": 387.5, ""count"": 246, ""last_time"": 2280, ""sample_3_time"": 1712, ""sample_0_time"": 8, ""sample_3_y"": 534, ""sample_1_x"": 532.5, ""sample_4_time"": 2280, ""sample_1_time"": 512, ""first_time"": 8, ""sample_2_x"": 424.5, ""sample_2_y"": 563, ""first_y"": 403, ""sample_0_y"": 403}",Q3 (180-270<U+00B0>),Q3 (180-270<U+00B0>),TRUE,TRUE,Correct,225,0.9821172000000047,0.9821172000000047,0.9821172000000047,0.9821172000000047,TRUE
165487,21,righth,2,yes,1,"""5-10""",77,135,47.47522181,2814,1450,"{""last_y"": 206, ""sample_3_y"": 269, ""first_y"": 386, ""last_time"": 1450, ""sample_3_x"": 700.5, ""last_x"": 731.5, ""sample_1_time"": 367, ""sample_2_y"": 311, ""first_time"": 9, ""sample_2_x"": 673.5, ""first_x"": 582.5, ""sample_4_time"": 1450, ""count"": 174, ""sample_4_y"": 206, ""sample_3_time"": 1092, ""sample_0_x"": 582.5, ""sample_1_y"": 363, ""sample_1_x"": 624.5, ""sample_4_x"": 731.5, ""sample_0_time"": 9, ""sample_2_time"": 734, ""sample_0_y"": 386}",Q2 (90-180<U+00B0>),Q1 (0-90<U+00B0>),FALSE,TRUE,Formant,45,2.4752218100000007,2.4752218100000007,87.52477819,87.52477819,FALSE
165487,21,righth,2,yes,1,"""5-10""",78,135,135.4953402,2740,1483,"{""sample_2_y"": 320, ""last_time"": 1483, ""sample_2_time"": 749, ""sample_0_y"": 399, ""last_y"": 215, ""sample_0_x"": 554.5, ""last_x"": 390.5, ""sample_4_y"": 215, ""sample_3_y"": 260, ""sample_4_time"": 1483, ""sample_1_time"": 375, ""sample_0_time"": 8, ""sample_2_x"": 445.5, ""first_y"": 399, ""sample_1_y"": 371, ""sample_3_x"": 411.5, ""first_x"": 554.5, ""sample_4_x"": 390.5, ""sample_3_time"": 1116, ""sample_1_x"": 493.5, ""count"": 178, ""first_time"": 8}",Q2 (90-180<U+00B0>),Q2 (90-180<U+00B0>),TRUE,TRUE,Correct,135,0.4953401999999869,0.4953401999999869,0.4953401999999869,0.4953401999999869,TRUE
165487,21,righth,2,yes,1,"""5-10""",79,135,133.8443341,2665,1042,"{""sample_3_y"": 265, ""sample_0_x"": 544.5, ""sample_4_y"": 210, ""sample_4_x"": 395.5, ""sample_1_x"": 480.5, ""sample_1_time"": 267, ""sample_2_x"": 435.5, ""first_y"": 391, ""sample_0_y"": 391, ""sample_1_y"": 353, ""sample_2_y"": 306, ""last_time"": 1042, ""sample_0_time"": 8, ""sample_3_time"": 783, ""first_x"": 544.5, ""last_y"": 210, ""count"": 125, ""first_time"": 8, ""sample_4_time"": 1042, ""sample_2_time"": 525, ""last_x"": 395.5, ""sample_3_x"": 410.5}",Q2 (90-180<U+00B0>),Q2 (90-180<U+00B0>),TRUE,TRUE,Correct,135,1.1556659000000025,1.1556659000000025,1.1556659000000025,1.1556659000000025,TRUE
165487,21,righth,2,yes,1,"""5-10""",80,135,125.3747518,3058,1250,"{""sample_1_x"": 479.5, ""last_x"": 423.5, ""sample_4_time"": 1250, ""first_x"": 545.5, ""first_time"": 8, ""sample_1_time"": 317, ""sample_0_y"": 385, ""last_y"": 187, ""sample_2_y"": 288, ""first_y"": 385, ""sample_4_x"": 423.5, ""sample_0_x"": 545.5, ""sample_4_y"": 187, ""sample_3_y"": 243, ""sample_3_x"": 440.5, ""last_time"": 1250, ""sample_1_y"": 327, ""sample_2_time"": 633, ""sample_2_x"": 455.5, ""count"": 150, ""sample_0_time"": 8, ""sample_3_time"": 942}",Q2 (90-180<U+00B0>),Q2 (90-180<U+00B0>),TRUE,TRUE,Correct,135,9.625248200000001,9.625248200000001,9.625248200000001,9.625248200000001,TRUE
165487,21,righth,2,yes,1,"""5-10""",81,45,45,2782,1526,"{""sample_2_y"": 350, ""sample_0_time"": 8, ""first_y"": 390, ""first_x"": 582.5, ""sample_3_time"": 1150, ""sample_0_y"": 390, ""sample_1_time"": 383, ""count"": 183, ""sample_4_time"": 1525, ""sample_4_x"": 739.5, ""sample_3_y"": 290, ""sample_3_x"": 703.5, ""sample_2_time"": 767, ""last_y"": 213, ""sample_4_y"": 213, ""first_time"": 8, ""sample_0_x"": 582.5, ""sample_1_y"": 383, ""last_time"": 1525, ""sample_2_x"": 659.5, ""sample_1_x"": 610.5, ""last_x"": 739.5}",Q1 (0-90<U+00B0>),Q1 (0-90<U+00B0>),TRUE,TRUE,Correct,45,0,0,0,0,TRUE
165487,21,righth,2,yes,1,"""5-10""",82,45,45.9877604,2957,1224,"{""sample_2_y"": 323, ""sample_3_y"": 273, ""sample_1_x"": 628.5, ""sample_3_time"": 925, ""count"": 147, ""sample_3_x"": 709.5, ""sample_2_time"": 616, ""last_x"": 736.5, ""sample_4_x"": 736.5, ""sample_1_y"": 358, ""last_time"": 1224, ""sample_4_y"": 210, ""first_y"": 384, ""first_x"": 582.5, ""sample_0_time"": 8, ""first_time"": 8, ""sample_2_x"": 673.5, ""sample_0_y"": 384, ""sample_0_x"": 582.5, ""sample_1_time"": 308, ""sample_4_time"": 1224, ""last_y"": 210}",Q1 (0-90<U+00B0>),Q1 (0-90<U+00B0>),TRUE,TRUE,Correct,45,0.9877603999999991,0.9877603999999991,0.9877603999999991,0.9877603999999991,TRUE
165487,21,righth,2,yes,1,"""5-10""",83,315,138.463244,3150,1041,"{""sample_0_time"": 8, ""sample_0_x"": 543.5, ""sample_1_time"": 265, ""sample_0_y"": 379, ""sample_4_y"": 224, ""sample_2_y"": 332, ""sample_3_time"": 782, ""sample_1_y"": 352, ""last_time"": 1040, ""sample_2_x"": 454.5, ""first_y"": 379, ""count"": 125, ""last_x"": 381.5, ""sample_4_x"": 381.5, ""last_y"": 224, ""sample_3_x"": 413.5, ""sample_2_time"": 525, ""sample_1_x"": 483.5, ""sample_4_time"": 1040, ""first_x"": 543.5, ""sample_3_y"": 287, ""first_time"": 8}",Q4 (270-360<U+00B0>),Q2 (90-180<U+00B0>),FALSE,FALSE,Both,135,3.463244000000003,3.463244000000003,176.536756,176.536756,FALSE
165487,21,righth,2,yes,1,"""5-10""",84,225,226.9305874,2657,2057,"{""sample_3_x"": 393.5, ""sample_2_y"": 533, ""sample_3_y"": 516, ""sample_2_time"": 1025, ""first_y"": 405, ""sample_1_time"": 516, ""sample_2_x"": 440.5, ""sample_4_x"": 393.5, ""first_time"": 8, ""sample_4_time"": 2057, ""first_x"": 564.5, ""sample_0_x"": 564.5, ""sample_3_time"": 1549, ""last_x"": 393.5, ""last_time"": 2057, ""sample_4_y"": 571, ""sample_0_y"": 405, ""sample_0_time"": 8, ""sample_1_y"": 477, ""last_y"": 571, ""count"": 245, ""sample_1_x"": 526.5}",Q3 (180-270<U+00B0>),Q3 (180-270<U+00B0>),TRUE,TRUE,Correct,225,1.9305874000000074,1.9305874000000074,1.9305874000000074,1.9305874000000074,TRUE
165487,21,righth,2,yes,1,"""5-10""",85,315,230.7927965,3432,917,"{""first_time"": 9, ""sample_0_y"": 403, ""sample_3_x"": 467.5, ""sample_3_y"": 550, ""sample_3_time"": 692, ""last_y"": 577, ""sample_2_time"": 466, ""sample_1_y"": 458, ""count"": 110, ""sample_2_x"": 513.5, ""last_time"": 916, ""sample_4_y"": 577, ""sample_4_x"": 410.5, ""sample_0_x"": 558.5, ""sample_0_time"": 9, ""first_y"": 403, ""sample_1_time"": 234, ""last_x"": 410.5, ""sample_2_y"": 510, ""sample_1_x"": 543.5, ""sample_4_time"": 916, ""first_x"": 558.5}",Q4 (270-360<U+00B0>),Q3 (180-270<U+00B0>),FALSE,TRUE,Formant,225,5.792796500000009,5.792796500000009,84.20720349999999,84.20720349999999,FALSE
165487,21,righth,2,yes,1,"""5-10""",86,45,121.3633022,3158,1142,"{""first_y"": 372, ""sample_3_time"": 891, ""sample_0_time"": 8, ""sample_3_y"": 217, ""sample_4_x"": 437.5, ""sample_1_y"": 279, ""sample_0_y"": 372, ""count"": 122, ""last_x"": 437.5, ""sample_2_y"": 246, ""sample_1_time"": 258, ""sample_4_y"": 177, ""sample_1_x"": 599.5, ""first_time"": 8, ""sample_3_x"": 529.5, ""sample_2_time"": 516, ""sample_0_x"": 572.5, ""first_x"": 572.5, ""last_time"": 1141, ""sample_2_x"": 617.5, ""last_y"": 177, ""sample_4_time"": 1141}",Q1 (0-90<U+00B0>),Q2 (90-180<U+00B0>),FALSE,TRUE,Formant,135,13.636697799999993,13.636697799999993,76.3633022,76.3633022,FALSE
165487,21,righth,2,yes,1,"""5-10""",87,135,135.4953402,3516,2117,"{""sample_3_x"": 419.5, ""last_time"": 2117, ""count"": 251, ""sample_3_time"": 1600, ""sample_1_x"": 644.5, ""sample_2_time"": 1075, ""first_time"": 7, ""sample_0_time"": 7, ""sample_1_time"": 525, ""sample_3_y"": 288, ""sample_4_x"": 390.5, ""sample_2_y"": 376, ""sample_2_x"": 637.5, ""sample_0_x"": 580.5, ""last_y"": 215, ""sample_4_y"": 215, ""first_y"": 393, ""sample_1_y"": 376, ""last_x"": 390.5, ""sample_4_time"": 2117, ""sample_0_y"": 393, ""first_x"": 580.5}",Q2 (90-180<U+00B0>),Q2 (90-180<U+00B0>),TRUE,TRUE,Correct,135,0.4953401999999869,0.4953401999999869,0.4953401999999869,0.4953401999999869,TRUE
165487,21,righth,2,yes,1,"""5-10""",88,225,230.7927965,2533,1317,"{""sample_2_y"": 497, ""count"": 158, ""first_time"": 8, ""first_x"": 566.5, ""sample_2_x"": 530.5, ""last_y"": 577, ""sample_3_time"": 991, ""first_y"": 405, ""sample_3_x"": 472.5, ""sample_1_time"": 333, ""sample_0_time"": 8, ""last_x"": 410.5, ""sample_2_time"": 666, ""sample_0_x"": 566.5, ""sample_3_y"": 552, ""last_time"": 1316, ""sample_1_y"": 457, ""sample_0_y"": 405, ""sample_1_x"": 552.5, ""sample_4_x"": 410.5, ""sample_4_y"": 577, ""sample_4_time"": 1316}",Q3 (180-270<U+00B0>),Q3 (180-270<U+00B0>),TRUE,TRUE,Correct,225,5.792796500000009,5.792796500000009,5.792796500000009,5.792796500000009,TRUE
165487,21,righth,2,yes,1,"""5-10""",89,315,317.8047553,3116,1326,"{""sample_3_x"": 716.5, ""sample_2_x"": 674.5, ""sample_2_y"": 481, ""last_time"": 1325, ""sample_3_time"": 1000, ""sample_1_time"": 333, ""sample_2_time"": 667, ""sample_0_x"": 577.5, ""last_x"": 747.5, ""sample_4_y"": 552, ""last_y"": 552, ""sample_1_x"": 629.5, ""sample_3_y"": 521, ""count"": 159, ""sample_0_time"": 9, ""sample_1_y"": 448, ""sample_0_y"": 397, ""sample_4_time"": 1325, ""sample_4_x"": 747.5, ""first_x"": 577.5, ""first_time"": 9, ""first_y"": 397}",Q4 (270-360<U+00B0>),Q4 (270-360<U+00B0>),TRUE,TRUE,Correct,315,2.8047553000000107,2.8047553000000107,2.8047553000000107,2.8047553000000107,TRUE
165487,21,righth,2,yes,1,"""5-10""",90,45,43.84433411,2622,1134,"{""sample_4_time"": 1134, ""count"": 136, ""last_time"": 1134, ""first_y"": 372, ""last_x"": 742.5, ""sample_2_time"": 576, ""sample_0_x"": 575.5, ""first_x"": 575.5, ""sample_0_time"": 8, ""sample_0_y"": 372, ""last_y"": 217, ""sample_4_y"": 217, ""sample_2_y"": 274, ""sample_1_x"": 630.5, ""sample_3_time"": 859, ""sample_2_x"": 680.5, ""sample_1_time"": 292, ""sample_4_x"": 742.5, ""first_time"": 8, ""sample_1_y"": 322, ""sample_3_x"": 711.5, ""sample_3_y"": 241}",Q1 (0-90<U+00B0>),Q1 (0-90<U+00B0>),TRUE,TRUE,Correct,45,1.1556658900000016,1.1556658900000016,1.1556658900000016,1.1556658900000016,TRUE
165487,21,righth,2,yes,1,"""5-10""",91,135,136.1556659,2590,1459,"{""sample_4_time"": 1459, ""sample_0_x"": 549.5, ""count"": 175, ""last_y"": 217, ""sample_1_y"": 328, ""sample_3_x"": 428.5, ""sample_1_time"": 367, ""sample_0_time"": 9, ""sample_1_x"": 499.5, ""last_x"": 388.5, ""sample_2_x"": 461.5, ""first_time"": 9, ""sample_0_y"": 380, ""last_time"": 1459, ""sample_3_y"": 265, ""first_x"": 549.5, ""sample_2_y"": 295, ""sample_4_y"": 217, ""sample_3_time"": 1100, ""sample_2_time"": 734, ""first_y"": 380, ""sample_4_x"": 388.5}",Q2 (90-180<U+00B0>),Q2 (90-180<U+00B0>),TRUE,TRUE,Correct,135,1.1556659000000025,1.1556659000000025,1.1556659000000025,1.1556659000000025,TRUE
165487,21,righth,2,yes,1,"""5-10""",92,315,315.1651171,3198,1116,"{""sample_3_y"": 534, ""sample_3_time"": 840, ""sample_0_y"": 403, ""sample_1_y"": 470, ""sample_4_time"": 1116, ""last_x"": 739.5, ""sample_1_x"": 647.5, ""sample_1_time"": 282, ""sample_4_y"": 560, ""sample_0_x"": 573.5, ""sample_4_x"": 739.5, ""sample_2_y"": 502, ""count"": 134, ""first_time"": 7, ""first_x"": 573.5, ""first_y"": 403, ""sample_2_time"": 565, ""sample_0_time"": 7, ""sample_3_x"": 712.5, ""last_time"": 1116, ""last_y"": 560, ""sample_2_x"": 677.5}",Q4 (270-360<U+00B0>),Q4 (270-360<U+00B0>),TRUE,TRUE,Correct,315,0.16511709999997493,0.16511709999997493,0.16511709999997493,0.16511709999997493,TRUE
165487,21,righth,2,yes,1,"""5-10""",93,135,131.3618134,2874,1384,"{""last_y"": 203, ""sample_1_y"": 301, ""sample_2_y"": 272, ""sample_4_y"": 203, ""first_y"": 377, ""sample_2_time"": 700, ""sample_3_x"": 429.5, ""sample_0_time"": 8, ""sample_4_time"": 1383, ""sample_1_time"": 350, ""sample_2_x"": 454.5, ""sample_3_time"": 1042, ""first_x"": 549.5, ""sample_0_x"": 549.5, ""last_time"": 1383, ""first_time"": 8, ""last_x"": 403.5, ""sample_3_y"": 244, ""sample_0_y"": 377, ""count"": 166, ""sample_1_x"": 482.5, ""sample_4_x"": 403.5}",Q2 (90-180<U+00B0>),Q2 (90-180<U+00B0>),TRUE,TRUE,Correct,135,3.6381866000000116,3.6381866000000116,3.6381866000000116,3.6381866000000116,TRUE
165487,21,righth,2,yes,1,"""5-10""",94,225,229.7773063,2700,1708,"{""sample_0_x"": 554.5, ""first_y"": 401, ""sample_3_x"": 429.5, ""count"": 202, ""sample_1_time"": 424, ""sample_0_time"": 8, ""first_time"": 8, ""sample_1_y"": 466, ""sample_1_x"": 487.5, ""sample_2_y"": 517, ""sample_2_time"": 848, ""sample_4_x"": 406.5, ""sample_4_time"": 1707, ""last_x"": 406.5, ""sample_0_y"": 401, ""first_x"": 554.5, ""sample_3_time"": 1291, ""sample_3_y"": 537, ""last_time"": 1707, ""sample_2_x"": 440.5, ""sample_4_y"": 575, ""last_y"": 575}",Q3 (180-270<U+00B0>),Q3 (180-270<U+00B0>),TRUE,TRUE,Correct,225,4.777306299999992,4.777306299999992,4.777306299999992,4.777306299999992,TRUE
165487,21,righth,2,yes,1,"""5-10""",95,45,45.82553047,3782,833,"{""sample_1_y"": 329, ""count"": 100, ""first_time"": 8, ""last_time"": 833, ""sample_0_time"": 8, ""sample_2_time"": 425, ""sample_3_y"": 228, ""sample_3_x"": 714.5, ""first_y"": 373, ""sample_0_x"": 579.5, ""sample_3_time"": 633, ""last_y"": 211, ""sample_4_time"": 833, ""first_x"": 579.5, ""sample_2_y"": 265, ""sample_1_x"": 617.5, ""last_x"": 736.5, ""sample_2_x"": 673.5, ""sample_4_y"": 211, ""sample_0_y"": 373, ""sample_4_x"": 736.5, ""sample_1_time"": 216}",Q1 (0-90<U+00B0>),Q1 (0-90<U+00B0>),TRUE,TRUE,Correct,45,0.8255304699999968,0.8255304699999968,0.8255304699999968,0.8255304699999968,TRUE
165487,21,righth,2,yes,1,"""5-10""",96,135,130.7026133,2690,1850,"{""sample_2_x"": 467.5, ""sample_3_time"": 1392, ""sample_2_y"": 283, ""sample_4_x"": 405.5, ""sample_0_y"": 381, ""sample_3_y"": 239, ""sample_2_time"": 934, ""sample_1_x"": 506.5, ""sample_4_y"": 201, ""sample_0_time"": 9, ""first_x"": 549.5, ""sample_0_x"": 549.5, ""sample_1_y"": 333, ""last_y"": 201, ""last_time"": 1850, ""first_time"": 9, ""sample_3_x"": 435.5, ""last_x"": 405.5, ""sample_4_time"": 1850, ""count"": 222, ""sample_1_time"": 467, ""first_y"": 381}",Q2 (90-180<U+00B0>),Q2 (90-180<U+00B0>),TRUE,TRUE,Correct,135,4.297386700000004,4.297386700000004,4.297386700000004,4.297386700000004,TRUE
165487,21,righth,2,yes,1,"""5-10""",97,135,128.7325186,2774,1325,"{""first_time"": 7, ""first_x"": 554.5, ""sample_4_time"": 1325, ""count"": 159, ""sample_1_time"": 332, ""sample_2_time"": 666, ""sample_0_y"": 371, ""sample_0_x"": 554.5, ""sample_1_x"": 519.5, ""sample_3_time"": 999, ""last_y"": 195, ""sample_4_y"": 195, ""last_time"": 1325, ""sample_1_y"": 332, ""sample_2_y"": 266, ""first_y"": 371, ""sample_3_x"": 438.5, ""last_x"": 411.5, ""sample_4_x"": 411.5, ""sample_2_x"": 470.5, ""sample_3_y"": 226, ""sample_0_time"": 7}",Q2 (90-180<U+00B0>),Q2 (90-180<U+00B0>),TRUE,TRUE,Correct,135,6.267481400000008,6.267481400000008,6.267481400000008,6.267481400000008,TRUE
165487,21,righth,2,yes,1,"""5-10""",98,225,221.8658967,2481,1093,"{""last_time"": 1092, ""sample_1_x"": 491.5, ""sample_2_y"": 500, ""sample_2_x"": 453.5, ""last_x"": 382.5, ""sample_0_time"": 9, ""sample_3_y"": 511, ""sample_1_y"": 463, ""sample_0_y"": 407, ""sample_4_y"": 551, ""sample_3_x"": 434.5, ""sample_4_time"": 1092, ""first_y"": 407, ""sample_1_time"": 276, ""first_time"": 9, ""last_y"": 551, ""sample_3_time"": 826, ""sample_2_time"": 551, ""sample_0_x"": 553.5, ""count"": 131, ""sample_4_x"": 382.5, ""first_x"": 553.5}",Q3 (180-270<U+00B0>),Q3 (180-270<U+00B0>),TRUE,TRUE,Correct,225,3.1341032999999925,3.1341032999999925,3.1341032999999925,3.1341032999999925,TRUE
165487,21,righth,2,yes,1,"""5-10""",99,45,45.16511706,4172,909,"{""first_x"": 583.5, ""sample_1_time"": 234, ""sample_3_x"": 697.5, ""sample_2_time"": 459, ""last_y"": 213, ""first_y"": 367, ""sample_1_x"": 660.5, ""sample_0_y"": 367, ""sample_2_x"": 671.5, ""sample_3_y"": 256, ""sample_1_y"": 291, ""sample_4_time"": 909, ""sample_4_y"": 213, ""sample_0_time"": 9, ""last_time"": 909, ""count"": 109, ""first_time"": 9, ""last_x"": 738.5, ""sample_4_x"": 738.5, ""sample_2_y"": 281, ""sample_0_x"": 583.5, ""sample_3_time"": 684}",Q1 (0-90<U+00B0>),Q1 (0-90<U+00B0>),TRUE,TRUE,Correct,45,0.16511706000000004,0.16511706000000004,0.16511706000000004,0.16511706000000004,TRUE
165487,21,righth,2,yes,1,"""5-10""",100,225,228.792156,2591,1191,"{""count"": 143, ""sample_0_x"": 559.5, ""sample_2_time"": 599, ""sample_4_time"": 1191, ""sample_4_x"": 403.5, ""sample_3_x"": 461.5, ""first_time"": 7, ""sample_3_time"": 899, ""first_x"": 559.5, ""sample_1_x"": 540.5, ""sample_2_x"": 499.5, ""sample_3_y"": 530, ""last_time"": 1191, ""first_y"": 402, ""sample_1_y"": 435, ""sample_2_y"": 488, ""sample_0_time"": 7, ""last_x"": 403.5, ""sample_0_y"": 402, ""sample_4_y"": 572, ""last_y"": 572, ""sample_1_time"": 298}",Q3 (180-270<U+00B0>),Q3 (180-270<U+00B0>),TRUE,TRUE,Correct,225,3.7921560000000056,3.7921560000000056,3.7921560000000056,3.7921560000000056,TRUE
165667,18,righth,2,yes,0,"""1-5""",21,315,226.1288348,2881,5651,"{""first_y"": 446, ""first_x"": 701, ""sample_1_y"": 380, ""sample_0_y"": 446, ""sample_2_x"": 763, ""sample_0_time"": 18, ""sample_4_x"": 521, ""sample_3_x"": 876, ""last_time"": 5651, ""sample_3_y"": 316, ""first_time"": 18, ""sample_2_y"": 485, ""sample_1_x"": 642, ""last_y"": 657, ""last_x"": 521, ""sample_1_time"": 1501, ""sample_4_y"": 657, ""sample_3_time"": 4434, ""count"": 285, ""sample_0_x"": 701, ""sample_2_time"": 2884, ""sample_4_time"": 5651}",Q4 (270-360<U+00B0>),Q3 (180-270<U+00B0>),FALSE,TRUE,Formant,225,1.1288347999999928,1.1288347999999928,88.87116520000001,88.87116520000001,FALSE
165667,18,righth,2,yes,0,"""1-5""",22,45,221.6169942,331,1350,"{""first_time"": 17, ""sample_2_y"": 512, ""count"": 81, ""first_y"": 447, ""sample_0_y"": 447, ""last_x"": 505, ""sample_4_time"": 1350, ""sample_0_x"": 697, ""sample_1_time"": 350, ""sample_2_time"": 684, ""sample_0_time"": 17, ""sample_1_y"": 459, ""last_time"": 1350, ""last_y"": 641, ""sample_4_y"": 641, ""sample_3_y"": 585, ""sample_1_x"": 664, ""sample_2_x"": 629, ""sample_3_time"": 1017, ""first_x"": 697, ""sample_3_x"": 581, ""sample_4_x"": 505}",Q1 (0-90<U+00B0>),Q3 (180-270<U+00B0>),FALSE,FALSE,Both,225,3.3830058000000065,3.3830058000000065,176.6169942,176.6169942,FALSE
165667,18,righth,2,yes,0,"""1-5""",23,135,128.8794515,2783,2866,"{""first_y"": 460, ""last_y"": 228, ""sample_4_y"": 228, ""count"": 149, ""sample_2_time"": 1632, ""sample_4_time"": 2866, ""sample_0_x"": 702, ""sample_3_time"": 2249, ""sample_1_x"": 729, ""sample_4_x"": 541, ""sample_0_time"": 16, ""sample_3_x"": 598, ""last_time"": 2866, ""first_time"": 16, ""sample_2_x"": 682, ""sample_2_y"": 377, ""first_x"": 702, ""last_x"": 541, ""sample_1_time"": 733, ""sample_3_y"": 271, ""sample_1_y"": 464, ""sample_0_y"": 460}",Q2 (90-180<U+00B0>),Q2 (90-180<U+00B0>),TRUE,TRUE,Correct,135,6.120548500000012,6.120548500000012,6.120548500000012,6.120548500000012,TRUE
165667,18,righth,2,yes,0,"""1-5""",24,135,134.2926806,2799,1434,"{""last_x"": 520, ""sample_1_y"": 401, ""sample_1_time"": 367, ""sample_0_y"": 438, ""sample_1_x"": 672, ""sample_2_time"": 733, ""sample_4_y"": 245, ""first_y"": 438, ""sample_4_x"": 520, ""count"": 86, ""first_x"": 707, ""sample_0_time"": 17, ""sample_2_y"": 339, ""first_time"": 17, ""sample_3_time"": 1083, ""sample_4_time"": 1433, ""sample_3_x"": 553, ""sample_3_y"": 280, ""last_y"": 245, ""sample_2_x"": 610, ""sample_0_x"": 707, ""last_time"": 1433}",Q2 (90-180<U+00B0>),Q2 (90-180<U+00B0>),TRUE,TRUE,Correct,135,0.7073193999999887,0.7073193999999887,0.7073193999999887,0.7073193999999887,TRUE
165667,18,righth,2,yes,0,"""1-5""",25,135,135.2836402,2515,1300,"{""sample_1_time"": 333, ""sample_0_x"": 713, ""first_x"": 713, ""sample_4_time"": 1300, ""count"": 78, ""last_y"": 249, ""sample_3_y"": 313, ""sample_3_time"": 983, ""sample_1_y"": 406, ""sample_0_y"": 433, ""sample_2_time"": 666, ""sample_0_time"": 16, ""sample_3_x"": 589, ""last_time"": 1300, ""first_time"": 16, ""sample_4_y"": 249, ""sample_1_x"": 690, ""sample_2_x"": 641, ""sample_2_y"": 362, ""last_x"": 517, ""first_y"": 433, ""sample_4_x"": 517}",Q2 (90-180<U+00B0>),Q2 (90-180<U+00B0>),TRUE,TRUE,Correct,135,0.2836402000000078,0.2836402000000078,0.2836402000000078,0.2836402000000078,TRUE
165667,18,righth,2,yes,0,"""1-5""",26,135,135.5589655,2315,2416,"{""sample_3_y"": 267, ""sample_0_x"": 709, ""sample_4_time"": 2416, ""sample_1_x"": 648, ""sample_2_x"": 560, ""sample_0_y"": 427, ""last_y"": 247, ""sample_4_y"": 247, ""last_time"": 2416, ""sample_2_y"": 299, ""count"": 119, ""first_time"": 16, ""sample_4_x"": 513, ""sample_2_time"": 1000, ""sample_1_y"": 370, ""sample_3_time"": 1500, ""first_y"": 427, ""sample_0_time"": 16, ""first_x"": 709, ""sample_3_x"": 527, ""sample_1_time"": 500, ""last_x"": 513}",Q2 (90-180<U+00B0>),Q2 (90-180<U+00B0>),TRUE,TRUE,Correct,135,0.5589654999999993,0.5589654999999993,0.5589654999999993,0.5589654999999993,TRUE
165667,18,righth,2,yes,0,"""1-5""",27,315,224.7177571,3149,1799,"{""first_y"": 462, ""sample_2_y"": 525, ""sample_3_x"": 576, ""first_time"": 16, ""sample_1_y"": 480, ""sample_3_y"": 592, ""last_time"": 1799, ""sample_4_y"": 652, ""count"": 108, ""sample_4_time"": 1799, ""sample_2_time"": 915, ""sample_4_x"": 516, ""sample_1_time"": 466, ""sample_3_time"": 1366, ""sample_2_x"": 627, ""sample_0_time"": 16, ""sample_1_x"": 684, ""sample_0_y"": 462, ""last_y"": 652, ""first_x"": 706, ""last_x"": 516, ""sample_0_x"": 706}",Q4 (270-360<U+00B0>),Q3 (180-270<U+00B0>),FALSE,TRUE,Formant,225,0.28224289999999996,0.28224289999999996,90.2822429,90.2822429,FALSE
165667,18,righth,2,yes,0,"""1-5""",28,225,308.7536844,2433,2633,"{""sample_4_time"": 2633, ""last_y"": 673, ""first_x"": 738, ""count"": 112, ""sample_3_y"": 643, ""sample_0_time"": 16, ""sample_3_time"": 1616, ""sample_2_time"": 1133, ""sample_2_x"": 841, ""sample_0_y"": 466, ""sample_4_y"": 673, ""first_y"": 466, ""sample_4_x"": 899, ""sample_1_time"": 650, ""last_x"": 899, ""first_time"": 16, ""sample_2_y"": 588, ""sample_0_x"": 738, ""sample_3_x"": 878, ""last_time"": 2633, ""sample_1_x"": 779, ""sample_1_y"": 520}",Q3 (180-270<U+00B0>),Q4 (270-360<U+00B0>),FALSE,TRUE,Formant,315,6.246315600000003,6.246315600000003,83.7536844,83.7536844,FALSE
165667,18,righth,2,yes,0,"""1-5""",29,225,221.0353453,2231,1783,"{""sample_2_time"": 900, ""first_time"": 16, ""sample_0_y"": 469, ""sample_1_time"": 450, ""sample_3_x"": 552, ""sample_4_x"": 504, ""sample_4_y"": 638, ""sample_0_time"": 16, ""sample_1_x"": 636, ""last_x"": 504, ""sample_0_x"": 698, ""sample_2_x"": 601, ""last_time"": 1783, ""last_y"": 638, ""sample_2_y"": 555, ""first_x"": 698, ""sample_4_time"": 1783, ""sample_3_y"": 593, ""first_y"": 469, ""sample_1_y"": 521, ""sample_3_time"": 1350, ""count"": 107}",Q3 (180-270<U+00B0>),Q3 (180-270<U+00B0>),TRUE,TRUE,Correct,225,3.964654700000011,3.964654700000011,3.964654700000011,3.964654700000011,TRUE
165667,18,righth,2,yes,0,"""1-5""",30,135,135.1414708,2215,1167,"{""first_x"": 703, ""sample_0_y"": 422, ""sample_2_time"": 600, ""sample_1_time"": 300, ""sample_1_y"": 370, ""count"": 70, ""sample_3_time"": 883, ""last_y"": 248, ""sample_0_time"": 17, ""sample_3_x"": 566, ""sample_2_y"": 326, ""sample_2_x"": 607, ""first_time"": 17, ""first_y"": 422, ""sample_4_y"": 248, ""sample_1_x"": 659, ""sample_4_time"": 1167, ""sample_0_x"": 703, ""sample_4_x"": 517, ""last_x"": 517, ""last_time"": 1167, ""sample_3_y"": 296}",Q2 (90-180<U+00B0>),Q2 (90-180<U+00B0>),TRUE,TRUE,Correct,135,0.14147080000000756,0.14147080000000756,0.14147080000000756,0.14147080000000756,TRUE
165667,18,righth,2,yes,0,"""1-5""",31,225,223.7206543,2398,1617,"{""sample_0_time"": 17, ""last_x"": 514, ""sample_2_y"": 537, ""sample_1_x"": 665, ""first_time"": 17, ""last_time"": 1617, ""last_y"": 647, ""sample_0_x"": 706, ""sample_4_y"": 647, ""count"": 97, ""sample_1_y"": 499, ""sample_0_y"": 464, ""sample_2_time"": 817, ""sample_3_y"": 608, ""first_y"": 464, ""sample_4_time"": 1617, ""sample_3_x"": 544, ""sample_4_x"": 514, ""sample_3_time"": 1217, ""sample_1_time"": 417, ""sample_2_x"": 618, ""first_x"": 706}",Q3 (180-270<U+00B0>),Q3 (180-270<U+00B0>),TRUE,TRUE,Correct,225,1.2793456999999933,1.2793456999999933,1.2793456999999933,1.2793456999999933,TRUE
165667,18,righth,2,yes,0,"""1-5""",32,45,135.5672664,2348,1617,"{""sample_2_time"": 817, ""first_y"": 428, ""sample_3_y"": 284, ""sample_0_y"": 428, ""sample_1_y"": 389, ""count"": 97, ""sample_2_x"": 624, ""sample_4_time"": 1617, ""sample_1_time"": 417, ""sample_2_y"": 341, ""last_y"": 250, ""last_x"": 516, ""sample_4_x"": 516, ""sample_3_time"": 1217, ""sample_4_y"": 250, ""first_time"": 17, ""first_x"": 704, ""sample_3_x"": 551, ""sample_1_x"": 670, ""sample_0_x"": 704, ""last_time"": 1617, ""sample_0_time"": 17}",Q1 (0-90<U+00B0>),Q2 (90-180<U+00B0>),FALSE,TRUE,Formant,135,0.5672663999999941,0.5672663999999941,90.5672664,90.5672664,FALSE
165667,18,righth,2,yes,0,"""1-5""",33,315,311.733561,2482,1882,"{""first_x"": 734, ""sample_4_time"": 1882, ""last_time"": 1882, ""sample_2_y"": 552, ""sample_2_x"": 815, ""sample_1_time"": 483, ""count"": 113, ""last_x"": 910, ""sample_4_y"": 663, ""sample_1_x"": 758, ""sample_0_y"": 462, ""first_time"": 16, ""sample_0_x"": 734, ""last_y"": 663, ""sample_1_y"": 489, ""sample_0_time"": 16, ""sample_3_time"": 1416, ""first_y"": 462, ""sample_3_x"": 864, ""sample_4_x"": 910, ""sample_2_time"": 950, ""sample_3_y"": 607}",Q4 (270-360<U+00B0>),Q4 (270-360<U+00B0>),TRUE,TRUE,Correct,315,3.266438999999991,3.266438999999991,3.266438999999991,3.266438999999991,TRUE
165667,18,righth,2,yes,0,"""1-5""",34,225,222.165889,3231,1566,"{""sample_1_time"": 400, ""last_time"": 1566, ""sample_0_time"": 16, ""sample_2_y"": 544, ""count"": 94, ""sample_1_y"": 508, ""sample_2_x"": 593, ""sample_0_x"": 698, ""first_y"": 464, ""last_x"": 508, ""sample_2_time"": 800, ""sample_3_x"": 527, ""sample_1_x"": 637, ""sample_4_y"": 642, ""first_time"": 16, ""sample_4_x"": 508, ""sample_3_y"": 604, ""first_x"": 698, ""sample_0_y"": 464, ""sample_3_time"": 1183, ""sample_4_time"": 1566, ""last_y"": 642}",Q3 (180-270<U+00B0>),Q3 (180-270<U+00B0>),TRUE,TRUE,Correct,225,2.834111000000007,2.834111000000007,2.834111000000007,2.834111000000007,TRUE
165667,18,righth,2,yes,0,"""1-5""",35,45,136.8384925,2365,1417,"{""sample_2_y"": 359, ""sample_4_time"": 1417, ""sample_0_y"": 444, ""sample_2_time"": 716, ""sample_4_x"": 511, ""last_x"": 511, ""sample_0_x"": 699, ""sample_3_time"": 1066, ""first_time"": 19, ""sample_3_x"": 578, ""sample_3_y"": 320, ""sample_1_y"": 405, ""sample_1_time"": 366, ""last_time"": 1417, ""first_x"": 699, ""sample_2_x"": 628, ""last_y"": 254, ""count"": 85, ""sample_4_y"": 254, ""first_y"": 444, ""sample_0_time"": 19, ""sample_1_x"": 668}",Q1 (0-90<U+00B0>),Q2 (90-180<U+00B0>),FALSE,TRUE,Formant,135,1.838492500000001,1.838492500000001,91.8384925,91.8384925,FALSE
165667,18,righth,2,yes,0,"""1-5""",36,135,142.1686315,2782,2699,"{""count"": 141, ""last_time"": 2699, ""sample_4_y"": 238, ""sample_2_time"": 1183, ""sample_1_y"": 391, ""sample_1_time"": 600, ""first_time"": 16, ""sample_1_x"": 664, ""sample_3_x"": 526, ""sample_3_y"": 267, ""sample_4_time"": 2699, ""sample_0_time"": 16, ""sample_0_x"": 706, ""first_y"": 435, ""sample_2_x"": 572, ""sample_4_x"": 447, ""sample_3_time"": 1766, ""last_x"": 447, ""first_x"": 706, ""sample_0_y"": 435, ""sample_2_y"": 317, ""last_y"": 238}",Q2 (90-180<U+00B0>),Q2 (90-180<U+00B0>),TRUE,TRUE,Correct,135,7.168631500000004,7.168631500000004,7.168631500000004,7.168631500000004,TRUE
165667,18,righth,2,yes,0,"""1-5""",37,315,223.4442008,2317,1399,"{""sample_4_x"": 512, ""sample_0_y"": 463, ""sample_1_x"": 680, ""sample_3_x"": 544, ""sample_4_time"": 1399, ""sample_3_y"": 609, ""sample_4_y"": 647, ""sample_0_x"": 705, ""sample_2_x"": 616, ""first_x"": 705, ""last_time"": 1399, ""last_y"": 647, ""sample_0_time"": 15, ""count"": 84, ""last_x"": 512, ""first_time"": 15, ""sample_3_time"": 1065, ""sample_1_y"": 485, ""sample_1_time"": 365, ""sample_2_time"": 716, ""sample_2_y"": 542, ""first_y"": 463}",Q4 (270-360<U+00B0>),Q3 (180-270<U+00B0>),FALSE,TRUE,Formant,225,1.5557991999999956,1.5557991999999956,91.5557992,91.5557992,FALSE
165667,18,righth,2,yes,0,"""1-5""",38,315,225.8508649,2281,1934,"{""sample_3_y"": 616, ""sample_0_y"": 469, ""sample_3_x"": 554, ""sample_4_y"": 655, ""count"": 116, ""sample_1_x"": 651, ""sample_2_time"": 983, ""sample_0_time"": 17, ""sample_4_x"": 521, ""sample_1_time"": 499, ""sample_2_x"": 594, ""sample_3_time"": 1467, ""last_x"": 521, ""first_time"": 17, ""first_x"": 710, ""sample_4_time"": 1934, ""sample_0_x"": 710, ""last_time"": 1934, ""first_y"": 469, ""last_y"": 655, ""sample_2_y"": 578, ""sample_1_y"": 525}",Q4 (270-360<U+00B0>),Q3 (180-270<U+00B0>),FALSE,TRUE,Formant,225,0.8508649000000048,0.8508649000000048,89.1491351,89.1491351,FALSE
165667,18,righth,2,yes,0,"""1-5""",39,135,133.5820772,2782,2433,"{""sample_2_y"": 351, ""sample_1_x"": 677, ""first_y"": 433, ""count"": 109, ""last_time"": 2433, ""sample_1_y"": 395, ""sample_4_time"": 2433, ""sample_2_x"": 629, ""sample_4_y"": 243, ""sample_3_x"": 550, ""sample_0_time"": 17, ""sample_0_x"": 710, ""sample_1_time"": 466, ""last_y"": 243, ""sample_4_x"": 523, ""sample_0_y"": 433, ""first_x"": 710, ""sample_3_time"": 1367, ""sample_2_time"": 917, ""first_time"": 17, ""sample_3_y"": 271, ""last_x"": 523}",Q2 (90-180<U+00B0>),Q2 (90-180<U+00B0>),TRUE,TRUE,Correct,135,1.4179228000000137,1.4179228000000137,1.4179228000000137,1.4179228000000137,TRUE
165667,18,righth,2,yes,0,"""1-5""",40,45,47.69929106,2265,1551,"{""sample_4_time"": 1550, ""sample_3_y"": 288, ""sample_1_time"": 400, ""sample_2_y"": 355, ""sample_3_x"": 872, ""sample_0_time"": 17, ""sample_1_y"": 413, ""sample_0_y"": 434, ""last_y"": 239, ""sample_4_y"": 239, ""first_y"": 434, ""sample_3_time"": 1167, ""last_time"": 1550, ""sample_2_x"": 814, ""sample_2_time"": 784, ""sample_4_x"": 912, ""count"": 93, ""sample_1_x"": 756, ""sample_0_x"": 733, ""last_x"": 912, ""first_time"": 17, ""first_x"": 733}",Q1 (0-90<U+00B0>),Q1 (0-90<U+00B0>),TRUE,TRUE,Correct,45,2.69929106,2.69929106,2.69929106,2.69929106,TRUE
165667,18,righth,2,yes,0,"""1-5""",41,315,225.1414708,2615,2434,"{""sample_4_y"": 653, ""sample_4_x"": 518, ""first_x"": 704, ""sample_1_y"": 491, ""sample_3_x"": 559, ""sample_2_x"": 627, ""last_time"": 2433, ""sample_1_x"": 676, ""sample_0_y"": 460, ""first_time"": 17, ""sample_3_y"": 612, ""sample_0_time"": 17, ""last_x"": 518, ""sample_2_time"": 950, ""sample_4_time"": 2433, ""last_y"": 653, ""sample_2_y"": 542, ""sample_0_x"": 704, ""first_y"": 460, ""sample_3_time"": 1417, ""sample_1_time"": 484, ""count"": 113}",Q4 (270-360<U+00B0>),Q3 (180-270<U+00B0>),FALSE,TRUE,Formant,225,0.14147080000000756,0.14147080000000756,89.85852919999999,89.85852919999999,FALSE
165667,18,righth,2,yes,0,"""1-5""",42,45,140.4147021,2331,2900,"{""sample_2_time"": 1233, ""sample_4_y"": 259, ""sample_0_y"": 439, ""last_time"": 2900, ""sample_3_y"": 255, ""sample_1_x"": 662, ""first_x"": 704, ""sample_3_time"": 2246, ""first_time"": 17, ""sample_3_x"": 538, ""sample_1_time"": 617, ""first_y"": 439, ""sample_2_x"": 602, ""sample_4_time"": 2900, ""sample_4_x"": 489, ""sample_1_y"": 397, ""count"": 147, ""last_x"": 489, ""sample_2_y"": 335, ""sample_0_time"": 17, ""sample_0_x"": 704, ""last_y"": 259}",Q1 (0-90<U+00B0>),Q2 (90-180<U+00B0>),FALSE,TRUE,Formant,135,5.4147020999999995,5.4147020999999995,95.4147021,95.4147021,FALSE
165667,18,righth,2,yes,0,"""1-5""",43,45,49.52882424,3431,1583,"{""sample_3_y"": 278, ""sample_1_time"": 400, ""sample_2_time"": 800, ""first_x"": 738, ""sample_2_y"": 374, ""first_time"": 17, ""sample_1_y"": 422, ""last_x"": 906, ""sample_0_x"": 738, ""count"": 95, ""last_time"": 1583, ""sample_0_y"": 443, ""sample_1_x"": 760, ""last_y"": 232, ""sample_2_x"": 798, ""first_y"": 443, ""sample_4_y"": 232, ""sample_3_x"": 862, ""sample_0_time"": 17, ""sample_3_time"": 1200, ""sample_4_x"": 906, ""sample_4_time"": 1583}",Q1 (0-90<U+00B0>),Q1 (0-90<U+00B0>),TRUE,TRUE,Correct,45,4.528824239999999,4.528824239999999,4.528824239999999,4.528824239999999,TRUE
165667,18,righth,2,yes,0,"""1-5""",44,315,309.6266023,3598,3951,"{""sample_2_y"": 596, ""sample_3_y"": 658, ""sample_3_x"": 875, ""first_x"": 731, ""sample_1_y"": 521, ""sample_0_time"": 17, ""first_y"": 465, ""first_time"": 17, ""count"": 160, ""sample_0_y"": 465, ""sample_4_x"": 903, ""sample_4_y"": 671, ""sample_3_time"": 2017, ""sample_1_x"": 778, ""sample_2_time"": 1350, ""last_x"": 903, ""sample_2_x"": 840, ""last_y"": 671, ""sample_0_x"": 731, ""sample_4_time"": 3950, ""sample_1_time"": 683, ""last_time"": 3950}",Q4 (270-360<U+00B0>),Q4 (270-360<U+00B0>),TRUE,TRUE,Correct,315,5.373397699999998,5.373397699999998,5.373397699999998,5.373397699999998,TRUE
165667,18,righth,2,yes,0,"""1-5""",45,135,136.676471,2448,1650,"{""sample_3_x"": 605, ""sample_4_y"": 251, ""count"": 84, ""sample_4_x"": 509, ""sample_2_y"": 465, ""first_time"": 17, ""sample_1_y"": 361, ""sample_0_x"": 749, ""first_y"": 434, ""last_x"": 509, ""sample_2_time"": 749, ""sample_0_y"": 434, ""sample_0_time"": 17, ""last_time"": 1650, ""sample_3_y"": 339, ""sample_3_time"": 1317, ""sample_4_time"": 1650, ""sample_1_x"": 814, ""first_x"": 749, ""last_y"": 251, ""sample_1_time"": 367, ""sample_2_x"": 725}",Q2 (90-180<U+00B0>),Q2 (90-180<U+00B0>),TRUE,TRUE,Correct,135,1.6764709999999923,1.6764709999999923,1.6764709999999923,1.6764709999999923,TRUE
165667,18,righth,2,yes,0,"""1-5""",46,315,227.9829382,1882,882,"{""sample_4_x"": 529, ""last_x"": 529, ""sample_2_y"": 567, ""first_y"": 459, ""sample_4_time"": 882, ""sample_3_time"": 666, ""sample_2_time"": 449, ""sample_3_y"": 628, ""last_y"": 662, ""sample_4_y"": 662, ""count"": 53, ""sample_0_x"": 696, ""first_x"": 696, ""sample_2_x"": 605, ""sample_1_time"": 233, ""sample_1_x"": 644, ""sample_0_time"": 16, ""sample_1_y"": 512, ""first_time"": 16, ""sample_0_y"": 459, ""sample_3_x"": 558, ""last_time"": 882}",Q4 (270-360<U+00B0>),Q3 (180-270<U+00B0>),FALSE,TRUE,Formant,225,2.9829382000000066,2.9829382000000066,87.0170618,87.0170618,FALSE
165667,18,righth,2,yes,0,"""1-5""",47,225,227.5510951,1865,884,"{""sample_2_y"": 594, ""sample_4_x"": 527, ""sample_3_y"": 625, ""last_y"": 661, ""sample_3_x"": 560, ""sample_1_y"": 535, ""first_x"": 702, ""last_time"": 883, ""sample_0_x"": 702, ""first_y"": 466, ""sample_4_y"": 661, ""sample_0_time"": 17, ""last_x"": 527, ""sample_4_time"": 883, ""sample_0_y"": 466, ""sample_1_time"": 233, ""sample_2_x"": 586, ""sample_2_time"": 450, ""count"": 53, ""sample_3_time"": 667, ""sample_1_x"": 642, ""first_time"": 17}",Q3 (180-270<U+00B0>),Q3 (180-270<U+00B0>),TRUE,TRUE,Correct,225,2.5510950999999977,2.5510950999999977,2.5510950999999977,2.5510950999999977,TRUE
165667,18,righth,2,yes,0,"""1-5""",48,315,314.153326,1982,733,"{""sample_1_y"": 524, ""sample_0_time"": 16, ""last_y"": 656, ""sample_2_x"": 870, ""count"": 44, ""last_time"": 732, ""sample_1_x"": 819, ""first_y"": 463, ""sample_0_x"": 743, ""sample_4_time"": 732, ""sample_2_y"": 582, ""sample_3_x"": 900, ""sample_1_time"": 199, ""sample_3_y"": 623, ""sample_4_y"": 656, ""sample_3_time"": 566, ""first_time"": 16, ""sample_2_time"": 383, ""first_x"": 743, ""sample_4_x"": 920, ""sample_0_y"": 463, ""last_x"": 920}",Q4 (270-360<U+00B0>),Q4 (270-360<U+00B0>),TRUE,TRUE,Correct,315,0.8466740000000073,0.8466740000000073,0.8466740000000073,0.8466740000000073,TRUE
165667,18,righth,2,yes,0,"""1-5""",49,315,315,1632,483,"{""sample_4_time"": 482, ""first_time"": 16, ""sample_0_y"": 468, ""last_x"": 924, ""count"": 29, ""sample_1_time"": 133, ""sample_0_time"": 16, ""sample_1_x"": 847, ""sample_2_time"": 249, ""sample_1_y"": 547, ""sample_3_y"": 629, ""sample_2_y"": 600, ""last_time"": 482, ""last_y"": 654, ""sample_3_x"": 910, ""sample_4_y"": 654, ""sample_4_x"": 924, ""sample_0_x"": 750, ""sample_2_x"": 890, ""sample_3_time"": 367, ""first_y"": 468, ""first_x"": 750}",Q4 (270-360<U+00B0>),Q4 (270-360<U+00B0>),TRUE,TRUE,Correct,315,0,0,0,0,TRUE
165667,18,righth,2,yes,0,"""1-5""",50,45,136.5557992,1616,399,"{""last_x"": 512, ""sample_0_y"": 423, ""sample_4_y"": 253, ""sample_1_x"": 615, ""last_y"": 253, ""sample_0_x"": 690, ""count"": 24, ""sample_3_time"": 316, ""sample_3_y"": 267, ""first_x"": 690, ""first_y"": 423, ""sample_1_y"": 345, ""sample_2_y"": 307, ""last_time"": 399, ""sample_3_x"": 530, ""sample_2_time"": 216, ""sample_1_time"": 115, ""sample_2_x"": 577, ""sample_4_x"": 512, ""first_time"": 17, ""sample_4_time"": 399, ""sample_0_time"": 17}",Q1 (0-90<U+00B0>),Q2 (90-180<U+00B0>),FALSE,TRUE,Formant,135,1.5557991999999956,1.5557991999999956,91.5557992,91.5557992,FALSE
165667,18,righth,2,yes,0,"""1-5""",51,315,224.8592244,1816,767,"{""sample_0_x"": 692, ""sample_2_y"": 541, ""first_time"": 16, ""sample_2_time"": 400, ""sample_1_y"": 491, ""sample_3_time"": 582, ""count"": 46, ""sample_4_y"": 653, ""sample_2_x"": 619, ""last_x"": 516, ""first_y"": 463, ""sample_4_time"": 766, ""sample_0_y"": 463, ""first_x"": 692, ""last_time"": 766, ""sample_1_time"": 200, ""sample_0_time"": 16, ""last_y"": 653, ""sample_3_x"": 568, ""sample_3_y"": 599, ""sample_4_x"": 516, ""sample_1_x"": 668}",Q4 (270-360<U+00B0>),Q3 (180-270<U+00B0>),FALSE,TRUE,Formant,225,0.140775600000012,0.140775600000012,90.14077560000001,90.14077560000001,FALSE
165667,18,righth,2,yes,0,"""1-5""",52,315,304.8603438,1999,1000,"{""sample_2_time"": 516, ""count"": 60, ""last_time"": 1000, ""sample_4_time"": 1000, ""sample_4_x"": 883, ""sample_2_x"": 815, ""sample_0_x"": 724, ""first_x"": 724, ""first_y"": 479, ""sample_3_x"": 864, ""sample_1_y"": 518, ""last_y"": 684, ""sample_2_y"": 606, ""sample_4_y"": 684, ""sample_1_x"": 751, ""sample_0_y"": 479, ""sample_3_time"": 766, ""sample_0_time"": 16, ""first_time"": 16, ""sample_3_y"": 667, ""sample_1_time"": 266, ""last_x"": 883}",Q4 (270-360<U+00B0>),Q4 (270-360<U+00B0>),TRUE,TRUE,Correct,315,10.13965619999999,10.13965619999999,10.13965619999999,10.13965619999999,TRUE
165667,18,righth,2,yes,0,"""1-5""",53,45,130.1655937,2183,1200,"{""last_y"": 232, ""sample_3_y"": 240, ""last_time"": 1199, ""sample_1_y"": 384, ""first_x"": 706, ""sample_2_time"": 599, ""sample_2_y"": 297, ""last_x"": 536, ""sample_4_x"": 536, ""sample_3_x"": 546, ""sample_1_x"": 669, ""sample_3_time"": 883, ""sample_0_x"": 706, ""sample_0_time"": 16, ""first_y"": 430, ""sample_2_x"": 587, ""sample_4_y"": 232, ""sample_4_time"": 1199, ""sample_1_time"": 299, ""count"": 70, ""sample_0_y"": 430, ""first_time"": 16}",Q1 (0-90<U+00B0>),Q2 (90-180<U+00B0>),FALSE,TRUE,Formant,135,4.834406300000012,4.834406300000012,85.16559369999999,85.16559369999999,FALSE
165667,18,righth,2,yes,0,"""1-5""",54,45,129.6000266,2398,1234,"{""last_x"": 538, ""sample_4_y"": 230, ""sample_2_x"": 642, ""last_time"": 1234, ""first_x"": 702, ""sample_0_x"": 702, ""sample_1_x"": 659, ""sample_3_y"": 295, ""first_time"": 17, ""first_y"": 444, ""sample_2_y"": 390, ""sample_3_x"": 569, ""sample_0_time"": 17, ""sample_3_time"": 934, ""sample_4_x"": 538, ""last_y"": 230, ""sample_0_y"": 444, ""sample_2_time"": 634, ""count"": 74, ""sample_1_time"": 317, ""sample_1_y"": 405, ""sample_4_time"": 1234}",Q1 (0-90<U+00B0>),Q2 (90-180<U+00B0>),FALSE,TRUE,Formant,135,5.399973399999993,5.399973399999993,84.6000266,84.6000266,FALSE
165667,18,righth,2,yes,0,"""1-5""",55,135,133.4364836,2381,2217,"{""sample_4_y"": 243, ""sample_1_y"": 360, ""first_y"": 430, ""sample_0_x"": 701, ""sample_0_time"": 17, ""sample_4_time"": 2217, ""sample_2_y"": 318, ""sample_2_x"": 589, ""first_time"": 17, ""sample_0_y"": 430, ""sample_3_y"": 291, ""sample_4_x"": 524, ""count"": 101, ""first_x"": 701, ""last_x"": 524, ""sample_3_x"": 550, ""sample_1_time"": 434, ""last_time"": 2217, ""sample_3_time"": 1267, ""sample_1_x"": 620, ""sample_2_time"": 851, ""last_y"": 243}",Q2 (90-180<U+00B0>),Q2 (90-180<U+00B0>),TRUE,TRUE,Correct,135,1.5635163999999975,1.5635163999999975,1.5635163999999975,1.5635163999999975,TRUE
165667,18,righth,2,yes,0,"""1-5""",56,135,135.7073194,2233,1132,"{""count"": 68, ""sample_2_x"": 574, ""sample_0_time"": 16, ""sample_4_y"": 250, ""sample_3_y"": 292, ""sample_2_y"": 324, ""last_x"": 515, ""first_time"": 16, ""sample_1_y"": 380, ""sample_1_time"": 299, ""sample_0_y"": 437, ""sample_0_x"": 694, ""sample_2_time"": 582, ""last_y"": 250, ""sample_3_time"": 865, ""sample_4_x"": 515, ""last_time"": 1132, ""sample_3_x"": 542, ""sample_4_time"": 1132, ""first_y"": 437, ""sample_1_x"": 636, ""first_x"": 694}",Q2 (90-180<U+00B0>),Q2 (90-180<U+00B0>),TRUE,TRUE,Correct,135,0.7073193999999887,0.7073193999999887,0.7073193999999887,0.7073193999999887,TRUE
165667,18,righth,2,yes,0,"""1-5""",57,315,223.2986454,1998,1300,"{""sample_1_y"": 500, ""first_time"": 33, ""last_y"": 646, ""sample_2_y"": 536, ""last_time"": 1299, ""count"": 77, ""sample_2_time"": 666, ""first_x"": 705, ""sample_3_y"": 605, ""sample_4_time"": 1299, ""last_x"": 512, ""sample_1_time"": 350, ""first_y"": 463, ""sample_0_time"": 33, ""sample_3_x"": 546, ""sample_4_y"": 646, ""sample_2_x"": 641, ""sample_4_x"": 512, ""sample_1_x"": 674, ""sample_0_x"": 705, ""sample_0_y"": 463, ""sample_3_time"": 983}",Q4 (270-360<U+00B0>),Q3 (180-270<U+00B0>),FALSE,TRUE,Formant,225,1.701354600000002,1.701354600000002,91.7013546,91.7013546,FALSE
165667,18,righth,2,yes,0,"""1-5""",58,315,226.2544516,2365,2467,"{""last_x"": 519, ""sample_2_x"": 597, ""last_time"": 2467, ""sample_0_x"": 703, ""sample_1_time"": 534, ""sample_4_y"": 660, ""sample_2_time"": 1050, ""sample_4_x"": 519, ""first_y"": 463, ""sample_3_y"": 613, ""count"": 125, ""first_time"": 17, ""first_x"": 703, ""sample_2_y"": 578, ""sample_3_x"": 557, ""sample_0_time"": 17, ""sample_3_time"": 1567, ""sample_4_time"": 2467, ""sample_0_y"": 463, ""last_y"": 660, ""sample_1_x"": 660, ""sample_1_y"": 514}",Q4 (270-360<U+00B0>),Q3 (180-270<U+00B0>),FALSE,TRUE,Formant,225,1.25445160000001,1.25445160000001,88.74554839999999,88.74554839999999,FALSE
165667,18,righth,2,yes,0,"""1-5""",59,135,136.636577,2281,2584,"{""sample_4_y"": 246, ""sample_3_y"": 262, ""sample_3_time"": 1750, ""sample_4_time"": 2583, ""sample_0_x"": 709, ""sample_0_time"": 17, ""first_y"": 434, ""first_time"": 17, ""sample_0_y"": 434, ""last_y"": 246, ""sample_3_x"": 511, ""sample_1_time"": 583, ""sample_2_x"": 570, ""sample_1_x"": 656, ""sample_4_x"": 504, ""sample_1_y"": 381, ""count"": 139, ""first_x"": 709, ""last_time"": 2583, ""sample_2_y"": 308, ""sample_2_time"": 1167, ""last_x"": 504}",Q2 (90-180<U+00B0>),Q2 (90-180<U+00B0>),TRUE,TRUE,Correct,135,1.6365769999999884,1.6365769999999884,1.6365769999999884,1.6365769999999884,TRUE
165667,18,righth,2,yes,0,"""1-5""",60,135,131.0548138,2549,3017,"{""sample_3_y"": 243, ""sample_4_y"": 233, ""sample_4_x"": 531, ""last_time"": 3017, ""sample_2_x"": 572, ""sample_2_time"": 1300, ""sample_3_x"": 544, ""sample_1_time"": 650, ""sample_1_y"": 374, ""sample_1_x"": 642, ""last_y"": 233, ""sample_2_y"": 300, ""sample_4_time"": 3017, ""sample_3_time"": 2365, ""last_x"": 531, ""first_time"": 17, ""first_y"": 437, ""count"": 154, ""sample_0_time"": 17, ""first_x"": 709, ""sample_0_y"": 437, ""sample_0_x"": 709}",Q2 (90-180<U+00B0>),Q2 (90-180<U+00B0>),TRUE,TRUE,Correct,135,3.945186199999995,3.945186199999995,3.945186199999995,3.945186199999995,TRUE
165667,18,righth,2,yes,0,"""1-5""",61,45,49.09567043,2215,1584,"{""sample_3_x"": 859, ""count"": 95, ""sample_0_time"": 17, ""last_y"": 233, ""last_time"": 1584, ""sample_1_y"": 416, ""sample_1_x"": 761, ""sample_3_y"": 300, ""sample_0_y"": 437, ""sample_3_time"": 1200, ""sample_0_x"": 736, ""sample_1_time"": 400, ""sample_4_x"": 908, ""sample_2_y"": 360, ""sample_2_x"": 811, ""sample_2_time"": 800, ""first_y"": 437, ""first_time"": 17, ""sample_4_y"": 233, ""last_x"": 908, ""sample_4_time"": 1584, ""first_x"": 736}",Q1 (0-90<U+00B0>),Q1 (0-90<U+00B0>),TRUE,TRUE,Correct,45,4.095670429999998,4.095670429999998,4.095670429999998,4.095670429999998,TRUE
165667,18,righth,2,yes,0,"""1-5""",62,135,136.2793457,2616,1650,"{""sample_2_time"": 832, ""last_y"": 253, ""sample_2_y"": 347, ""sample_0_y"": 439, ""sample_1_y"": 400, ""sample_2_x"": 591, ""first_x"": 703, ""count"": 99, ""sample_1_time"": 416, ""sample_0_time"": 16, ""sample_3_x"": 544, ""last_x"": 514, ""last_time"": 1650, ""first_y"": 439, ""sample_4_time"": 1650, ""sample_4_y"": 253, ""first_time"": 16, ""sample_1_x"": 661, ""sample_4_x"": 514, ""sample_0_x"": 703, ""sample_3_y"": 299, ""sample_3_time"": 1249}",Q2 (90-180<U+00B0>),Q2 (90-180<U+00B0>),TRUE,TRUE,Correct,135,1.2793456999999933,1.2793456999999933,1.2793456999999933,1.2793456999999933,TRUE
165667,18,righth,2,yes,0,"""1-5""",63,225,225.5672664,2349,1382,"{""last_y"": 654, ""sample_4_time"": 1382, ""sample_4_x"": 520, ""sample_1_x"": 662, ""sample_4_y"": 654, ""last_time"": 1382, ""first_time"": 15, ""first_y"": 469, ""sample_2_time"": 732, ""sample_2_x"": 619, ""sample_1_y"": 516, ""sample_1_time"": 399, ""sample_0_y"": 469, ""sample_0_time"": 15, ""sample_3_x"": 576, ""sample_0_x"": 713, ""count"": 79, ""sample_3_y"": 600, ""first_x"": 713, ""sample_3_time"": 1065, ""last_x"": 520, ""sample_2_y"": 556}",Q3 (180-270<U+00B0>),Q3 (180-270<U+00B0>),TRUE,TRUE,Correct,225,0.5672663999999941,0.5672663999999941,0.5672663999999941,0.5672663999999941,TRUE
165667,18,righth,2,yes,0,"""1-5""",64,225,224.0194834,1812,650,"{""sample_0_y"": 475, ""sample_4_y"": 651, ""sample_4_time"": 650, ""sample_3_time"": 500, ""sample_1_time"": 166, ""sample_0_time"": 16, ""sample_1_x"": 639, ""sample_4_x"": 512, ""last_time"": 650, ""count"": 39, ""last_x"": 512, ""sample_3_y"": 615, ""sample_1_y"": 536, ""sample_2_time"": 333, ""first_y"": 475, ""first_x"": 704, ""sample_3_x"": 557, ""last_y"": 651, ""first_time"": 16, ""sample_2_y"": 573, ""sample_2_x"": 598, ""sample_0_x"": 704}",Q3 (180-270<U+00B0>),Q3 (180-270<U+00B0>),TRUE,TRUE,Correct,225,0.9805165999999872,0.9805165999999872,0.9805165999999872,0.9805165999999872,TRUE
165667,18,righth,2,yes,0,"""1-5""",65,225,224.4327336,766,300,"{""last_y"": 650, ""sample_2_time"": 166, ""last_x"": 516, ""sample_0_x"": 696, ""sample_1_time"": 82, ""sample_1_y"": 534, ""sample_3_x"": 563, ""sample_3_time"": 233, ""sample_2_y"": 571, ""first_y"": 478, ""sample_2_x"": 600, ""sample_4_y"": 650, ""sample_1_x"": 640, ""sample_4_x"": 516, ""sample_4_time"": 299, ""last_time"": 299, ""sample_0_time"": 16, ""first_x"": 696, ""sample_3_y"": 606, ""count"": 18, ""sample_0_y"": 478, ""first_time"": 16}",Q3 (180-270<U+00B0>),Q3 (180-270<U+00B0>),TRUE,TRUE,Correct,225,0.5672663999999941,0.5672663999999941,0.5672663999999941,0.5672663999999941,TRUE
165667,18,righth,2,yes,0,"""1-5""",66,315,220.8150839,733,249,"{""count"": 14, ""sample_0_y"": 483, ""first_y"": 483, ""sample_1_y"": 530, ""first_x"": 677, ""sample_3_time"": 183, ""sample_4_x"": 500, ""sample_2_y"": 565, ""last_y"": 640, ""sample_1_x"": 622, ""last_x"": 500, ""sample_4_time"": 249, ""sample_0_time"": 16, ""sample_3_x"": 550, ""sample_4_y"": 640, ""sample_0_x"": 677, ""first_time"": 16, ""sample_1_time"": 66, ""sample_2_time"": 133, ""sample_2_x"": 583, ""last_time"": 249, ""sample_3_y"": 594}",Q4 (270-360<U+00B0>),Q3 (180-270<U+00B0>),FALSE,TRUE,Formant,225,4.1849161000000095,4.1849161000000095,94.18491610000001,94.18491610000001,FALSE
165667,18,righth,2,yes,0,"""1-5""",67,45,130.9243877,931,417,"{""sample_1_x"": 662, ""sample_2_y"": 322, ""sample_1_time"": 117, ""sample_4_y"": 232, ""last_x"": 531, ""sample_0_y"": 415, ""sample_4_time"": 417, ""last_y"": 232, ""sample_3_x"": 568, ""first_time"": 17, ""first_x"": 688, ""sample_0_x"": 688, ""sample_3_y"": 271, ""sample_2_x"": 605, ""first_y"": 415, ""count"": 25, ""sample_0_time"": 17, ""sample_4_x"": 531, ""sample_2_time"": 217, ""sample_3_time"": 317, ""last_time"": 417, ""sample_1_y"": 388}",Q1 (0-90<U+00B0>),Q2 (90-180<U+00B0>),FALSE,TRUE,Formant,135,4.075612299999989,4.075612299999989,85.92438770000001,85.92438770000001,FALSE
165667,18,righth,2,yes,0,"""1-5""",68,225,226.4179228,1099,700,"{""sample_2_x"": 580, ""last_time"": 700, ""sample_2_time"": 367, ""sample_4_time"": 700, ""sample_1_x"": 655, ""sample_4_x"": 523, ""first_y"": 468, ""last_y"": 657, ""last_x"": 523, ""sample_3_x"": 553, ""first_time"": 17, ""sample_3_y"": 621, ""sample_4_y"": 657, ""sample_3_time"": 533, ""count"": 42, ""sample_0_y"": 468, ""first_x"": 708, ""sample_0_time"": 17, ""sample_2_y"": 587, ""sample_1_time"": 183, ""sample_0_x"": 708, ""sample_1_y"": 517}",Q3 (180-270<U+00B0>),Q3 (180-270<U+00B0>),TRUE,TRUE,Correct,225,1.4179228000000137,1.4179228000000137,1.4179228000000137,1.4179228000000137,TRUE
165667,18,righth,2,yes,0,"""1-5""",69,315,308.7536844,2299,533,"{""sample_0_x"": 763, ""sample_2_time"": 283, ""first_x"": 763, ""sample_3_y"": 667, ""sample_4_x"": 899, ""sample_2_y"": 649, ""sample_4_time"": 533, ""first_time"": 16, ""last_x"": 899, ""sample_3_x"": 896, ""sample_1_time"": 149, ""last_time"": 533, ""sample_4_y"": 673, ""sample_0_time"": 16, ""sample_0_y"": 498, ""count"": 32, ""last_y"": 673, ""sample_2_x"": 884, ""sample_1_y"": 614, ""first_y"": 498, ""sample_3_time"": 416, ""sample_1_x"": 861}",Q4 (270-360<U+00B0>),Q4 (270-360<U+00B0>),TRUE,TRUE,Correct,315,6.246315600000003,6.246315600000003,6.246315600000003,6.246315600000003,TRUE
165667,18,righth,2,yes,0,"""1-5""",70,135,139.6812695,1765,383,"{""first_time"": 16, ""sample_3_y"": 302, ""first_x"": 680, ""last_time"": 383, ""sample_3_time"": 300, ""sample_1_y"": 344, ""sample_4_x"": 502, ""count"": 23, ""first_y"": 423, ""sample_0_y"": 423, ""sample_2_x"": 565, ""sample_1_time"": 100, ""sample_2_y"": 325, ""sample_4_y"": 265, ""last_y"": 265, ""last_x"": 502, ""sample_1_x"": 584, ""sample_2_time"": 200, ""sample_4_time"": 383, ""sample_3_x"": 537, ""sample_0_time"": 16, ""sample_0_x"": 680}",Q2 (90-180<U+00B0>),Q2 (90-180<U+00B0>),TRUE,TRUE,Correct,135,4.681269500000013,4.681269500000013,4.681269500000013,4.681269500000013,TRUE
165667,18,righth,2,yes,0,"""1-5""",71,225,223.8876004,2532,1234,"{""first_time"": 17, ""last_x"": 510, ""sample_0_x"": 701, ""count"": 74, ""sample_2_x"": 570, ""sample_4_time"": 1233, ""last_y"": 652, ""sample_3_x"": 551, ""sample_1_time"": 317, ""sample_0_time"": 17, ""sample_4_y"": 652, ""sample_3_y"": 611, ""sample_2_time"": 634, ""sample_0_y"": 459, ""sample_3_time"": 934, ""sample_2_y"": 592, ""last_time"": 1233, ""sample_1_y"": 516, ""first_x"": 701, ""first_y"": 459, ""sample_4_x"": 510, ""sample_1_x"": 651}",Q3 (180-270<U+00B0>),Q3 (180-270<U+00B0>),TRUE,TRUE,Correct,225,1.1123996000000034,1.1123996000000034,1.1123996000000034,1.1123996000000034,TRUE
165667,18,righth,2,yes,0,"""1-5""",72,225,225.838415,2083,1133,"{""sample_1_y"": 504, ""sample_2_x"": 621, ""count"": 68, ""last_x"": 518, ""first_x"": 703, ""sample_0_y"": 464, ""first_y"": 464, ""last_time"": 1133, ""sample_0_time"": 16, ""sample_1_x"": 669, ""sample_4_time"": 1133, ""sample_0_x"": 703, ""sample_2_time"": 583, ""sample_2_y"": 563, ""sample_4_y"": 658, ""sample_3_time"": 866, ""sample_3_y"": 611, ""sample_3_x"": 571, ""last_y"": 658, ""first_time"": 16, ""sample_1_time"": 300, ""sample_4_x"": 518}",Q3 (180-270<U+00B0>),Q3 (180-270<U+00B0>),TRUE,TRUE,Correct,225,0.8384149999999977,0.8384149999999977,0.8384149999999977,0.8384149999999977,TRUE
165667,18,righth,2,yes,0,"""1-5""",73,135,46.98470311,2499,1683,"{""first_y"": 447, ""last_time"": 1683, ""sample_1_y"": 429, ""sample_0_x"": 738, ""sample_4_x"": 915, ""sample_1_x"": 758, ""sample_4_time"": 1683, ""last_y"": 241, ""first_time"": 16, ""sample_3_x"": 854, ""count"": 101, ""sample_4_y"": 241, ""sample_2_y"": 391, ""sample_2_time"": 848, ""sample_2_x"": 792, ""sample_3_time"": 1266, ""sample_1_time"": 433, ""sample_0_y"": 447, ""sample_3_y"": 308, ""first_x"": 738, ""last_x"": 915, ""sample_0_time"": 16}",Q2 (90-180<U+00B0>),Q1 (0-90<U+00B0>),FALSE,TRUE,Formant,45,1.984703109999998,1.984703109999998,88.01529689,88.01529689,FALSE
165667,18,righth,2,yes,0,"""1-5""",74,225,227.1210964,3064,1517,"{""sample_0_time"": 17, ""sample_4_y"": 660, ""sample_4_x"": 525, ""sample_1_y"": 511, ""count"": 91, ""sample_2_y"": 537, ""sample_4_time"": 1517, ""sample_0_x"": 722, ""sample_0_y"": 469, ""sample_1_x"": 680, ""sample_3_y"": 595, ""first_y"": 469, ""first_x"": 722, ""sample_2_time"": 767, ""last_y"": 660, ""sample_1_time"": 384, ""sample_3_x"": 598, ""first_time"": 17, ""sample_3_time"": 1150, ""sample_2_x"": 651, ""last_x"": 525, ""last_time"": 1517}",Q3 (180-270<U+00B0>),Q3 (180-270<U+00B0>),TRUE,TRUE,Correct,225,2.121096399999999,2.121096399999999,2.121096399999999,2.121096399999999,TRUE
165667,18,righth,2,yes,0,"""1-5""",75,225,222.3271989,2466,1433,"{""sample_2_y"": 558, ""sample_3_time"": 1100, ""sample_0_y"": 464, ""sample_2_time"": 716, ""first_y"": 464, ""count"": 83, ""last_y"": 644, ""first_x"": 703, ""sample_1_time"": 366, ""last_x"": 507, ""sample_2_x"": 583, ""last_time"": 1433, ""first_time"": 16, ""sample_1_y"": 514, ""sample_4_y"": 644, ""sample_1_x"": 643, ""sample_0_time"": 16, ""sample_4_x"": 507, ""sample_3_y"": 589, ""sample_3_x"": 551, ""sample_4_time"": 1433, ""sample_0_x"": 703}",Q3 (180-270<U+00B0>),Q3 (180-270<U+00B0>),TRUE,TRUE,Correct,225,2.6728010999999867,2.6728010999999867,2.6728010999999867,2.6728010999999867,TRUE
165667,18,righth,2,yes,0,"""1-5""",76,315,311.4677054,2264,1100,"{""last_x"": 910, ""sample_1_y"": 506, ""sample_0_x"": 724, ""first_x"": 724, ""last_y"": 665, ""sample_2_time"": 567, ""sample_4_y"": 665, ""sample_3_x"": 874, ""sample_4_x"": 910, ""count"": 66, ""last_time"": 1100, ""sample_3_time"": 833, ""sample_0_time"": 17, ""sample_3_y"": 623, ""sample_1_x"": 765, ""sample_4_time"": 1100, ""sample_1_time"": 283, ""first_time"": 17, ""sample_2_x"": 811, ""sample_2_y"": 559, ""first_y"": 469, ""sample_0_y"": 469}",Q4 (270-360<U+00B0>),Q4 (270-360<U+00B0>),TRUE,TRUE,Correct,315,3.5322946,3.5322946,3.5322946,3.5322946,TRUE
165667,18,righth,2,yes,0,"""1-5""",77,135,49.11592666,2365,1883,"{""last_y"": 234, ""sample_3_y"": 283, ""first_y"": 450, ""last_time"": 1883, ""sample_3_x"": 878, ""last_x"": 907, ""sample_1_time"": 483, ""sample_2_y"": 370, ""first_time"": 17, ""sample_2_x"": 804, ""first_x"": 739, ""sample_4_time"": 1883, ""count"": 113, ""sample_4_y"": 234, ""sample_3_time"": 1417, ""sample_0_x"": 739, ""sample_1_y"": 426, ""sample_1_x"": 768, ""sample_4_x"": 907, ""sample_0_time"": 17, ""sample_2_time"": 950, ""sample_0_y"": 450}",Q2 (90-180<U+00B0>),Q1 (0-90<U+00B0>),FALSE,TRUE,Formant,45,4.1159266599999995,4.1159266599999995,85.88407334,85.88407334,FALSE
165667,18,righth,2,yes,0,"""1-5""",78,45,55.08987766,2815,2017,"{""sample_2_y"": 376, ""last_time"": 2017, ""sample_2_time"": 1016, ""sample_0_y"": 441, ""last_y"": 215, ""sample_0_x"": 737, ""last_x"": 884, ""sample_4_y"": 215, ""sample_3_y"": 334, ""sample_4_time"": 2017, ""sample_1_time"": 517, ""sample_0_time"": 17, ""sample_2_x"": 795, ""first_y"": 441, ""sample_1_y"": 425, ""sample_3_x"": 822, ""first_x"": 737, ""sample_4_x"": 884, ""sample_3_time"": 1517, ""sample_1_x"": 753, ""count"": 121, ""first_time"": 17}",Q1 (0-90<U+00B0>),Q1 (0-90<U+00B0>),TRUE,TRUE,Correct,45,10.089877659999999,10.089877659999999,10.089877659999999,10.089877659999999,TRUE
165667,18,righth,2,yes,0,"""1-5""",79,45,133.8655784,2664,1634,"{""sample_3_y"": 314, ""sample_0_x"": 703, ""sample_4_y"": 244, ""sample_4_x"": 522, ""sample_1_x"": 672, ""sample_1_time"": 417, ""sample_2_x"": 614, ""first_y"": 438, ""sample_0_y"": 438, ""sample_1_y"": 411, ""sample_2_y"": 375, ""last_time"": 1633, ""sample_0_time"": 17, ""sample_3_time"": 1234, ""first_x"": 703, ""last_y"": 244, ""count"": 98, ""first_time"": 17, ""sample_4_time"": 1633, ""sample_2_time"": 834, ""last_x"": 522, ""sample_3_x"": 559}",Q1 (0-90<U+00B0>),Q2 (90-180<U+00B0>),FALSE,TRUE,Formant,135,1.134421599999996,1.134421599999996,88.8655784,88.8655784,FALSE
165667,18,righth,2,yes,0,"""1-5""",80,315,308.9095975,2333,1849,"{""sample_1_x"": 762, ""last_x"": 900, ""sample_4_time"": 1848, ""first_x"": 719, ""first_time"": 15, ""sample_1_time"": 515, ""sample_0_y"": 467, ""last_y"": 673, ""sample_2_y"": 565, ""first_y"": 467, ""sample_4_x"": 900, ""sample_0_x"": 719, ""sample_4_y"": 673, ""sample_3_y"": 611, ""sample_3_x"": 847, ""last_time"": 1848, ""sample_1_y"": 533, ""sample_2_time"": 865, ""sample_2_x"": 796, ""count"": 82, ""sample_0_time"": 15, ""sample_3_time"": 1515}",Q4 (270-360<U+00B0>),Q4 (270-360<U+00B0>),TRUE,TRUE,Correct,315,6.090402499999982,6.090402499999982,6.090402499999982,6.090402499999982,TRUE
165667,18,righth,2,yes,0,"""1-5""",81,45,45.56170533,2398,1934,"{""sample_2_y"": 402, ""sample_0_time"": 17, ""first_y"": 433, ""first_x"": 728, ""sample_3_time"": 1484, ""sample_0_y"": 433, ""sample_1_time"": 550, ""count"": 111, ""sample_4_time"": 1934, ""sample_4_x"": 922, ""sample_3_y"": 337, ""sample_3_x"": 865, ""sample_2_time"": 1017, ""last_y"": 244, ""sample_4_y"": 244, ""first_time"": 17, ""sample_0_x"": 728, ""sample_1_y"": 425, ""last_time"": 1934, ""sample_2_x"": 790, ""sample_1_x"": 745, ""last_x"": 922}",Q1 (0-90<U+00B0>),Q1 (0-90<U+00B0>),TRUE,TRUE,Correct,45,0.5617053300000023,0.5617053300000023,0.5617053300000023,0.5617053300000023,TRUE
165667,18,righth,2,yes,0,"""1-5""",82,225,226.1288348,2348,1651,"{""sample_2_y"": 514, ""sample_3_y"": 575, ""sample_1_x"": 690, ""sample_3_time"": 1250, ""count"": 99, ""sample_3_x"": 601, ""sample_2_time"": 834, ""last_x"": 521, ""sample_4_x"": 521, ""sample_1_y"": 477, ""last_time"": 1650, ""sample_4_y"": 657, ""first_y"": 463, ""first_x"": 706, ""sample_0_time"": 17, ""first_time"": 17, ""sample_2_x"": 657, ""sample_0_y"": 463, ""sample_0_x"": 706, ""sample_1_time"": 417, ""sample_4_time"": 1650, ""last_y"": 657}",Q3 (180-270<U+00B0>),Q3 (180-270<U+00B0>),TRUE,TRUE,Correct,225,1.1288347999999928,1.1288347999999928,1.1288347999999928,1.1288347999999928,TRUE
165667,18,righth,2,yes,0,"""1-5""",83,45,137.0800462,2731,1734,"{""sample_0_time"": 16, ""sample_0_x"": 702, ""sample_1_time"": 467, ""sample_0_y"": 448, ""sample_4_y"": 251, ""sample_2_y"": 578, ""sample_3_time"": 1333, ""sample_1_y"": 441, ""last_time"": 1733, ""sample_2_x"": 790, ""first_y"": 448, ""count"": 98, ""last_x"": 506, ""sample_4_x"": 506, ""last_y"": 251, ""sample_3_x"": 839, ""sample_2_time"": 933, ""sample_1_x"": 692, ""sample_4_time"": 1733, ""first_x"": 702, ""sample_3_y"": 628, ""first_time"": 16}",Q1 (0-90<U+00B0>),Q2 (90-180<U+00B0>),FALSE,TRUE,Formant,135,2.080046199999998,2.080046199999998,92.0800462,92.0800462,FALSE
165667,18,righth,2,yes,0,"""1-5""",84,45,142.4921799,2332,1350,"{""sample_3_x"": 564, ""sample_2_y"": 388, ""sample_3_y"": 352, ""sample_2_time"": 683, ""first_y"": 432, ""sample_1_time"": 350, ""sample_2_x"": 637, ""sample_4_x"": 492, ""first_time"": 17, ""sample_4_time"": 1350, ""first_x"": 717, ""sample_0_x"": 717, ""sample_3_time"": 1016, ""last_x"": 492, ""last_time"": 1350, ""sample_4_y"": 275, ""sample_0_y"": 432, ""sample_0_time"": 17, ""sample_1_y"": 417, ""last_y"": 275, ""count"": 81, ""sample_1_x"": 693}",Q1 (0-90<U+00B0>),Q2 (90-180<U+00B0>),FALSE,TRUE,Formant,135,7.4921798999999965,7.4921798999999965,97.4921799,97.4921799,FALSE
165667,18,righth,2,yes,0,"""1-5""",85,225,225.1414708,2397,1851,"{""first_time"": 17, ""sample_0_y"": 461, ""sample_3_x"": 590, ""sample_3_y"": 585, ""sample_3_time"": 1400, ""last_y"": 653, ""sample_2_time"": 934, ""sample_1_y"": 483, ""count"": 111, ""sample_2_x"": 655, ""last_time"": 1850, ""sample_4_y"": 653, ""sample_4_x"": 518, ""sample_0_x"": 705, ""sample_0_time"": 17, ""first_y"": 461, ""sample_1_time"": 467, ""last_x"": 518, ""sample_2_y"": 524, ""sample_1_x"": 687, ""sample_4_time"": 1850, ""first_x"": 705}",Q3 (180-270<U+00B0>),Q3 (180-270<U+00B0>),TRUE,TRUE,Correct,225,0.14147080000000756,0.14147080000000756,0.14147080000000756,0.14147080000000756,TRUE
165667,18,righth,2,yes,0,"""1-5""",86,225,226.7013546,2232,1299,"{""first_y"": 460, ""sample_3_time"": 982, ""sample_0_time"": 15, ""sample_3_y"": 584, ""sample_4_x"": 524, ""sample_1_y"": 502, ""sample_0_y"": 460, ""count"": 78, ""last_x"": 524, ""sample_2_y"": 540, ""sample_1_time"": 332, ""sample_4_y"": 658, ""sample_1_x"": 671, ""first_time"": 15, ""sample_3_x"": 603, ""sample_2_time"": 666, ""sample_0_x"": 703, ""first_x"": 703, ""last_time"": 1299, ""sample_2_x"": 638, ""last_y"": 658, ""sample_4_time"": 1299}",Q3 (180-270<U+00B0>),Q3 (180-270<U+00B0>),TRUE,TRUE,Correct,225,1.701354600000002,1.701354600000002,1.701354600000002,1.701354600000002,TRUE
165667,18,righth,2,yes,0,"""1-5""",87,225,226.1233027,2499,1333,"{""sample_3_x"": 576, ""last_time"": 1333, ""count"": 80, ""sample_3_time"": 1016, ""sample_1_x"": 657, ""sample_2_time"": 683, ""first_time"": 17, ""sample_0_time"": 17, ""sample_1_time"": 349, ""sample_3_y"": 602, ""sample_4_x"": 520, ""sample_2_y"": 562, ""sample_2_x"": 613, ""sample_0_x"": 698, ""last_y"": 658, ""sample_4_y"": 658, ""first_y"": 463, ""sample_1_y"": 510, ""last_x"": 520, ""sample_4_time"": 1333, ""sample_0_y"": 463, ""first_x"": 698}",Q3 (180-270<U+00B0>),Q3 (180-270<U+00B0>),TRUE,TRUE,Correct,225,1.1233027000000106,1.1233027000000106,1.1233027000000106,1.1233027000000106,TRUE
165667,18,righth,2,yes,0,"""1-5""",88,45,137.5510951,2382,1533,"{""sample_2_y"": 387, ""count"": 92, ""first_time"": 16, ""first_x"": 702, ""sample_2_x"": 617, ""last_y"": 257, ""sample_3_time"": 1167, ""first_y"": 443, ""sample_3_x"": 563, ""sample_1_time"": 400, ""sample_0_time"": 16, ""last_x"": 509, ""sample_2_time"": 783, ""sample_0_x"": 702, ""sample_3_y"": 343, ""last_time"": 1533, ""sample_1_y"": 420, ""sample_0_y"": 443, ""sample_1_x"": 665, ""sample_4_x"": 509, ""sample_4_y"": 257, ""sample_4_time"": 1533}",Q1 (0-90<U+00B0>),Q2 (90-180<U+00B0>),FALSE,TRUE,Formant,135,2.5510950999999977,2.5510950999999977,92.5510951,92.5510951,FALSE
165667,18,righth,2,yes,0,"""1-5""",89,45,46.27934569,2417,1399,"{""sample_3_x"": 873, ""sample_2_x"": 822, ""sample_2_y"": 381, ""last_time"": 1399, ""sample_3_time"": 1065, ""sample_1_time"": 366, ""sample_2_time"": 715, ""sample_0_x"": 739, ""last_x"": 917, ""sample_4_y"": 244, ""last_y"": 244, ""sample_1_x"": 779, ""sample_3_y"": 306, ""count"": 84, ""sample_0_time"": 16, ""sample_1_y"": 421, ""sample_0_y"": 442, ""sample_4_time"": 1399, ""sample_4_x"": 917, ""first_x"": 739, ""first_time"": 16, ""first_y"": 442}",Q1 (0-90<U+00B0>),Q1 (0-90<U+00B0>),TRUE,TRUE,Correct,45,1.2793456899999995,1.2793456899999995,1.2793456899999995,1.2793456899999995,TRUE
165667,18,righth,2,yes,0,"""1-5""",90,315,312.5844885,2514,2434,"{""sample_4_time"": 2434, ""count"": 103, ""last_time"": 2434, ""first_y"": 456, ""last_x"": 913, ""sample_2_time"": 950, ""sample_0_x"": 741, ""first_x"": 741, ""sample_0_time"": 17, ""sample_0_y"": 456, ""last_y"": 660, ""sample_4_y"": 660, ""sample_2_y"": 559, ""sample_1_x"": 769, ""sample_3_time"": 1384, ""sample_2_x"": 812, ""sample_1_time"": 516, ""sample_4_x"": 913, ""first_time"": 17, ""sample_1_y"": 499, ""sample_3_x"": 850, ""sample_3_y"": 610}",Q4 (270-360<U+00B0>),Q4 (270-360<U+00B0>),TRUE,TRUE,Correct,315,2.4155114999999796,2.4155114999999796,2.4155114999999796,2.4155114999999796,TRUE
165667,18,righth,2,yes,0,"""1-5""",91,45,135.846674,2315,1417,"{""sample_4_time"": 1417, ""sample_0_x"": 699, ""count"": 85, ""last_y"": 250, ""sample_1_y"": 418, ""sample_3_x"": 570, ""sample_1_time"": 367, ""sample_0_time"": 17, ""sample_1_x"": 669, ""last_x"": 514, ""sample_2_x"": 625, ""first_time"": 17, ""sample_0_y"": 444, ""last_time"": 1417, ""sample_3_y"": 321, ""first_x"": 699, ""sample_2_y"": 381, ""sample_4_y"": 250, ""sample_3_time"": 1067, ""sample_2_time"": 716, ""first_y"": 444, ""sample_4_x"": 514}",Q1 (0-90<U+00B0>),Q2 (90-180<U+00B0>),FALSE,TRUE,Formant,135,0.8466740000000073,0.8466740000000073,90.84667400000001,90.84667400000001,FALSE
165667,18,righth,2,yes,0,"""1-5""",92,135,51.42691587,2115,2483,"{""sample_3_y"": 469, ""sample_3_time"": 1699, ""sample_0_y"": 451, ""sample_1_y"": 404, ""sample_4_time"": 2483, ""last_x"": 913, ""sample_1_x"": 797, ""sample_1_time"": 566, ""sample_4_y"": 208, ""sample_0_x"": 740, ""sample_4_x"": 913, ""sample_2_y"": 289, ""count"": 133, ""first_time"": 16, ""first_x"": 740, ""first_y"": 451, ""sample_2_time"": 1116, ""sample_0_time"": 16, ""sample_3_x"": 726, ""last_time"": 2483, ""last_y"": 208, ""sample_2_x"": 886}",Q2 (90-180<U+00B0>),Q1 (0-90<U+00B0>),FALSE,TRUE,Formant,45,6.426915870000002,6.426915870000002,83.57308413,83.57308413,FALSE
165667,18,righth,2,yes,0,"""1-5""",93,135,139.5905432,2932,567,"{""last_y"": 261, ""sample_1_y"": 416, ""sample_2_y"": 394, ""sample_4_y"": 261, ""first_y"": 462, ""sample_2_time"": 301, ""sample_3_x"": 552, ""sample_0_time"": 17, ""sample_4_time"": 567, ""sample_1_time"": 151, ""sample_2_x"": 582, ""sample_3_time"": 434, ""first_x"": 688, ""sample_0_x"": 688, ""last_time"": 567, ""first_time"": 17, ""last_x"": 498, ""sample_3_y"": 344, ""sample_0_y"": 462, ""count"": 34, ""sample_1_x"": 598, ""sample_4_x"": 498}",Q2 (90-180<U+00B0>),Q2 (90-180<U+00B0>),TRUE,TRUE,Correct,135,4.590543200000013,4.590543200000013,4.590543200000013,4.590543200000013,TRUE
165667,18,righth,2,yes,0,"""1-5""",94,225,227.6859808,2666,1150,"{""sample_0_x"": 709, ""first_y"": 471, ""sample_3_x"": 582, ""count"": 69, ""sample_1_time"": 299, ""sample_0_time"": 16, ""first_time"": 16, ""sample_1_y"": 511, ""sample_1_x"": 668, ""sample_2_y"": 554, ""sample_2_time"": 583, ""sample_4_x"": 527, ""sample_4_time"": 1150, ""last_x"": 527, ""sample_0_y"": 471, ""first_x"": 709, ""sample_3_time"": 866, ""sample_3_y"": 603, ""last_time"": 1150, ""sample_2_x"": 631, ""sample_4_y"": 662, ""last_y"": 662}",Q3 (180-270<U+00B0>),Q3 (180-270<U+00B0>),TRUE,TRUE,Correct,225,2.68598080000001,2.68598080000001,2.68598080000001,2.68598080000001,TRUE
165667,18,righth,2,yes,0,"""1-5""",95,225,223.5959728,2499,1083,"{""sample_1_y"": 497, ""count"": 65, ""first_time"": 16, ""last_time"": 1083, ""sample_0_time"": 16, ""sample_2_time"": 550, ""sample_3_y"": 602, ""sample_3_x"": 553, ""first_y"": 463, ""sample_0_x"": 706, ""sample_3_time"": 816, ""last_y"": 649, ""sample_4_time"": 1083, ""first_x"": 706, ""sample_2_y"": 554, ""sample_1_x"": 668, ""last_x"": 511, ""sample_2_x"": 602, ""sample_4_y"": 649, ""sample_0_y"": 463, ""sample_4_x"": 511, ""sample_1_time"": 283}",Q3 (180-270<U+00B0>),Q3 (180-270<U+00B0>),TRUE,TRUE,Correct,225,1.4040272000000016,1.4040272000000016,1.4040272000000016,1.4040272000000016,TRUE
165667,18,righth,2,yes,0,"""1-5""",96,225,226.9847031,2283,817,"{""sample_2_x"": 631, ""sample_3_time"": 617, ""sample_2_y"": 543, ""sample_4_x"": 525, ""sample_0_y"": 459, ""sample_3_y"": 596, ""sample_2_time"": 417, ""sample_1_x"": 669, ""sample_4_y"": 659, ""sample_0_time"": 17, ""first_x"": 702, ""sample_0_x"": 702, ""sample_1_y"": 501, ""last_y"": 659, ""last_time"": 817, ""first_time"": 17, ""sample_3_x"": 582, ""last_x"": 525, ""sample_4_time"": 817, ""count"": 49, ""sample_1_time"": 217, ""first_y"": 459}",Q3 (180-270<U+00B0>),Q3 (180-270<U+00B0>),TRUE,TRUE,Correct,225,1.9847030999999902,1.9847030999999902,1.9847030999999902,1.9847030999999902,TRUE
165667,18,righth,2,yes,0,"""1-5""",97,135,136.8476103,2482,1783,"{""first_time"": 16, ""first_x"": 702, ""sample_4_time"": 1783, ""count"": 90, ""sample_1_time"": 383, ""sample_2_time"": 766, ""sample_0_y"": 438, ""sample_0_x"": 702, ""sample_1_x"": 653, ""sample_3_time"": 1416, ""last_y"": 255, ""sample_4_y"": 255, ""last_time"": 1783, ""sample_1_y"": 399, ""sample_2_y"": 375, ""first_y"": 438, ""sample_3_x"": 569, ""last_x"": 512, ""sample_4_x"": 512, ""sample_2_x"": 620, ""sample_3_y"": 312, ""sample_0_time"": 16}",Q2 (90-180<U+00B0>),Q2 (90-180<U+00B0>),TRUE,TRUE,Correct,135,1.8476103000000137,1.8476103000000137,1.8476103000000137,1.8476103000000137,TRUE
165667,18,righth,2,yes,0,"""1-5""",98,315,310.2594894,3231,1218,"{""last_time"": 1217, ""sample_1_x"": 793, ""sample_2_y"": 567, ""sample_2_x"": 832, ""last_x"": 908, ""sample_0_time"": 17, ""sample_3_y"": 609, ""sample_1_y"": 519, ""sample_0_y"": 472, ""sample_4_y"": 672, ""sample_3_x"": 856, ""sample_4_time"": 1217, ""first_y"": 472, ""sample_1_time"": 317, ""first_time"": 17, ""last_y"": 672, ""sample_3_time"": 917, ""sample_2_time"": 617, ""sample_0_x"": 738, ""count"": 73, ""sample_4_x"": 908, ""first_x"": 738}",Q4 (270-360<U+00B0>),Q4 (270-360<U+00B0>),TRUE,TRUE,Correct,315,4.740510599999993,4.740510599999993,4.740510599999993,4.740510599999993,TRUE
165667,18,righth,2,yes,0,"""1-5""",99,135,142.2480817,1732,467,"{""first_x"": 706, ""sample_1_time"": 133, ""sample_3_x"": 558, ""sample_2_time"": 250, ""last_y"": 275, ""first_y"": 438, ""sample_1_x"": 699, ""sample_0_y"": 438, ""sample_2_x"": 623, ""sample_3_y"": 329, ""sample_1_y"": 434, ""sample_4_time"": 467, ""sample_4_y"": 275, ""sample_0_time"": 16, ""last_time"": 467, ""count"": 28, ""first_time"": 16, ""last_x"": 494, ""sample_4_x"": 494, ""sample_2_y"": 374, ""sample_0_x"": 706, ""sample_3_time"": 367}",Q2 (90-180<U+00B0>),Q2 (90-180<U+00B0>),TRUE,TRUE,Correct,135,7.2480817,7.2480817,7.2480817,7.2480817,TRUE
165667,18,righth,2,yes,0,"""1-5""",100,45,43.4669023,1798,717,"{""count"": 43, ""sample_0_x"": 742, ""sample_2_time"": 367, ""sample_4_time"": 717, ""sample_4_x"": 931, ""sample_3_x"": 893, ""first_time"": 17, ""sample_3_time"": 550, ""first_x"": 742, ""sample_1_x"": 820, ""sample_2_x"": 861, ""sample_3_y"": 336, ""last_time"": 717, ""first_y"": 449, ""sample_1_y"": 407, ""sample_2_y"": 378, ""sample_0_time"": 17, ""last_x"": 931, ""sample_0_y"": 449, ""sample_4_y"": 250, ""last_y"": 250, ""sample_1_time"": 184}",Q1 (0-90<U+00B0>),Q1 (0-90<U+00B0>),TRUE,TRUE,Correct,45,1.533097699999999,1.533097699999999,1.533097699999999,1.533097699999999,TRUE
165703,18,righth,1,yes,3,"""10+""",21,225,225.5710354,2665,2283,"{""first_y"": 347, ""first_x"": 586, ""sample_1_y"": 385, ""sample_0_y"": 347, ""sample_2_x"": 507, ""sample_0_time"": 16, ""sample_4_x"": 451, ""sample_3_x"": 475, ""last_time"": 2282, ""sample_3_y"": 460, ""first_time"": 16, ""sample_2_y"": 433, ""sample_1_x"": 550, ""last_y"": 487, ""last_x"": 451, ""sample_1_time"": 467, ""sample_4_y"": 487, ""sample_3_time"": 1763, ""count"": 101, ""sample_0_x"": 586, ""sample_2_time"": 1216, ""sample_4_time"": 2282}",Q3 (180-270<U+00B0>),Q3 (180-270<U+00B0>),TRUE,TRUE,Correct,225,0.5710353999999995,0.5710353999999995,0.5710353999999995,0.5710353999999995,TRUE
165703,18,righth,1,yes,3,"""10+""",22,315,224.8121457,2665,2016,"{""first_time"": 17, ""sample_2_y"": 421, ""count"": 99, ""first_y"": 350, ""sample_0_y"": 350, ""last_x"": 447, ""sample_4_time"": 2015, ""sample_0_x"": 589, ""sample_1_time"": 415, ""sample_2_time"": 1199, ""sample_0_time"": 17, ""sample_1_y"": 381, ""last_time"": 2015, ""last_y"": 487, ""sample_4_y"": 487, ""sample_3_y"": 460, ""sample_1_x"": 561, ""sample_2_x"": 516, ""sample_3_time"": 1616, ""first_x"": 589, ""sample_3_x"": 471, ""sample_4_x"": 447}",Q4 (270-360<U+00B0>),Q3 (180-270<U+00B0>),FALSE,TRUE,Formant,225,0.18785429999999792,0.18785429999999792,90.1878543,90.1878543,FALSE
165703,18,righth,1,yes,3,"""10+""",23,135,135.7538483,2532,1767,"{""first_y"": 322, ""last_y"": 185, ""sample_4_y"": 185, ""count"": 101, ""sample_2_time"": 933, ""sample_4_time"": 1767, ""sample_0_x"": 584, ""sample_3_time"": 1350, ""sample_1_x"": 550, ""sample_4_x"": 446, ""sample_0_time"": 17, ""sample_3_x"": 498, ""last_time"": 1767, ""first_time"": 17, ""sample_2_x"": 526, ""sample_2_y"": 266, ""first_x"": 584, ""last_x"": 446, ""sample_1_time"": 500, ""sample_3_y"": 231, ""sample_1_y"": 293, ""sample_0_y"": 322}",Q2 (90-180<U+00B0>),Q2 (90-180<U+00B0>),TRUE,TRUE,Correct,135,0.7538482999999871,0.7538482999999871,0.7538482999999871,0.7538482999999871,TRUE
165703,18,righth,1,yes,3,"""10+""",24,225,221.1859252,2449,1450,"{""last_x"": 440, ""sample_1_y"": 372, ""sample_1_time"": 399, ""sample_0_y"": 347, ""sample_1_x"": 547, ""sample_2_time"": 745, ""sample_4_y"": 475, ""first_y"": 347, ""sample_4_x"": 440, ""count"": 79, ""first_x"": 581, ""sample_0_time"": 16, ""sample_2_y"": 396, ""first_time"": 16, ""sample_3_time"": 1133, ""sample_4_time"": 1450, ""sample_3_x"": 496, ""sample_3_y"": 417, ""last_y"": 475, ""sample_2_x"": 527, ""sample_0_x"": 581, ""last_time"": 1450}",Q3 (180-270<U+00B0>),Q3 (180-270<U+00B0>),TRUE,TRUE,Correct,225,3.814074799999986,3.814074799999986,3.814074799999986,3.814074799999986,TRUE
165703,18,righth,1,yes,3,"""10+""",25,45,44.6205633,2498,1634,"{""sample_1_time"": 417, ""sample_0_x"": 610, ""first_x"": 610, ""sample_4_time"": 1634, ""count"": 98, ""last_y"": 185, ""sample_3_y"": 226, ""sample_3_time"": 1233, ""sample_1_y"": 299, ""sample_0_y"": 323, ""sample_2_time"": 834, ""sample_0_time"": 17, ""sample_3_x"": 710, ""last_time"": 1634, ""first_time"": 17, ""sample_4_y"": 185, ""sample_1_x"": 635, ""sample_2_x"": 675, ""sample_2_y"": 262, ""last_x"": 752, ""first_y"": 323, ""sample_4_x"": 752}",Q1 (0-90<U+00B0>),Q1 (0-90<U+00B0>),TRUE,TRUE,Correct,45,0.3794366999999994,0.3794366999999994,0.3794366999999994,0.3794366999999994,TRUE
165703,18,righth,1,yes,3,"""10+""",26,225,224.8157698,2415,1101,"{""sample_3_y"": 428, ""sample_0_x"": 602, ""sample_4_time"": 1101, ""sample_1_x"": 582, ""sample_2_x"": 556, ""sample_0_y"": 349, ""last_y"": 490, ""sample_4_y"": 490, ""last_time"": 1101, ""sample_2_y"": 400, ""count"": 66, ""first_time"": 17, ""sample_4_x"": 444, ""sample_2_time"": 567, ""sample_1_y"": 383, ""sample_3_time"": 834, ""first_y"": 349, ""sample_0_time"": 17, ""first_x"": 602, ""sample_3_x"": 505, ""sample_1_time"": 284, ""last_x"": 444}",Q3 (180-270<U+00B0>),Q3 (180-270<U+00B0>),TRUE,TRUE,Correct,225,0.1842302000000018,0.1842302000000018,0.1842302000000018,0.1842302000000018,TRUE
165703,18,righth,1,yes,3,"""10+""",27,315,313.6765705,2381,718,"{""first_y"": 361, ""sample_2_y"": 428, ""sample_3_x"": 727, ""first_time"": 19, ""sample_1_y"": 397, ""sample_3_y"": 463, ""last_time"": 717, ""sample_4_y"": 490, ""count"": 43, ""sample_4_time"": 717, ""sample_2_time"": 367, ""sample_4_x"": 748, ""sample_1_time"": 184, ""sample_3_time"": 550, ""sample_2_x"": 705, ""sample_0_time"": 19, ""sample_1_x"": 677, ""sample_0_y"": 361, ""last_y"": 490, ""first_x"": 621, ""last_x"": 748, ""sample_0_x"": 621}",Q4 (270-360<U+00B0>),Q4 (270-360<U+00B0>),TRUE,TRUE,Correct,315,1.3234294999999747,1.3234294999999747,1.3234294999999747,1.3234294999999747,TRUE
165703,18,righth,1,yes,3,"""10+""",28,225,315.3794367,3267,351,"{""sample_4_time"": 350, ""last_y"": 485, ""first_x"": 618, ""count"": 21, ""sample_3_y"": 470, ""sample_0_time"": 16, ""sample_3_time"": 266, ""sample_2_time"": 183, ""sample_2_x"": 686, ""sample_0_y"": 351, ""sample_4_y"": 485, ""first_y"": 351, ""sample_4_x"": 752, ""sample_1_time"": 100, ""last_x"": 752, ""first_time"": 16, ""sample_2_y"": 422, ""sample_0_x"": 618, ""sample_3_x"": 733, ""last_time"": 350, ""sample_1_x"": 650, ""sample_1_y"": 382}",Q3 (180-270<U+00B0>),Q4 (270-360<U+00B0>),FALSE,TRUE,Formant,315,0.3794366999999852,0.3794366999999852,90.37943669999999,90.37943669999999,FALSE
165703,18,righth,1,yes,3,"""10+""",29,45,42.90706569,2515,1267,"{""sample_2_time"": 650, ""first_time"": 16, ""sample_0_y"": 338, ""sample_1_time"": 333, ""sample_3_x"": 736, ""sample_4_x"": 756, ""sample_4_y"": 190, ""sample_0_time"": 16, ""sample_1_x"": 650, ""last_x"": 756, ""sample_0_x"": 614, ""sample_2_x"": 698, ""last_time"": 1266, ""last_y"": 190, ""sample_2_y"": 270, ""first_x"": 614, ""sample_4_time"": 1266, ""sample_3_y"": 214, ""first_y"": 338, ""sample_1_y"": 316, ""sample_3_time"": 965, ""count"": 76}",Q1 (0-90<U+00B0>),Q1 (0-90<U+00B0>),TRUE,TRUE,Correct,45,2.092934309999997,2.092934309999997,2.092934309999997,2.092934309999997,TRUE
165703,18,righth,1,yes,3,"""10+""",30,135,43.85423716,2881,1385,"{""first_x"": 613, ""sample_0_y"": 328, ""sample_2_time"": 700, ""sample_1_time"": 351, ""sample_1_y"": 280, ""count"": 83, ""sample_3_time"": 1051, ""last_y"": 188, ""sample_0_time"": 18, ""sample_3_x"": 733, ""sample_2_y"": 238, ""sample_2_x"": 712, ""first_time"": 18, ""first_y"": 328, ""sample_4_y"": 188, ""sample_1_x"": 670, ""sample_4_time"": 1384, ""sample_0_x"": 613, ""sample_4_x"": 753, ""last_x"": 753, ""last_time"": 1384, ""sample_3_y"": 214}",Q2 (90-180<U+00B0>),Q1 (0-90<U+00B0>),FALSE,TRUE,Formant,45,1.1457628400000033,1.1457628400000033,91.14576284,91.14576284,FALSE
165703,18,righth,1,yes,3,"""10+""",31,45,46.33221985,2447,851,"{""sample_0_time"": 17, ""last_x"": 747, ""sample_2_y"": 236, ""sample_1_x"": 650, ""first_time"": 17, ""last_time"": 851, ""last_y"": 181, ""sample_0_x"": 616, ""sample_4_y"": 181, ""count"": 51, ""sample_1_y"": 279, ""sample_0_y"": 309, ""sample_2_time"": 433, ""sample_3_y"": 207, ""first_y"": 309, ""sample_4_time"": 851, ""sample_3_x"": 723, ""sample_4_x"": 747, ""sample_3_time"": 651, ""sample_1_time"": 216, ""sample_2_x"": 696, ""first_x"": 616}",Q1 (0-90<U+00B0>),Q1 (0-90<U+00B0>),TRUE,TRUE,Correct,45,1.3322198500000013,1.3322198500000013,1.3322198500000013,1.3322198500000013,TRUE
165703,18,righth,1,yes,3,"""10+""",32,225,226.5275254,2348,817,"{""sample_2_time"": 415, ""first_y"": 352, ""sample_3_y"": 477, ""sample_0_y"": 352, ""sample_1_y"": 382, ""count"": 49, ""sample_2_x"": 511, ""sample_4_time"": 816, ""sample_1_time"": 216, ""sample_2_y"": 437, ""last_y"": 489, ""last_x"": 454, ""sample_4_x"": 454, ""sample_3_time"": 617, ""sample_4_y"": 489, ""first_time"": 16, ""first_x"": 583, ""sample_3_x"": 472, ""sample_1_x"": 552, ""sample_0_x"": 583, ""last_time"": 816, ""sample_0_time"": 16}",Q3 (180-270<U+00B0>),Q3 (180-270<U+00B0>),TRUE,TRUE,Correct,225,1.5275254000000018,1.5275254000000018,1.5275254000000018,1.5275254000000018,TRUE
165703,18,righth,1,yes,3,"""10+""",33,135,45.19035073,2398,1117,"{""first_x"": 619, ""sample_4_time"": 1116, ""last_time"": 1116, ""sample_2_y"": 248, ""sample_2_x"": 706, ""sample_1_time"": 283, ""count"": 67, ""last_x"": 750, ""sample_4_y"": 184, ""sample_1_x"": 659, ""sample_0_y"": 322, ""first_time"": 16, ""sample_0_x"": 619, ""last_y"": 184, ""sample_1_y"": 291, ""sample_0_time"": 16, ""sample_3_time"": 849, ""first_y"": 322, ""sample_3_x"": 736, ""sample_4_x"": 750, ""sample_2_time"": 566, ""sample_3_y"": 208}",Q2 (90-180<U+00B0>),Q1 (0-90<U+00B0>),FALSE,TRUE,Formant,45,0.1903507299999987,0.1903507299999987,89.80964927,89.80964927,FALSE
165703,18,righth,1,yes,3,"""10+""",34,45,44.24115988,2466,1350,"{""sample_1_time"": 317, ""last_time"": 1350, ""sample_0_time"": 17, ""sample_2_y"": 240, ""count"": 75, ""sample_1_y"": 300, ""sample_2_x"": 698, ""sample_0_x"": 619, ""first_y"": 328, ""last_x"": 753, ""sample_2_time"": 632, ""sample_3_x"": 741, ""sample_1_x"": 652, ""sample_4_y"": 186, ""first_time"": 17, ""sample_4_x"": 753, ""sample_3_y"": 194, ""first_x"": 619, ""sample_0_y"": 328, ""sample_3_time"": 949, ""sample_4_time"": 1350, ""last_y"": 186}",Q1 (0-90<U+00B0>),Q1 (0-90<U+00B0>),TRUE,TRUE,Correct,45,0.7588401200000021,0.7588401200000021,0.7588401200000021,0.7588401200000021,TRUE
165703,18,righth,1,yes,3,"""10+""",35,135,134.4289646,2500,1317,"{""sample_2_y"": 266, ""sample_4_time"": 1317, ""sample_0_y"": 325, ""sample_2_time"": 650, ""sample_4_x"": 451, ""last_x"": 451, ""sample_0_x"": 588, ""sample_3_time"": 967, ""first_time"": 17, ""sample_3_x"": 476, ""sample_3_y"": 231, ""sample_1_y"": 297, ""sample_1_time"": 333, ""last_time"": 1317, ""first_x"": 588, ""sample_2_x"": 504, ""last_y"": 183, ""count"": 77, ""sample_4_y"": 183, ""first_y"": 325, ""sample_0_time"": 17, ""sample_1_x"": 542}",Q2 (90-180<U+00B0>),Q2 (90-180<U+00B0>),TRUE,TRUE,Correct,135,0.5710353999999995,0.5710353999999995,0.5710353999999995,0.5710353999999995,TRUE
165703,18,righth,1,yes,3,"""10+""",36,45,39.66784112,2433,1016,"{""count"": 61, ""last_time"": 1016, ""sample_4_y"": 199, ""sample_2_time"": 517, ""sample_1_y"": 335, ""sample_1_time"": 267, ""first_time"": 16, ""sample_1_x"": 657, ""sample_3_x"": 740, ""sample_3_y"": 243, ""sample_4_time"": 1016, ""sample_0_time"": 16, ""sample_0_x"": 619, ""first_y"": 336, ""sample_2_x"": 711, ""sample_4_x"": 764, ""sample_3_time"": 766, ""last_x"": 764, ""first_x"": 619, ""sample_0_y"": 336, ""sample_2_y"": 283, ""last_y"": 199}",Q1 (0-90<U+00B0>),Q1 (0-90<U+00B0>),TRUE,TRUE,Correct,45,5.3321588800000015,5.3321588800000015,5.3321588800000015,5.3321588800000015,TRUE
165703,18,righth,1,yes,3,"""10+""",37,315,314.0483304,2466,1100,"{""sample_4_x"": 748, ""sample_0_y"": 335, ""sample_1_x"": 651, ""sample_3_x"": 729, ""sample_4_time"": 1100, ""sample_3_y"": 460, ""sample_4_y"": 488, ""sample_0_x"": 615, ""sample_2_x"": 678, ""first_x"": 615, ""last_time"": 1100, ""last_y"": 488, ""sample_0_time"": 16, ""count"": 66, ""last_x"": 748, ""first_time"": 16, ""sample_3_time"": 834, ""sample_1_y"": 372, ""sample_1_time"": 283, ""sample_2_time"": 566, ""sample_2_y"": 402, ""first_y"": 335}",Q4 (270-360<U+00B0>),Q4 (270-360<U+00B0>),TRUE,TRUE,Correct,315,0.9516696000000024,0.9516696000000024,0.9516696000000024,0.9516696000000024,TRUE
165703,18,righth,1,yes,3,"""10+""",38,45,48.05288251,2483,1350,"{""sample_3_y"": 213, ""sample_0_y"": 341, ""sample_3_x"": 711, ""sample_4_y"": 177, ""count"": 81, ""sample_1_x"": 648, ""sample_2_time"": 682, ""sample_0_time"": 16, ""sample_4_x"": 742, ""sample_1_time"": 350, ""sample_2_x"": 669, ""sample_3_time"": 1016, ""last_x"": 742, ""first_time"": 16, ""first_x"": 617, ""sample_4_time"": 1350, ""sample_0_x"": 617, ""last_time"": 1350, ""first_y"": 341, ""last_y"": 177, ""sample_2_y"": 256, ""sample_1_y"": 305}",Q1 (0-90<U+00B0>),Q1 (0-90<U+00B0>),TRUE,TRUE,Correct,45,3.0528825100000034,3.0528825100000034,3.0528825100000034,3.0528825100000034,TRUE
165703,18,righth,1,yes,3,"""10+""",39,315,308.8200758,2300,467,"{""sample_2_y"": 441, ""sample_1_x"": 666, ""first_y"": 360, ""count"": 28, ""last_time"": 467, ""sample_1_y"": 409, ""sample_4_time"": 467, ""sample_2_x"": 694, ""sample_4_y"": 509, ""sample_3_x"": 712, ""sample_0_time"": 16, ""sample_0_x"": 611, ""sample_1_time"": 133, ""last_y"": 509, ""sample_4_x"": 740, ""sample_0_y"": 360, ""first_x"": 611, ""sample_3_time"": 366, ""sample_2_time"": 250, ""first_time"": 16, ""sample_3_y"": 471, ""last_x"": 740}",Q4 (270-360<U+00B0>),Q4 (270-360<U+00B0>),TRUE,TRUE,Correct,315,6.179924200000016,6.179924200000016,6.179924200000016,6.179924200000016,TRUE
165703,18,righth,1,yes,3,"""10+""",40,135,46.32342946,2316,749,"{""sample_4_time"": 749, ""sample_3_y"": 201, ""sample_1_time"": 199, ""sample_2_y"": 224, ""sample_3_x"": 739, ""sample_0_time"": 16, ""sample_1_y"": 283, ""sample_0_y"": 319, ""last_y"": 180, ""sample_4_y"": 180, ""first_y"": 319, ""sample_3_time"": 567, ""last_time"": 749, ""sample_2_x"": 721, ""sample_2_time"": 382, ""sample_4_x"": 748, ""count"": 45, ""sample_1_x"": 660, ""sample_0_x"": 611, ""last_x"": 748, ""first_time"": 16, ""first_x"": 611}",Q2 (90-180<U+00B0>),Q1 (0-90<U+00B0>),FALSE,TRUE,Formant,45,1.3234294599999998,1.3234294599999998,88.67657054,88.67657054,FALSE
165703,18,righth,1,yes,3,"""10+""",41,315,311.4118933,2365,583,"{""sample_4_y"": 496, ""sample_4_x"": 742, ""first_x"": 606, ""sample_1_y"": 395, ""sample_3_x"": 734, ""sample_2_x"": 704, ""last_time"": 583, ""sample_1_x"": 660, ""sample_0_y"": 357, ""first_time"": 16, ""sample_3_y"": 476, ""sample_0_time"": 16, ""last_x"": 742, ""sample_2_time"": 299, ""sample_4_time"": 583, ""last_y"": 496, ""sample_2_y"": 441, ""sample_0_x"": 606, ""first_y"": 357, ""sample_3_time"": 450, ""sample_1_time"": 149, ""count"": 35}",Q4 (270-360<U+00B0>),Q4 (270-360<U+00B0>),TRUE,TRUE,Correct,315,3.5881067000000257,3.5881067000000257,3.5881067000000257,3.5881067000000257,TRUE
165703,18,righth,1,yes,3,"""10+""",42,45,148.9026871,2649,618,"{""sample_2_time"": 317, ""sample_4_y"": 221, ""sample_0_y"": 316, ""last_time"": 618, ""sample_3_y"": 274, ""sample_1_x"": 506, ""first_x"": 565, ""sample_3_time"": 466, ""first_time"": 17, ""sample_3_x"": 447, ""sample_1_time"": 167, ""first_y"": 316, ""sample_2_x"": 500, ""sample_4_time"": 618, ""sample_4_x"": 411, ""sample_1_y"": 305, ""count"": 37, ""last_x"": 411, ""sample_2_y"": 298, ""sample_0_time"": 17, ""sample_0_x"": 565, ""last_y"": 221}",Q1 (0-90<U+00B0>),Q2 (90-180<U+00B0>),FALSE,TRUE,Formant,135,13.902687100000009,13.902687100000009,103.90268710000001,103.90268710000001,FALSE
165703,18,righth,1,yes,3,"""10+""",43,315,231.9620463,2298,332,"{""sample_3_y"": 488, ""sample_1_time"": 100, ""sample_2_time"": 182, ""first_x"": 590, ""sample_2_y"": 453, ""first_time"": 16, ""sample_1_y"": 400, ""last_x"": 467, ""sample_0_x"": 590, ""count"": 20, ""last_time"": 332, ""sample_0_y"": 357, ""sample_1_x"": 551, ""last_y"": 505, ""sample_2_x"": 501, ""first_y"": 357, ""sample_4_y"": 505, ""sample_3_x"": 478, ""sample_0_time"": 16, ""sample_3_time"": 266, ""sample_4_x"": 467, ""sample_4_time"": 332}",Q4 (270-360<U+00B0>),Q3 (180-270<U+00B0>),FALSE,TRUE,Formant,225,6.962046299999997,6.962046299999997,83.0379537,83.0379537,FALSE
165703,18,righth,1,yes,3,"""10+""",44,45,47.40908137,2284,982,"{""sample_2_y"": 287, ""sample_3_y"": 362, ""sample_3_x"": 590, ""first_x"": 630, ""sample_1_y"": 199, ""sample_0_time"": 16, ""first_y"": 308, ""first_time"": 16, ""count"": 52, ""sample_0_y"": 308, ""sample_4_x"": 748, ""sample_4_y"": 174, ""sample_3_time"": 699, ""sample_1_x"": 734, ""sample_2_time"": 482, ""last_x"": 748, ""sample_2_x"": 675, ""last_y"": 174, ""sample_0_x"": 630, ""sample_4_time"": 981, ""sample_1_time"": 232, ""last_time"": 981}",Q1 (0-90<U+00B0>),Q1 (0-90<U+00B0>),TRUE,TRUE,Correct,45,2.4090813700000027,2.4090813700000027,2.4090813700000027,2.4090813700000027,TRUE
165703,18,righth,1,yes,3,"""10+""",45,135,143.0248761,2480,184,"{""sample_3_x"": 456, ""sample_4_y"": 204, ""count"": 11, ""sample_4_x"": 426, ""sample_2_y"": 269, ""first_time"": 17, ""sample_1_y"": 302, ""sample_0_x"": 584, ""first_y"": 317, ""last_x"": 426, ""sample_2_time"": 100, ""sample_0_y"": 317, ""sample_0_time"": 17, ""last_time"": 184, ""sample_3_y"": 232, ""sample_3_time"": 151, ""sample_4_time"": 184, ""sample_1_x"": 559, ""first_x"": 584, ""last_y"": 204, ""sample_1_time"": 51, ""sample_2_x"": 509}",Q2 (90-180<U+00B0>),Q2 (90-180<U+00B0>),TRUE,TRUE,Correct,135,8.0248761,8.0248761,8.0248761,8.0248761,TRUE
165703,18,righth,1,yes,3,"""10+""",46,135,44.2559408,2350,301,"{""sample_4_x"": 756, ""last_x"": 756, ""sample_2_y"": 238, ""first_y"": 316, ""sample_4_time"": 300, ""sample_3_time"": 233, ""sample_2_time"": 167, ""sample_3_y"": 212, ""last_y"": 183, ""sample_4_y"": 183, ""count"": 18, ""sample_0_x"": 611, ""first_x"": 611, ""sample_2_x"": 706, ""sample_1_time"": 83, ""sample_1_x"": 658, ""sample_0_time"": 17, ""sample_1_y"": 283, ""first_time"": 17, ""sample_0_y"": 316, ""sample_3_x"": 727, ""last_time"": 300}",Q2 (90-180<U+00B0>),Q1 (0-90<U+00B0>),FALSE,TRUE,Formant,45,0.7440592000000024,0.7440592000000024,90.74405920000001,90.74405920000001,FALSE
165703,18,righth,1,yes,3,"""10+""",47,315,321.0885282,2899,400,"{""sample_2_y"": 388, ""sample_4_x"": 766, ""sample_3_y"": 427, ""last_y"": 469, ""sample_3_x"": 740, ""sample_1_y"": 362, ""first_x"": 619, ""last_time"": 400, ""sample_0_x"": 619, ""first_y"": 333, ""sample_4_y"": 469, ""sample_0_time"": 16, ""last_x"": 766, ""sample_4_time"": 400, ""sample_0_y"": 333, ""sample_1_time"": 116, ""sample_2_x"": 702, ""sample_2_time"": 216, ""count"": 24, ""sample_3_time"": 316, ""sample_1_x"": 658, ""first_time"": 16}",Q4 (270-360<U+00B0>),Q4 (270-360<U+00B0>),TRUE,TRUE,Correct,315,6.088528199999985,6.088528199999985,6.088528199999985,6.088528199999985,TRUE
165703,18,righth,1,yes,3,"""10+""",48,225,231.2192297,3231,217,"{""sample_1_y"": 363, ""sample_0_time"": 17, ""last_y"": 508, ""sample_2_x"": 522, ""count"": 13, ""last_time"": 216, ""sample_1_x"": 537, ""first_y"": 348, ""sample_0_x"": 572, ""sample_4_time"": 216, ""sample_2_y"": 392, ""sample_3_x"": 500, ""sample_1_time"": 67, ""sample_3_y"": 472, ""sample_4_y"": 508, ""sample_3_time"": 167, ""first_time"": 17, ""sample_2_time"": 116, ""first_x"": 572, ""sample_4_x"": 461, ""sample_0_y"": 348, ""last_x"": 461}",Q3 (180-270<U+00B0>),Q3 (180-270<U+00B0>),TRUE,TRUE,Correct,225,6.2192297,6.2192297,6.2192297,6.2192297,TRUE
165703,18,righth,1,yes,3,"""10+""",49,225,223.861823,3267,416,"{""sample_4_time"": 416, ""first_time"": 17, ""sample_0_y"": 358, ""last_x"": 446, ""count"": 25, ""sample_1_time"": 116, ""sample_0_time"": 17, ""sample_1_x"": 529, ""sample_2_time"": 216, ""sample_1_y"": 406, ""sample_3_y"": 473, ""sample_2_y"": 431, ""last_time"": 416, ""last_y"": 483, ""sample_3_x"": 455, ""sample_4_y"": 483, ""sample_4_x"": 446, ""sample_0_x"": 586, ""sample_2_x"": 503, ""sample_3_time"": 316, ""first_y"": 358, ""first_x"": 586}",Q3 (180-270<U+00B0>),Q3 (180-270<U+00B0>),TRUE,TRUE,Correct,225,1.138177000000013,1.138177000000013,1.138177000000013,1.138177000000013,TRUE
165703,18,righth,1,yes,3,"""10+""",50,315,230.5993393,2217,167,"{""last_x"": 462, ""last_y"": 503, ""count"": 10, ""first_x"": 584, ""first_y"": 365, ""last_time"": 167, ""first_time"": 15}",Q4 (270-360<U+00B0>),Q3 (180-270<U+00B0>),FALSE,TRUE,Formant,225,5.599339299999997,5.599339299999997,84.4006607,84.4006607,FALSE
165703,18,righth,1,yes,3,"""10+""",51,225,226.3234295,2281,184,"{""sample_0_x"": 562, ""sample_2_y"": 454, ""first_time"": 18, ""sample_2_time"": 101, ""sample_1_y"": 417, ""sample_3_time"": 150, ""count"": 11, ""sample_4_y"": 490, ""sample_2_x"": 483, ""last_x"": 452, ""first_y"": 376, ""sample_4_time"": 184, ""sample_0_y"": 376, ""first_x"": 562, ""last_time"": 184, ""sample_1_time"": 51, ""sample_0_time"": 18, ""last_y"": 490, ""sample_3_x"": 461, ""sample_3_y"": 477, ""sample_4_x"": 452, ""sample_1_x"": 521}",Q3 (180-270<U+00B0>),Q3 (180-270<U+00B0>),TRUE,TRUE,Correct,225,1.3234295000000031,1.3234295000000031,1.3234295000000031,1.3234295000000031,TRUE
165703,18,righth,1,yes,3,"""10+""",52,45,132.9344901,2249,901,"{""sample_2_time"": 484, ""count"": 48, ""last_time"": 901, ""sample_4_time"": 901, ""sample_4_x"": 453, ""sample_2_x"": 523, ""sample_0_x"": 563, ""first_x"": 563, ""first_y"": 326, ""sample_3_x"": 586, ""sample_1_y"": 205, ""last_y"": 177, ""sample_2_y"": 263, ""sample_4_y"": 177, ""sample_1_x"": 460, ""sample_0_y"": 326, ""sample_3_time"": 683, ""sample_0_time"": 16, ""first_time"": 16, ""sample_3_y"": 306, ""sample_1_time"": 217, ""last_x"": 453}",Q1 (0-90<U+00B0>),Q2 (90-180<U+00B0>),FALSE,TRUE,Formant,135,2.065509899999995,2.065509899999995,87.9344901,87.9344901,FALSE
165703,18,righth,1,yes,3,"""10+""",53,315,227.4406379,2383,434,"{""last_y"": 494, ""sample_3_y"": 472, ""last_time"": 433, ""sample_1_y"": 388, ""first_x"": 587, ""sample_2_time"": 232, ""sample_2_y"": 413, ""last_x"": 454, ""sample_4_x"": 454, ""sample_3_x"": 490, ""sample_1_x"": 556, ""sample_3_time"": 332, ""sample_0_x"": 587, ""sample_0_time"": 16, ""first_y"": 360, ""sample_2_x"": 540, ""sample_4_y"": 494, ""sample_4_time"": 433, ""sample_1_time"": 116, ""count"": 26, ""sample_0_y"": 360, ""first_time"": 16}",Q4 (270-360<U+00B0>),Q3 (180-270<U+00B0>),FALSE,TRUE,Formant,225,2.440637900000013,2.440637900000013,87.55936209999999,87.55936209999999,FALSE
165703,18,righth,1,yes,3,"""10+""",54,45,138.8140748,2581,467,"{""last_x"": 440, ""sample_4_y"": 195, ""sample_2_x"": 470, ""last_time"": 466, ""first_x"": 570, ""sample_0_x"": 570, ""sample_1_x"": 472, ""sample_3_y"": 231, ""first_time"": 17, ""first_y"": 312, ""sample_2_y"": 234, ""sample_3_x"": 469, ""sample_0_time"": 17, ""sample_3_time"": 366, ""sample_4_x"": 440, ""last_y"": 195, ""sample_0_y"": 312, ""sample_2_time"": 280, ""count"": 26, ""sample_1_time"": 118, ""sample_1_y"": 237, ""sample_4_time"": 466}",Q1 (0-90<U+00B0>),Q2 (90-180<U+00B0>),FALSE,TRUE,Formant,135,3.814074799999986,3.814074799999986,93.81407479999999,93.81407479999999,FALSE
165703,18,righth,1,yes,3,"""10+""",55,45,133.1159498,2432,1150,"{""sample_4_y"": 178, ""sample_1_y"": 258, ""first_y"": 318, ""sample_0_x"": 568, ""sample_0_time"": 16, ""sample_4_time"": 1149, ""sample_2_y"": 223, ""sample_2_x"": 468, ""first_time"": 16, ""sample_0_y"": 318, ""sample_3_y"": 219, ""sample_4_x"": 453, ""count"": 58, ""first_x"": 568, ""last_x"": 453, ""sample_3_x"": 466, ""sample_1_time"": 250, ""last_time"": 1149, ""sample_3_time"": 733, ""sample_1_x"": 483, ""sample_2_time"": 501, ""last_y"": 178}",Q1 (0-90<U+00B0>),Q2 (90-180<U+00B0>),FALSE,TRUE,Formant,135,1.8840501999999901,1.8840501999999901,88.11594980000001,88.11594980000001,FALSE
165703,18,righth,1,yes,3,"""10+""",56,45,136.9091524,2633,1332,"{""count"": 80, ""sample_2_x"": 459, ""sample_0_time"": 16, ""sample_4_y"": 190, ""sample_3_y"": 204, ""sample_2_y"": 217, ""last_x"": 445, ""first_time"": 16, ""sample_1_y"": 264, ""sample_1_time"": 350, ""sample_0_y"": 329, ""sample_0_x"": 582, ""sample_2_time"": 683, ""last_y"": 190, ""sample_3_time"": 1016, ""sample_4_x"": 445, ""last_time"": 1332, ""sample_3_x"": 452, ""sample_4_time"": 1332, ""first_y"": 329, ""sample_1_x"": 491, ""first_x"": 582}",Q1 (0-90<U+00B0>),Q2 (90-180<U+00B0>),FALSE,TRUE,Formant,135,1.9091524000000106,1.9091524000000106,91.90915240000001,91.90915240000001,FALSE
165703,18,righth,1,yes,3,"""10+""",57,315,313.4724746,3715,883,"{""sample_1_y"": 384, ""first_time"": 17, ""last_y"": 489, ""sample_2_y"": 422, ""last_time"": 883, ""count"": 53, ""sample_2_time"": 450, ""first_x"": 619, ""sample_3_y"": 463, ""sample_4_time"": 883, ""last_x"": 746, ""sample_1_time"": 232, ""first_y"": 347, ""sample_0_time"": 17, ""sample_3_x"": 721, ""sample_4_y"": 489, ""sample_2_x"": 692, ""sample_4_x"": 746, ""sample_1_x"": 658, ""sample_0_x"": 619, ""sample_0_y"": 347, ""sample_3_time"": 666}",Q4 (270-360<U+00B0>),Q4 (270-360<U+00B0>),TRUE,TRUE,Correct,315,1.5275254000000018,1.5275254000000018,1.5275254000000018,1.5275254000000018,TRUE
165703,18,righth,1,yes,3,"""10+""",58,135,46.51741413,2516,801,"{""last_x"": 747, ""sample_2_x"": 724, ""last_time"": 800, ""sample_0_x"": 616, ""sample_1_time"": 217, ""sample_4_y"": 180, ""sample_2_time"": 417, ""sample_4_x"": 747, ""first_y"": 329, ""sample_3_y"": 203, ""count"": 48, ""first_time"": 20, ""first_x"": 616, ""sample_2_y"": 214, ""sample_3_x"": 736, ""sample_0_time"": 20, ""sample_3_time"": 617, ""sample_4_time"": 800, ""sample_0_y"": 329, ""last_y"": 180, ""sample_1_x"": 678, ""sample_1_y"": 268}",Q2 (90-180<U+00B0>),Q1 (0-90<U+00B0>),FALSE,TRUE,Formant,45,1.5174141299999988,1.5174141299999988,88.48258587000001,88.48258587000001,FALSE
165703,18,righth,1,yes,3,"""10+""",59,45,46.51741413,2382,684,"{""sample_4_y"": 180, ""sample_3_y"": 210, ""sample_3_time"": 516, ""sample_4_time"": 683, ""sample_0_x"": 627, ""sample_0_time"": 16, ""first_y"": 321, ""first_time"": 16, ""sample_0_y"": 321, ""last_y"": 180, ""sample_3_x"": 721, ""sample_1_time"": 182, ""sample_2_x"": 691, ""sample_1_x"": 677, ""sample_4_x"": 747, ""sample_1_y"": 280, ""count"": 41, ""first_x"": 627, ""last_time"": 683, ""sample_2_y"": 261, ""sample_2_time"": 349, ""last_x"": 747}",Q1 (0-90<U+00B0>),Q1 (0-90<U+00B0>),TRUE,TRUE,Correct,45,1.5174141299999988,1.5174141299999988,1.5174141299999988,1.5174141299999988,TRUE
165703,18,righth,1,yes,3,"""10+""",60,315,313.1034817,2467,850,"{""sample_3_y"": 471, ""sample_4_y"": 491, ""sample_4_x"": 746, ""last_time"": 849, ""sample_2_x"": 685, ""sample_2_time"": 433, ""sample_3_x"": 743, ""sample_1_time"": 216, ""sample_1_y"": 395, ""sample_1_x"": 630, ""last_y"": 491, ""sample_2_y"": 442, ""sample_4_time"": 849, ""sample_3_time"": 649, ""last_x"": 746, ""first_time"": 16, ""first_y"": 367, ""count"": 51, ""sample_0_time"": 16, ""first_x"": 606, ""sample_0_y"": 367, ""sample_0_x"": 606}",Q4 (270-360<U+00B0>),Q4 (270-360<U+00B0>),TRUE,TRUE,Correct,315,1.8965183000000252,1.8965183000000252,1.8965183000000252,1.8965183000000252,TRUE
165703,18,righth,1,yes,3,"""10+""",61,315,232.9696104,2583,1017,"{""sample_3_x"": 500, ""count"": 59, ""sample_0_time"": 17, ""last_y"": 506, ""last_time"": 1016, ""sample_1_y"": 413, ""sample_1_x"": 558, ""sample_3_y"": 483, ""sample_0_y"": 354, ""sample_3_time"": 750, ""sample_0_x"": 590, ""sample_1_time"": 250, ""sample_4_x"": 471, ""sample_2_y"": 464, ""sample_2_x"": 518, ""sample_2_time"": 500, ""first_y"": 354, ""first_time"": 17, ""sample_4_y"": 506, ""last_x"": 471, ""sample_4_time"": 1016, ""first_x"": 590}",Q4 (270-360<U+00B0>),Q3 (180-270<U+00B0>),FALSE,TRUE,Formant,225,7.969610399999993,7.969610399999993,82.0303896,82.0303896,FALSE
165703,18,righth,1,yes,3,"""10+""",62,45,51.4659321,2516,1083,"{""sample_2_time"": 549, ""last_y"": 168, ""sample_2_y"": 241, ""sample_0_y"": 331, ""sample_1_y"": 292, ""sample_2_x"": 689, ""first_x"": 616, ""count"": 65, ""sample_1_time"": 282, ""sample_0_time"": 16, ""sample_3_x"": 717, ""last_x"": 733, ""first_y"": 331, ""last_time"": 1083, ""sample_4_time"": 1083, ""sample_4_y"": 168, ""first_time"": 16, ""sample_1_x"": 650, ""sample_4_x"": 733, ""sample_0_x"": 616, ""sample_3_y"": 198, ""sample_3_time"": 816}",Q1 (0-90<U+00B0>),Q1 (0-90<U+00B0>),TRUE,TRUE,Correct,45,6.465932100000003,6.465932100000003,6.465932100000003,6.465932100000003,TRUE
165703,18,righth,1,yes,3,"""10+""",63,315,230.5397881,2433,1083,"{""last_y"": 499, ""sample_4_time"": 1082, ""sample_4_x"": 465, ""sample_1_x"": 569, ""sample_4_y"": 499, ""last_time"": 1082, ""first_time"": 16, ""first_y"": 345, ""sample_2_time"": 549, ""sample_2_x"": 520, ""sample_1_y"": 375, ""sample_1_time"": 282, ""sample_0_y"": 345, ""sample_0_time"": 16, ""sample_3_x"": 484, ""sample_0_x"": 590, ""count"": 65, ""sample_3_y"": 465, ""first_x"": 590, ""sample_3_time"": 816, ""last_x"": 465, ""sample_2_y"": 421}",Q4 (270-360<U+00B0>),Q3 (180-270<U+00B0>),FALSE,TRUE,Formant,225,5.53978810000001,5.53978810000001,84.46021189999999,84.46021189999999,FALSE
165703,18,righth,1,yes,3,"""10+""",64,135,133.8542372,2583,334,"{""sample_0_y"": 322, ""sample_4_y"": 182, ""sample_4_time"": 333, ""sample_3_time"": 267, ""sample_1_time"": 100, ""sample_0_time"": 16, ""sample_1_x"": 530, ""sample_4_x"": 453, ""last_time"": 333, ""count"": 20, ""last_x"": 453, ""sample_3_y"": 219, ""sample_1_y"": 297, ""sample_2_time"": 183, ""first_y"": 322, ""first_x"": 580, ""sample_3_x"": 491, ""last_y"": 182, ""first_time"": 16, ""sample_2_y"": 270, ""sample_2_x"": 511, ""sample_0_x"": 580}",Q2 (90-180<U+00B0>),Q2 (90-180<U+00B0>),TRUE,TRUE,Correct,135,1.1457628,1.1457628,1.1457628,1.1457628,TRUE
165703,18,righth,1,yes,3,"""10+""",65,45,53.93326161,2866,1818,"{""last_y"": 162, ""sample_2_time"": 667, ""last_x"": 726, ""sample_0_x"": 603, ""sample_1_time"": 333, ""sample_1_y"": 286, ""sample_3_x"": 696, ""sample_3_time"": 983, ""sample_2_y"": 235, ""first_y"": 321, ""sample_2_x"": 676, ""sample_4_y"": 162, ""sample_1_x"": 641, ""sample_4_x"": 726, ""sample_4_time"": 1817, ""last_time"": 1817, ""sample_0_time"": 17, ""first_x"": 603, ""sample_3_y"": 195, ""count"": 78, ""sample_0_y"": 321, ""first_time"": 17}",Q1 (0-90<U+00B0>),Q1 (0-90<U+00B0>),TRUE,TRUE,Correct,45,8.933261610000002,8.933261610000002,8.933261610000002,8.933261610000002,TRUE
165703,18,righth,1,yes,3,"""10+""",66,225,227.0655099,2534,1699,"{""count"": 78, ""sample_0_y"": 349, ""first_y"": 349, ""sample_1_y"": 390, ""first_x"": 594, ""sample_3_time"": 1266, ""sample_4_x"": 453, ""sample_2_y"": 433, ""last_y"": 493, ""sample_1_x"": 558, ""last_x"": 453, ""sample_4_time"": 1699, ""sample_0_time"": 17, ""sample_3_x"": 469, ""sample_4_y"": 493, ""sample_0_x"": 594, ""first_time"": 17, ""sample_1_time"": 582, ""sample_2_time"": 949, ""sample_2_x"": 517, ""last_time"": 1699, ""sample_3_y"": 469}",Q3 (180-270<U+00B0>),Q3 (180-270<U+00B0>),TRUE,TRUE,Correct,225,2.065509899999995,2.065509899999995,2.065509899999995,2.065509899999995,TRUE
165703,18,righth,1,yes,3,"""10+""",67,45,43.48258587,2571,1218,"{""sample_1_x"": 674, ""sample_2_y"": 242, ""sample_1_time"": 317, ""sample_4_y"": 188, ""last_x"": 755, ""sample_0_y"": 329, ""sample_4_time"": 1218, ""last_y"": 188, ""sample_3_x"": 740, ""first_time"": 17, ""first_x"": 617, ""sample_0_x"": 617, ""sample_3_y"": 208, ""sample_2_x"": 709, ""first_y"": 329, ""count"": 73, ""sample_0_time"": 17, ""sample_4_x"": 755, ""sample_2_time"": 618, ""sample_3_time"": 918, ""last_time"": 1218, ""sample_1_y"": 285}",Q1 (0-90<U+00B0>),Q1 (0-90<U+00B0>),TRUE,TRUE,Correct,45,1.5174141299999988,1.5174141299999988,1.5174141299999988,1.5174141299999988,TRUE
165703,18,righth,1,yes,3,"""10+""",68,45,41.18592517,2632,450,"{""sample_2_x"": 694, ""last_time"": 449, ""sample_2_time"": 233, ""sample_4_time"": 449, ""sample_1_x"": 658, ""sample_4_x"": 760, ""first_y"": 326, ""last_y"": 195, ""last_x"": 760, ""sample_3_x"": 724, ""first_time"": 18, ""sample_3_y"": 231, ""sample_4_y"": 195, ""sample_3_time"": 350, ""count"": 27, ""sample_0_y"": 326, ""first_x"": 619, ""sample_0_time"": 18, ""sample_2_y"": 260, ""sample_1_time"": 116, ""sample_0_x"": 619, ""sample_1_y"": 292}",Q1 (0-90<U+00B0>),Q1 (0-90<U+00B0>),TRUE,TRUE,Correct,45,3.8140748300000027,3.8140748300000027,3.8140748300000027,3.8140748300000027,TRUE
165703,18,righth,1,yes,3,"""10+""",69,135,135.1890943,2382,816,"{""sample_0_x"": 573, ""sample_2_time"": 417, ""first_x"": 573, ""sample_3_y"": 196, ""sample_4_x"": 448, ""sample_2_y"": 219, ""sample_4_time"": 816, ""first_time"": 17, ""last_x"": 448, ""sample_3_x"": 464, ""sample_1_time"": 217, ""last_time"": 816, ""sample_4_y"": 184, ""sample_0_time"": 17, ""sample_0_y"": 321, ""count"": 49, ""last_y"": 184, ""sample_2_x"": 481, ""sample_1_y"": 257, ""first_y"": 321, ""sample_3_time"": 616, ""sample_1_x"": 508}",Q2 (90-180<U+00B0>),Q2 (90-180<U+00B0>),TRUE,TRUE,Correct,135,0.1890942999999936,0.1890942999999936,0.1890942999999936,0.1890942999999936,TRUE
165703,18,righth,1,yes,3,"""10+""",70,225,217.3549867,2665,666,"{""first_time"": 16, ""sample_3_y"": 438, ""first_x"": 589, ""last_time"": 666, ""sample_3_time"": 515, ""sample_1_y"": 378, ""sample_4_x"": 431, ""count"": 40, ""first_y"": 352, ""sample_0_y"": 352, ""sample_2_x"": 524, ""sample_1_time"": 182, ""sample_2_y"": 411, ""sample_4_y"": 464, ""last_y"": 464, ""last_x"": 431, ""sample_1_x"": 561, ""sample_2_time"": 349, ""sample_4_time"": 666, ""sample_3_x"": 468, ""sample_0_time"": 16, ""sample_0_x"": 589}",Q3 (180-270<U+00B0>),Q3 (180-270<U+00B0>),TRUE,TRUE,Correct,225,7.645013299999988,7.645013299999988,7.645013299999988,7.645013299999988,TRUE
165703,18,righth,1,yes,3,"""10+""",71,135,41.94711749,2666,1166,"{""first_time"": 18, ""last_x"": 758, ""sample_0_x"": 618, ""count"": 70, ""sample_2_x"": 701, ""sample_4_time"": 1166, ""last_y"": 193, ""sample_3_x"": 730, ""sample_1_time"": 299, ""sample_0_time"": 18, ""sample_4_y"": 193, ""sample_3_y"": 226, ""sample_2_time"": 600, ""sample_0_y"": 332, ""sample_3_time"": 883, ""sample_2_y"": 258, ""last_time"": 1166, ""sample_1_y"": 305, ""first_x"": 618, ""first_y"": 332, ""sample_4_x"": 758, ""sample_1_x"": 662}",Q2 (90-180<U+00B0>),Q1 (0-90<U+00B0>),FALSE,TRUE,Formant,45,3.0528825100000034,3.0528825100000034,93.05288251,93.05288251,FALSE
165703,18,righth,1,yes,3,"""10+""",72,225,310.4260787,2350,649,"{""sample_1_y"": 366, ""sample_2_x"": 708, ""count"": 39, ""last_x"": 738, ""first_x"": 614, ""sample_0_y"": 346, ""first_y"": 346, ""last_time"": 648, ""sample_0_time"": 15, ""sample_1_x"": 657, ""sample_4_time"": 648, ""sample_0_x"": 614, ""sample_2_time"": 332, ""sample_2_y"": 435, ""sample_4_y"": 497, ""sample_3_time"": 499, ""sample_3_y"": 468, ""sample_3_x"": 728, ""last_y"": 497, ""first_time"": 15, ""sample_1_time"": 165, ""sample_4_x"": 738}",Q3 (180-270<U+00B0>),Q4 (270-360<U+00B0>),FALSE,TRUE,Formant,315,4.573921299999995,4.573921299999995,85.4260787,85.4260787,FALSE
165703,18,righth,1,yes,3,"""10+""",73,135,131.2111101,2268,298,"{""first_y"": 323, ""last_time"": 298, ""sample_1_y"": 287, ""sample_0_x"": 594, ""sample_4_x"": 459, ""sample_1_x"": 565, ""sample_4_time"": 298, ""last_y"": 174, ""first_time"": 14, ""sample_3_x"": 477, ""sample_4_y"": 174, ""count"": 18, ""sample_2_y"": 238, ""sample_2_time"": 164, ""sample_2_x"": 508, ""sample_3_time"": 231, ""sample_1_time"": 81, ""sample_0_y"": 323, ""sample_3_y"": 205, ""first_x"": 594, ""last_x"": 459, ""sample_0_time"": 14}",Q2 (90-180<U+00B0>),Q2 (90-180<U+00B0>),TRUE,TRUE,Correct,135,3.7888898999999867,3.7888898999999867,3.7888898999999867,3.7888898999999867,TRUE
165703,18,righth,1,yes,3,"""10+""",74,225,232.2190208,2265,733,"{""sample_0_time"": 16, ""sample_4_y"": 504, ""sample_4_x"": 469, ""sample_1_y"": 433, ""count"": 44, ""sample_2_y"": 467, ""sample_4_time"": 733, ""sample_0_x"": 594, ""sample_0_y"": 353, ""sample_1_x"": 531, ""sample_3_y"": 491, ""first_y"": 353, ""first_x"": 594, ""sample_2_time"": 383, ""last_y"": 504, ""sample_1_time"": 201, ""sample_3_x"": 486, ""first_time"": 16, ""sample_3_time"": 566, ""sample_2_x"": 507, ""last_x"": 469, ""last_time"": 733}",Q3 (180-270<U+00B0>),Q3 (180-270<U+00B0>),TRUE,TRUE,Correct,225,7.21902080000001,7.21902080000001,7.21902080000001,7.21902080000001,TRUE
165703,18,righth,1,yes,3,"""10+""",75,315,318.7152891,2248,302,"{""sample_2_y"": 425, ""sample_3_time"": 234, ""sample_0_y"": 349, ""sample_2_time"": 168, ""first_y"": 349, ""count"": 18, ""last_y"": 479, ""first_x"": 621, ""sample_1_time"": 85, ""last_x"": 764, ""sample_2_x"": 698, ""last_time"": 302, ""first_time"": 17, ""sample_1_y"": 384, ""sample_4_y"": 479, ""sample_1_x"": 656, ""sample_0_time"": 17, ""sample_4_x"": 764, ""sample_3_y"": 448, ""sample_3_x"": 736, ""sample_4_time"": 302, ""sample_0_x"": 621}",Q4 (270-360<U+00B0>),Q4 (270-360<U+00B0>),TRUE,TRUE,Correct,315,3.715289100000007,3.715289100000007,3.715289100000007,3.715289100000007,TRUE
165703,18,righth,1,yes,3,"""10+""",76,225,224.0483304,2615,767,"{""last_x"": 447, ""sample_1_y"": 390, ""sample_0_x"": 588, ""first_x"": 588, ""last_y"": 483, ""sample_2_time"": 399, ""sample_4_y"": 483, ""sample_3_x"": 481, ""sample_4_x"": 447, ""count"": 46, ""last_time"": 766, ""sample_3_time"": 583, ""sample_0_time"": 16, ""sample_3_y"": 459, ""sample_1_x"": 544, ""sample_4_time"": 766, ""sample_1_time"": 200, ""first_time"": 16, ""sample_2_x"": 500, ""sample_2_y"": 454, ""first_y"": 349, ""sample_0_y"": 349}",Q3 (180-270<U+00B0>),Q3 (180-270<U+00B0>),TRUE,TRUE,Correct,225,0.9516696000000024,0.9516696000000024,0.9516696000000024,0.9516696000000024,TRUE
165703,18,righth,1,yes,3,"""10+""",77,135,38.91147185,2565,850,"{""last_y"": 201, ""sample_3_y"": 246, ""first_y"": 332, ""last_time"": 850, ""sample_3_x"": 719, ""last_x"": 766, ""sample_1_time"": 216, ""sample_2_y"": 282, ""first_time"": 17, ""sample_2_x"": 685, ""first_x"": 615, ""sample_4_time"": 850, ""count"": 51, ""sample_4_y"": 201, ""sample_3_time"": 650, ""sample_0_x"": 615, ""sample_1_y"": 327, ""sample_1_x"": 637, ""sample_4_x"": 766, ""sample_0_time"": 17, ""sample_2_time"": 433, ""sample_0_y"": 332}",Q2 (90-180<U+00B0>),Q1 (0-90<U+00B0>),FALSE,TRUE,Formant,45,6.088528150000002,6.088528150000002,96.08852815,96.08852815,FALSE
165703,18,righth,1,yes,3,"""10+""",78,225,224.6230595,2433,1315,"{""sample_2_y"": 430, ""last_time"": 1315, ""sample_2_time"": 657, ""sample_0_y"": 347, ""last_y"": 486, ""sample_0_x"": 582, ""last_x"": 447, ""sample_4_y"": 486, ""sample_3_y"": 447, ""sample_4_time"": 1315, ""sample_1_time"": 332, ""sample_0_time"": 17, ""sample_2_x"": 509, ""first_y"": 347, ""sample_1_y"": 417, ""sample_3_x"": 485, ""first_x"": 582, ""sample_4_x"": 447, ""sample_3_time"": 971, ""sample_1_x"": 525, ""count"": 77, ""first_time"": 17}",Q3 (180-270<U+00B0>),Q3 (180-270<U+00B0>),TRUE,TRUE,Correct,225,0.37694049999998924,0.37694049999998924,0.37694049999998924,0.37694049999998924,TRUE
165703,18,righth,1,yes,3,"""10+""",79,135,128.3674854,2234,1967,"{""sample_3_y"": 185, ""sample_0_x"": 593, ""sample_4_y"": 167, ""sample_4_x"": 467, ""sample_1_x"": 519, ""sample_1_time"": 483, ""sample_2_x"": 494, ""first_y"": 319, ""sample_0_y"": 319, ""sample_1_y"": 263, ""sample_2_y"": 236, ""last_time"": 1967, ""sample_0_time"": 16, ""sample_3_time"": 1433, ""first_x"": 593, ""last_y"": 167, ""count"": 114, ""first_time"": 16, ""sample_4_time"": 1967, ""sample_2_time"": 966, ""last_x"": 467, ""sample_3_x"": 467}",Q2 (90-180<U+00B0>),Q2 (90-180<U+00B0>),TRUE,TRUE,Correct,135,6.6325146000000075,6.6325146000000075,6.6325146000000075,6.6325146000000075,TRUE
165703,18,righth,1,yes,3,"""10+""",80,135,41.80976571,4415,1350,"{""sample_1_x"": 650, ""last_x"": 761, ""sample_4_time"": 1350, ""first_x"": 615, ""first_time"": 16, ""sample_1_time"": 333, ""sample_0_y"": 336, ""last_y"": 191, ""sample_2_y"": 279, ""first_y"": 336, ""sample_4_x"": 761, ""sample_0_x"": 615, ""sample_4_y"": 191, ""sample_3_y"": 231, ""sample_3_x"": 724, ""last_time"": 1350, ""sample_1_y"": 308, ""sample_2_time"": 667, ""sample_2_x"": 684, ""count"": 79, ""sample_0_time"": 16, ""sample_3_time"": 1000}",Q2 (90-180<U+00B0>),Q1 (0-90<U+00B0>),FALSE,TRUE,Formant,45,3.1902342899999994,3.1902342899999994,93.19023429,93.19023429,FALSE
165703,18,righth,1,yes,3,"""10+""",81,135,147.4259429,4181,567,"{""sample_2_y"": 283, ""sample_0_time"": 18, ""first_y"": 327, ""first_x"": 578, ""sample_3_time"": 433, ""sample_0_y"": 327, ""sample_1_time"": 150, ""count"": 34, ""sample_4_time"": 567, ""sample_4_x"": 420, ""sample_3_y"": 254, ""sample_3_x"": 447, ""sample_2_time"": 299, ""last_y"": 220, ""sample_4_y"": 220, ""first_time"": 18, ""sample_0_x"": 578, ""sample_1_y"": 314, ""last_time"": 567, ""sample_2_x"": 472, ""sample_1_x"": 522, ""last_x"": 420}",Q2 (90-180<U+00B0>),Q2 (90-180<U+00B0>),TRUE,TRUE,Correct,135,12.425942899999995,12.425942899999995,12.425942899999995,12.425942899999995,TRUE
165703,18,righth,1,yes,3,"""10+""",82,135,140.8416189,2482,501,"{""sample_2_y"": 249, ""sample_3_y"": 225, ""sample_1_x"": 507, ""sample_3_time"": 384, ""count"": 30, ""sample_3_x"": 452, ""sample_2_time"": 267, ""last_x"": 433, ""sample_4_x"": 433, ""sample_1_y"": 283, ""last_time"": 500, ""sample_4_y"": 199, ""first_y"": 327, ""first_x"": 565, ""sample_0_time"": 17, ""first_time"": 17, ""sample_2_x"": 481, ""sample_0_y"": 327, ""sample_0_x"": 565, ""sample_1_time"": 133, ""sample_4_time"": 500, ""last_y"": 199}",Q2 (90-180<U+00B0>),Q2 (90-180<U+00B0>),TRUE,TRUE,Correct,135,5.841618899999986,5.841618899999986,5.841618899999986,5.841618899999986,TRUE
165703,18,righth,1,yes,3,"""10+""",83,225,319.1665049,2732,883,"{""sample_0_time"": 16, ""sample_0_x"": 624, ""sample_1_time"": 234, ""sample_0_y"": 350, ""sample_4_y"": 475, ""sample_2_y"": 414, ""sample_3_time"": 666, ""sample_1_y"": 380, ""last_time"": 883, ""sample_2_x"": 724, ""first_y"": 350, ""count"": 53, ""last_x"": 762, ""sample_4_x"": 762, ""last_y"": 475, ""sample_3_x"": 744, ""sample_2_time"": 449, ""sample_1_x"": 680, ""sample_4_time"": 883, ""first_x"": 624, ""sample_3_y"": 439, ""first_time"": 16}",Q3 (180-270<U+00B0>),Q4 (270-360<U+00B0>),FALSE,TRUE,Formant,315,4.166504900000007,4.166504900000007,94.1665049,94.1665049,FALSE
165703,18,righth,1,yes,3,"""10+""",84,225,313.0908476,2482,900,"{""sample_3_x"": 716, ""sample_2_y"": 424, ""sample_3_y"": 459, ""sample_2_time"": 467, ""first_y"": 341, ""sample_1_time"": 233, ""sample_2_x"": 693, ""sample_4_x"": 745, ""first_time"": 16, ""sample_4_time"": 900, ""first_x"": 617, ""sample_0_x"": 617, ""sample_3_time"": 683, ""last_x"": 745, ""last_time"": 900, ""sample_4_y"": 490, ""sample_0_y"": 341, ""sample_0_time"": 16, ""sample_1_y"": 393, ""last_y"": 490, ""count"": 54, ""sample_1_x"": 663}",Q3 (180-270<U+00B0>),Q4 (270-360<U+00B0>),FALSE,TRUE,Formant,315,1.9091523999999822,1.9091523999999822,88.09084760000002,88.09084760000002,FALSE
165703,18,righth,1,yes,3,"""10+""",85,45,151.3302484,2317,83,"{""first_time"": 17, ""last_y"": 224, ""count"": 5, ""last_time"": 83, ""first_y"": 307, ""last_x"": 397, ""first_x"": 550}",Q1 (0-90<U+00B0>),Q2 (90-180<U+00B0>),FALSE,TRUE,Formant,135,16.330248399999988,16.330248399999988,106.33024839999999,106.33024839999999,FALSE
165703,18,righth,1,yes,3,"""10+""",86,45,137.6367584,2433,467,"{""first_y"": 322, ""sample_3_time"": 367, ""sample_0_time"": 16, ""sample_3_y"": 211, ""sample_4_x"": 441, ""sample_1_y"": 272, ""sample_0_y"": 322, ""count"": 28, ""last_x"": 441, ""sample_2_y"": 249, ""sample_1_time"": 133, ""sample_4_y"": 190, ""sample_1_x"": 540, ""first_time"": 16, ""sample_3_x"": 472, ""sample_2_time"": 250, ""sample_0_x"": 583, ""first_x"": 583, ""last_time"": 467, ""sample_2_x"": 519, ""last_y"": 190, ""sample_4_time"": 467}",Q1 (0-90<U+00B0>),Q2 (90-180<U+00B0>),FALSE,TRUE,Formant,135,2.636758399999991,2.636758399999991,92.63675839999999,92.63675839999999,FALSE
165703,18,righth,1,yes,3,"""10+""",87,315,311.0090869,2317,1018,"{""sample_3_x"": 728, ""last_time"": 1018, ""count"": 52, ""sample_3_time"": 816, ""sample_1_x"": 676, ""sample_2_time"": 449, ""first_time"": 16, ""sample_0_time"": 16, ""sample_1_time"": 232, ""sample_3_y"": 479, ""sample_4_x"": 740, ""sample_2_y"": 464, ""sample_2_x"": 716, ""sample_0_x"": 616, ""last_y"": 496, ""sample_4_y"": 496, ""first_y"": 356, ""sample_1_y"": 428, ""last_x"": 740, ""sample_4_time"": 1018, ""sample_0_y"": 356, ""first_x"": 616}",Q4 (270-360<U+00B0>),Q4 (270-360<U+00B0>),TRUE,TRUE,Correct,315,3.9909131,3.9909131,3.9909131,3.9909131,TRUE
165703,18,righth,1,yes,3,"""10+""",88,225,225.5635469,2399,585,"{""sample_2_y"": 441, ""count"": 35, ""first_time"": 18, ""first_x"": 586, ""sample_2_x"": 515, ""last_y"": 489, ""sample_3_time"": 450, ""first_y"": 358, ""sample_3_x"": 480, ""sample_1_time"": 151, ""sample_0_time"": 18, ""last_x"": 449, ""sample_2_time"": 302, ""sample_0_x"": 586, ""sample_3_y"": 460, ""last_time"": 584, ""sample_1_y"": 405, ""sample_0_y"": 358, ""sample_1_x"": 545, ""sample_4_x"": 449, ""sample_4_y"": 489, ""sample_4_time"": 584}",Q3 (180-270<U+00B0>),Q3 (180-270<U+00B0>),TRUE,TRUE,Correct,225,0.5635469000000057,0.5635469000000057,0.5635469000000057,0.5635469000000057,TRUE
165703,18,righth,1,yes,3,"""10+""",89,135,138.1902343,2249,384,"{""sample_3_x"": 454, ""sample_2_x"": 467, ""sample_2_y"": 235, ""last_time"": 383, ""sample_3_time"": 300, ""sample_1_time"": 100, ""sample_2_time"": 199, ""sample_0_x"": 582, ""last_x"": 439, ""sample_4_y"": 191, ""last_y"": 191, ""sample_1_x"": 539, ""sample_3_y"": 207, ""count"": 23, ""sample_0_time"": 16, ""sample_1_y"": 297, ""sample_0_y"": 325, ""sample_4_time"": 383, ""sample_4_x"": 439, ""first_x"": 582, ""first_time"": 16, ""first_y"": 325}",Q2 (90-180<U+00B0>),Q2 (90-180<U+00B0>),TRUE,TRUE,Correct,135,3.190234299999986,3.190234299999986,3.190234299999986,3.190234299999986,TRUE
165703,18,righth,1,yes,3,"""10+""",90,45,41.03534528,2499,701,"{""sample_4_time"": 701, ""count"": 42, ""last_time"": 701, ""first_y"": 325, ""last_x"": 762, ""sample_2_time"": 368, ""sample_0_x"": 622, ""first_x"": 622, ""sample_0_time"": 17, ""sample_0_y"": 325, ""last_y"": 194, ""sample_4_y"": 194, ""sample_2_y"": 259, ""sample_1_x"": 668, ""sample_3_time"": 534, ""sample_2_x"": 713, ""sample_1_time"": 184, ""sample_4_x"": 762, ""first_time"": 17, ""sample_1_y"": 296, ""sample_3_x"": 742, ""sample_3_y"": 229}",Q1 (0-90<U+00B0>),Q1 (0-90<U+00B0>),TRUE,TRUE,Correct,45,3.9646547199999986,3.9646547199999986,3.9646547199999986,3.9646547199999986,TRUE
165703,18,righth,1,yes,3,"""10+""",91,315,313.8839896,2483,700,"{""sample_4_time"": 699, ""sample_0_x"": 615, ""count"": 42, ""last_y"": 492, ""sample_1_y"": 392, ""sample_3_x"": 705, ""sample_1_time"": 182, ""sample_0_time"": 17, ""sample_1_x"": 655, ""last_x"": 751, ""sample_2_x"": 682, ""first_time"": 17, ""sample_0_y"": 347, ""last_time"": 699, ""sample_3_y"": 446, ""first_x"": 615, ""sample_2_y"": 420, ""sample_4_y"": 492, ""sample_3_time"": 533, ""sample_2_time"": 366, ""first_y"": 347, ""sample_4_x"": 751}",Q4 (270-360<U+00B0>),Q4 (270-360<U+00B0>),TRUE,TRUE,Correct,315,1.1160103999999933,1.1160103999999933,1.1160103999999933,1.1160103999999933,TRUE
165703,18,righth,1,yes,3,"""10+""",92,315,319.484606,2316,1217,"{""sample_3_y"": 459, ""sample_3_time"": 850, ""sample_0_y"": 359, ""sample_1_y"": 399, ""sample_4_time"": 1217, ""last_x"": 765, ""sample_1_x"": 659, ""sample_1_time"": 284, ""sample_4_y"": 476, ""sample_0_x"": 621, ""sample_4_x"": 765, ""sample_2_y"": 430, ""count"": 67, ""first_time"": 17, ""first_x"": 621, ""first_y"": 359, ""sample_2_time"": 567, ""sample_0_time"": 17, ""sample_3_x"": 728, ""last_time"": 1217, ""last_y"": 476, ""sample_2_x"": 692}",Q4 (270-360<U+00B0>),Q4 (270-360<U+00B0>),TRUE,TRUE,Correct,315,4.484605999999985,4.484605999999985,4.484605999999985,4.484605999999985,TRUE
165703,18,righth,1,yes,3,"""10+""",93,315,231.4659321,2265,533,"{""last_y"": 502, ""sample_1_y"": 438, ""sample_2_y"": 458, ""sample_4_y"": 502, ""first_y"": 377, ""sample_2_time"": 266, ""sample_3_x"": 479, ""sample_0_time"": 17, ""sample_4_time"": 533, ""sample_1_time"": 132, ""sample_2_x"": 498, ""sample_3_time"": 382, ""first_x"": 575, ""sample_0_x"": 575, ""last_time"": 533, ""first_time"": 17, ""last_x"": 467, ""sample_3_y"": 483, ""sample_0_y"": 377, ""count"": 30, ""sample_1_x"": 512, ""sample_4_x"": 467}",Q4 (270-360<U+00B0>),Q3 (180-270<U+00B0>),FALSE,TRUE,Formant,225,6.465932100000003,6.465932100000003,83.5340679,83.5340679,FALSE
165703,18,righth,1,yes,3,"""10+""",94,225,233.2894044,2283,516,"{""sample_0_x"": 589, ""first_y"": 360, ""sample_3_x"": 513, ""count"": 31, ""sample_1_time"": 133, ""sample_0_time"": 16, ""first_time"": 16, ""sample_1_y"": 411, ""sample_1_x"": 552, ""sample_2_y"": 451, ""sample_2_time"": 266, ""sample_4_x"": 471, ""sample_4_time"": 516, ""last_x"": 471, ""sample_0_y"": 360, ""first_x"": 589, ""sample_3_time"": 399, ""sample_3_y"": 456, ""last_time"": 516, ""sample_2_x"": 521, ""sample_4_y"": 508, ""last_y"": 508}",Q3 (180-270<U+00B0>),Q3 (180-270<U+00B0>),TRUE,TRUE,Correct,225,8.289404399999995,8.289404399999995,8.289404399999995,8.289404399999995,TRUE
165703,18,righth,1,yes,3,"""10+""",95,225,319.1665049,2450,650,"{""sample_1_y"": 429, ""count"": 39, ""first_time"": 16, ""last_time"": 650, ""sample_0_time"": 16, ""sample_2_time"": 332, ""sample_3_y"": 467, ""sample_3_x"": 749, ""first_y"": 360, ""sample_0_x"": 622, ""sample_3_time"": 500, ""last_y"": 475, ""sample_4_time"": 650, ""first_x"": 622, ""sample_2_y"": 434, ""sample_1_x"": 686, ""last_x"": 762, ""sample_2_x"": 706, ""sample_4_y"": 475, ""sample_0_y"": 360, ""sample_4_x"": 762, ""sample_1_time"": 166}",Q3 (180-270<U+00B0>),Q4 (270-360<U+00B0>),FALSE,TRUE,Formant,315,4.166504900000007,4.166504900000007,94.1665049,94.1665049,FALSE
165703,18,righth,1,yes,3,"""10+""",96,135,139.1391893,2267,383,"{""sample_2_x"": 503, ""sample_3_time"": 299, ""sample_2_y"": 269, ""sample_4_x"": 437, ""sample_0_y"": 329, ""sample_3_y"": 232, ""sample_2_time"": 199, ""sample_1_x"": 542, ""sample_4_y"": 194, ""sample_0_time"": 15, ""first_x"": 578, ""sample_0_x"": 578, ""sample_1_y"": 307, ""last_y"": 194, ""last_time"": 383, ""first_time"": 15, ""sample_3_x"": 461, ""last_x"": 437, ""sample_4_time"": 383, ""count"": 23, ""sample_1_time"": 99, ""first_y"": 329}",Q2 (90-180<U+00B0>),Q2 (90-180<U+00B0>),TRUE,TRUE,Correct,135,4.139189299999998,4.139189299999998,4.139189299999998,4.139189299999998,TRUE
165703,18,righth,1,yes,3,"""10+""",97,315,224.0546109,2433,666,"{""first_time"": 17, ""first_x"": 587, ""sample_4_time"": 666, ""count"": 40, ""sample_1_time"": 183, ""sample_2_time"": 349, ""sample_0_y"": 359, ""sample_0_x"": 587, ""sample_1_x"": 539, ""sample_3_time"": 516, ""last_y"": 484, ""sample_4_y"": 484, ""last_time"": 666, ""sample_1_y"": 417, ""sample_2_y"": 441, ""first_y"": 359, ""sample_3_x"": 480, ""last_x"": 446, ""sample_4_x"": 446, ""sample_2_x"": 510, ""sample_3_y"": 468, ""sample_0_time"": 17}",Q4 (270-360<U+00B0>),Q3 (180-270<U+00B0>),FALSE,TRUE,Formant,225,0.9453890999999999,0.9453890999999999,90.9453891,90.9453891,FALSE
165703,18,righth,1,yes,3,"""10+""",98,135,140.4671016,2266,250,"{""last_time"": 250, ""sample_1_x"": 558, ""sample_2_y"": 263, ""sample_2_x"": 480, ""last_x"": 434, ""sample_0_time"": 16, ""sample_3_y"": 219, ""sample_1_y"": 311, ""sample_0_y"": 324, ""sample_4_y"": 198, ""sample_3_x"": 443, ""sample_4_time"": 250, ""first_y"": 324, ""sample_1_time"": 66, ""first_time"": 16, ""last_y"": 198, ""sample_3_time"": 200, ""sample_2_time"": 132, ""sample_0_x"": 584, ""count"": 15, ""sample_4_x"": 434, ""first_x"": 584}",Q2 (90-180<U+00B0>),Q2 (90-180<U+00B0>),TRUE,TRUE,Correct,135,5.4671016000000066,5.4671016000000066,5.4671016000000066,5.4671016000000066,TRUE
165703,18,righth,1,yes,3,"""10+""",99,315,316.3322199,2283,799,"{""first_x"": 623, ""sample_1_time"": 216, ""sample_3_x"": 737, ""sample_2_time"": 416, ""last_y"": 482, ""first_y"": 356, ""sample_1_x"": 685, ""sample_0_y"": 356, ""sample_2_x"": 719, ""sample_3_y"": 460, ""sample_1_y"": 407, ""sample_4_time"": 799, ""sample_4_y"": 482, ""sample_0_time"": 16, ""last_time"": 799, ""count"": 48, ""first_time"": 16, ""last_x"": 754, ""sample_4_x"": 754, ""sample_2_y"": 436, ""sample_0_x"": 623, ""sample_3_time"": 616}",Q4 (270-360<U+00B0>),Q4 (270-360<U+00B0>),TRUE,TRUE,Correct,315,1.3322198999999841,1.3322198999999841,1.3322198999999841,1.3322198999999841,TRUE
165703,18,righth,1,yes,3,"""10+""",100,225,317.0791317,2700,633,"{""count"": 38, ""sample_0_x"": 620, ""sample_2_time"": 333, ""sample_4_time"": 633, ""sample_4_x"": 757, ""sample_3_x"": 734, ""first_time"": 17, ""sample_3_time"": 482, ""first_x"": 620, ""sample_1_x"": 675, ""sample_2_x"": 701, ""sample_3_y"": 454, ""last_time"": 633, ""first_y"": 350, ""sample_1_y"": 401, ""sample_2_y"": 428, ""sample_0_time"": 17, ""last_x"": 757, ""sample_0_y"": 350, ""sample_4_y"": 481, ""last_y"": 481, ""sample_1_time"": 166}",Q3 (180-270<U+00B0>),Q4 (270-360<U+00B0>),FALSE,TRUE,Formant,315,2.079131700000005,2.079131700000005,92.0791317,92.0791317,FALSE
165727,18,righth,2,yes,0,"""10+""",21,135,42.20110149,3448,3401,"{""first_y"": 482.5, ""first_x"": 838, ""sample_1_y"": 393.5, ""sample_0_y"": 482.5, ""sample_2_x"": 854, ""sample_0_time"": 17, ""sample_4_x"": 1091, ""sample_3_x"": 896, ""last_time"": 3401, ""sample_3_y"": 425.5, ""first_time"": 17, ""sample_2_y"": 511.5, ""sample_1_x"": 743, ""last_y"": 276.5, ""last_x"": 1091, ""sample_1_time"": 801, ""sample_4_y"": 276.5, ""sample_3_time"": 2733, ""count"": 163, ""sample_0_x"": 838, ""sample_2_time"": 1801, ""sample_4_time"": 3401}",Q2 (90-180<U+00B0>),Q1 (0-90<U+00B0>),FALSE,TRUE,Formant,45,2.798898510000001,2.798898510000001,92.79889851,92.79889851,FALSE
165727,18,righth,2,yes,0,"""10+""",22,45,42.52177483,2482,1634,"{""first_time"": 17, ""sample_2_y"": 371.5, ""count"": 94, ""first_y"": 475.5, ""sample_0_y"": 475.5, ""last_x"": 1084, ""sample_4_time"": 1634, ""sample_0_x"": 876, ""sample_1_time"": 401, ""sample_2_time"": 801, ""sample_0_time"": 17, ""sample_1_y"": 429.5, ""last_time"": 1634, ""last_y"": 280.5, ""sample_4_y"": 280.5, ""sample_3_y"": 292.5, ""sample_1_x"": 924, ""sample_2_x"": 976, ""sample_3_time"": 1183, ""first_x"": 876, ""sample_3_x"": 1043, ""sample_4_x"": 1084}",Q1 (0-90<U+00B0>),Q1 (0-90<U+00B0>),TRUE,TRUE,Correct,45,2.4782251700000018,2.4782251700000018,2.4782251700000018,2.4782251700000018,TRUE
165727,18,righth,2,yes,0,"""10+""",23,135,135.5208564,2482,1450,"{""first_y"": 472.5, ""last_y"": 272.5, ""sample_4_y"": 272.5, ""count"": 87, ""sample_2_time"": 733, ""sample_4_time"": 1450, ""sample_0_x"": 841, ""sample_3_time"": 1100, ""sample_1_x"": 798, ""sample_4_x"": 633, ""sample_0_time"": 16, ""sample_3_x"": 666, ""last_time"": 1450, ""first_time"": 16, ""sample_2_x"": 726, ""sample_2_y"": 361.5, ""first_x"": 841, ""last_x"": 633, ""sample_1_time"": 366, ""sample_3_y"": 301.5, ""sample_1_y"": 431.5, ""sample_0_y"": 472.5}",Q2 (90-180<U+00B0>),Q2 (90-180<U+00B0>),TRUE,TRUE,Correct,135,0.5208564000000138,0.5208564000000138,0.5208564000000138,0.5208564000000138,TRUE
165727,18,righth,2,yes,0,"""10+""",24,45,46.1638625,2516,1200,"{""last_x"": 1072, ""sample_1_y"": 454.5, ""sample_1_time"": 315, ""sample_0_y"": 484.5, ""sample_1_x"": 904, ""sample_2_time"": 616, ""sample_4_y"": 264.5, ""first_y"": 484.5, ""sample_4_x"": 1072, ""count"": 72, ""first_x"": 875, ""sample_0_time"": 16, ""sample_2_y"": 395.5, ""first_time"": 16, ""sample_3_time"": 916, ""sample_4_time"": 1200, ""sample_3_x"": 1013, ""sample_3_y"": 319.5, ""last_y"": 264.5, ""sample_2_x"": 951, ""sample_0_x"": 875, ""last_time"": 1200}",Q1 (0-90<U+00B0>),Q1 (0-90<U+00B0>),TRUE,TRUE,Correct,45,1.1638625000000005,1.1638625000000005,1.1638625000000005,1.1638625000000005,TRUE
165727,18,righth,2,yes,0,"""10+""",25,45,44.74191265,2365,1649,"{""sample_1_time"": 415, ""sample_0_x"": 875, ""first_x"": 875, ""sample_4_time"": 1649, ""count"": 99, ""last_y"": 269.5, ""sample_3_y"": 338.5, ""sample_3_time"": 1250, ""sample_1_y"": 457.5, ""sample_0_y"": 479.5, ""sample_2_time"": 833, ""sample_0_time"": 15, ""sample_3_x"": 1012, ""last_time"": 1649, ""first_time"": 15, ""sample_4_y"": 269.5, ""sample_1_x"": 897, ""sample_2_x"": 936, ""sample_2_y"": 413.5, ""last_x"": 1078, ""first_y"": 479.5, ""sample_4_x"": 1078}",Q1 (0-90<U+00B0>),Q1 (0-90<U+00B0>),TRUE,TRUE,Correct,45,0.2580873499999967,0.2580873499999967,0.2580873499999967,0.2580873499999967,TRUE
165727,18,righth,2,yes,0,"""10+""",26,135,135,2566,1817,"{""sample_3_y"": 298.5, ""sample_0_x"": 835, ""sample_4_time"": 1816, ""sample_1_x"": 794, ""sample_2_x"": 727, ""sample_0_y"": 481.5, ""last_y"": 270.5, ""sample_4_y"": 270.5, ""last_time"": 1816, ""sample_2_y"": 368.5, ""count"": 109, ""first_time"": 16, ""sample_4_x"": 635, ""sample_2_time"": 917, ""sample_1_y"": 450.5, ""sample_3_time"": 1367, ""first_y"": 481.5, ""sample_0_time"": 16, ""first_x"": 835, ""sample_3_x"": 666, ""sample_1_time"": 467, ""last_x"": 635}",Q2 (90-180<U+00B0>),Q2 (90-180<U+00B0>),TRUE,TRUE,Correct,135,0,0,0,0,TRUE
165727,18,righth,2,yes,0,"""10+""",27,225,223.4518423,3832,2517,"{""first_y"": 509.5, ""sample_2_y"": 479.5, ""sample_3_x"": 752, ""first_time"": 16, ""sample_1_y"": 613.5, ""sample_3_y"": 579.5, ""last_time"": 2516, ""sample_4_y"": 706.5, ""count"": 126, ""sample_4_time"": 2516, ""sample_2_time"": 1166, ""sample_4_x"": 627, ""sample_1_time"": 533, ""sample_3_time"": 2000, ""sample_2_x"": 819, ""sample_0_time"": 16, ""sample_1_x"": 961, ""sample_0_y"": 509.5, ""last_y"": 706.5, ""first_x"": 866, ""last_x"": 627, ""sample_0_x"": 866}",Q3 (180-270<U+00B0>),Q3 (180-270<U+00B0>),TRUE,TRUE,Correct,225,1.5481576999999902,1.5481576999999902,1.5481576999999902,1.5481576999999902,TRUE
165727,18,righth,2,yes,0,"""10+""",28,135,135.2592552,2332,2767,"{""sample_4_time"": 2766, ""last_y"": 270.5, ""first_x"": 877, ""count"": 116, ""sample_3_y"": 296.5, ""sample_0_time"": 16, ""sample_3_time"": 1915, ""sample_2_time"": 1433, ""sample_2_x"": 719, ""sample_0_y"": 482.5, ""sample_4_y"": 270.5, ""first_y"": 482.5, ""sample_4_x"": 633, ""sample_1_time"": 717, ""last_x"": 633, ""first_time"": 16, ""sample_2_y"": 374.5, ""sample_0_x"": 877, ""sample_3_x"": 653, ""last_time"": 2766, ""sample_1_x"": 823, ""sample_1_y"": 481.5}",Q2 (90-180<U+00B0>),Q2 (90-180<U+00B0>),TRUE,TRUE,Correct,135,0.25925520000001256,0.25925520000001256,0.25925520000001256,0.25925520000001256,TRUE
165727,18,righth,2,yes,0,"""10+""",29,225,237.781334,2365,1417,"{""sample_2_time"": 717, ""first_time"": 17, ""sample_0_y"": 506.5, ""sample_1_time"": 367, ""sample_3_x"": 757, ""sample_4_x"": 688, ""sample_4_y"": 755.5, ""sample_0_time"": 17, ""sample_1_x"": 808, ""last_x"": 688, ""sample_0_x"": 838, ""sample_2_x"": 771, ""last_time"": 1417, ""last_y"": 755.5, ""sample_2_y"": 615.5, ""first_x"": 838, ""sample_4_time"": 1417, ""sample_3_y"": 687.5, ""first_y"": 506.5, ""sample_1_y"": 544.5, ""sample_3_time"": 1067, ""count"": 85}",Q3 (180-270<U+00B0>),Q3 (180-270<U+00B0>),TRUE,TRUE,Correct,225,12.781333999999987,12.781333999999987,12.781333999999987,12.781333999999987,TRUE
165727,18,righth,2,yes,0,"""10+""",30,225,228.3513311,2298,1250,"{""first_x"": 842, ""sample_0_y"": 510.5, ""sample_2_time"": 633, ""sample_1_time"": 317, ""sample_1_y"": 547.5, ""count"": 75, ""sample_3_time"": 950, ""last_y"": 725.5, ""sample_0_time"": 16, ""sample_3_x"": 705, ""sample_2_y"": 589.5, ""sample_2_x"": 761, ""first_time"": 16, ""first_y"": 510.5, ""sample_4_y"": 725.5, ""sample_1_x"": 807, ""sample_4_time"": 1250, ""sample_0_x"": 842, ""sample_4_x"": 646, ""last_x"": 646, ""last_time"": 1250, ""sample_3_y"": 658.5}",Q3 (180-270<U+00B0>),Q3 (180-270<U+00B0>),TRUE,TRUE,Correct,225,3.35133110000001,3.35133110000001,3.35133110000001,3.35133110000001,TRUE
165727,18,righth,2,yes,0,"""10+""",31,225,226.0369145,2299,1467,"{""sample_0_time"": 16, ""last_x"": 638, ""sample_2_y"": 591.5, ""sample_1_x"": 814, ""first_time"": 16, ""last_time"": 1466, ""last_y"": 715.5, ""sample_0_x"": 845, ""sample_4_y"": 715.5, ""count"": 88, ""sample_1_y"": 534.5, ""sample_0_y"": 510.5, ""sample_2_time"": 748, ""sample_3_y"": 650.5, ""first_y"": 510.5, ""sample_4_time"": 1466, ""sample_3_x"": 702, ""sample_4_x"": 638, ""sample_3_time"": 1116, ""sample_1_time"": 383, ""sample_2_x"": 753, ""first_x"": 845}",Q3 (180-270<U+00B0>),Q3 (180-270<U+00B0>),TRUE,TRUE,Correct,225,1.0369144999999946,1.0369144999999946,1.0369144999999946,1.0369144999999946,TRUE
165727,18,righth,2,yes,0,"""10+""",32,225,225.9012076,2499,1668,"{""sample_2_time"": 850, ""first_y"": 509.5, ""sample_3_y"": 661.5, ""sample_0_y"": 509.5, ""sample_1_y"": 537.5, ""count"": 100, ""sample_2_x"": 767, ""sample_4_time"": 1667, ""sample_1_time"": 434, ""sample_2_y"": 588.5, ""last_y"": 716.5, ""last_x"": 636, ""sample_4_x"": 636, ""sample_3_time"": 1267, ""sample_4_y"": 716.5, ""first_time"": 17, ""first_x"": 853, ""sample_3_x"": 682, ""sample_1_x"": 825, ""sample_0_x"": 853, ""last_time"": 1667, ""sample_0_time"": 17}",Q3 (180-270<U+00B0>),Q3 (180-270<U+00B0>),TRUE,TRUE,Correct,225,0.9012075999999922,0.9012075999999922,0.9012075999999922,0.9012075999999922,TRUE
165727,18,righth,2,yes,0,"""10+""",33,315,223.4377751,2715,2017,"{""first_x"": 847, ""sample_4_time"": 2017, ""last_time"": 2017, ""sample_2_y"": 578.5, ""sample_2_x"": 774, ""sample_1_time"": 584, ""count"": 116, ""last_x"": 629, ""sample_4_y"": 704.5, ""sample_1_x"": 810, ""sample_0_y"": 507.5, ""first_time"": 17, ""sample_0_x"": 847, ""last_y"": 704.5, ""sample_1_y"": 542.5, ""sample_0_time"": 17, ""sample_3_time"": 1550, ""first_y"": 507.5, ""sample_3_x"": 690, ""sample_4_x"": 629, ""sample_2_time"": 1067, ""sample_3_y"": 649.5}",Q4 (270-360<U+00B0>),Q3 (180-270<U+00B0>),FALSE,TRUE,Formant,225,1.5622248999999897,1.5622248999999897,91.56222489999999,91.56222489999999,FALSE
165727,18,righth,2,yes,0,"""10+""",34,315,310.2041032,2416,1501,"{""sample_1_time"": 383, ""last_time"": 1500, ""sample_0_time"": 17, ""sample_2_y"": 559.5, ""count"": 90, ""sample_1_y"": 520.5, ""sample_2_x"": 931, ""sample_0_x"": 877, ""first_y"": 500.5, ""last_x"": 1057, ""sample_2_time"": 767, ""sample_3_x"": 998, ""sample_1_x"": 900, ""sample_4_y"": 729.5, ""first_time"": 17, ""sample_4_x"": 1057, ""sample_3_y"": 645.5, ""first_x"": 877, ""sample_0_y"": 500.5, ""sample_3_time"": 1133, ""sample_4_time"": 1500, ""last_y"": 729.5}",Q4 (270-360<U+00B0>),Q4 (270-360<U+00B0>),TRUE,TRUE,Correct,315,4.79589679999998,4.79589679999998,4.79589679999998,4.79589679999998,TRUE
165727,18,righth,2,yes,0,"""10+""",35,45,41.64866893,2849,2851,"{""sample_2_y"": 283.5, ""sample_4_time"": 2850, ""sample_0_y"": 483.5, ""sample_2_time"": 1366, ""sample_4_x"": 1090, ""last_x"": 1090, ""sample_0_x"": 835, ""sample_3_time"": 2234, ""first_time"": 16, ""sample_3_x"": 914, ""sample_3_y"": 420.5, ""sample_1_y"": 416.5, ""sample_1_time"": 634, ""last_time"": 2850, ""first_x"": 835, ""sample_2_x"": 669, ""last_y"": 281.5, ""count"": 150, ""sample_4_y"": 281.5, ""first_y"": 483.5, ""sample_0_time"": 16, ""sample_1_x"": 756}",Q1 (0-90<U+00B0>),Q1 (0-90<U+00B0>),TRUE,TRUE,Correct,45,3.3513310700000005,3.3513310700000005,3.3513310700000005,3.3513310700000005,TRUE
165727,18,righth,2,yes,0,"""10+""",36,315,307.6809806,2300,1750,"{""count"": 94, ""last_time"": 1749, ""sample_4_y"": 736.5, ""sample_2_time"": 982, ""sample_1_y"": 517.5, ""sample_1_time"": 583, ""first_time"": 15, ""sample_1_x"": 830, ""sample_3_x"": 1006, ""sample_3_y"": 691.5, ""sample_4_time"": 1749, ""sample_0_time"": 15, ""sample_0_x"": 834, ""first_y"": 502.5, ""sample_2_x"": 951, ""sample_4_x"": 1045, ""sample_3_time"": 1366, ""last_x"": 1045, ""first_x"": 834, ""sample_0_y"": 502.5, ""sample_2_y"": 610.5, ""last_y"": 736.5}",Q4 (270-360<U+00B0>),Q4 (270-360<U+00B0>),TRUE,TRUE,Correct,315,7.319019400000002,7.319019400000002,7.319019400000002,7.319019400000002,TRUE
165727,18,righth,2,yes,0,"""10+""",37,135,136.2960635,2315,1734,"{""sample_4_x"": 629, ""sample_0_y"": 473.5, ""sample_1_x"": 797, ""sample_3_x"": 666, ""sample_4_time"": 1734, ""sample_3_y"": 310.5, ""sample_4_y"": 274.5, ""sample_0_x"": 836, ""sample_2_x"": 723, ""first_x"": 836, ""last_time"": 1734, ""last_y"": 274.5, ""sample_0_time"": 16, ""count"": 104, ""last_x"": 629, ""first_time"": 16, ""sample_3_time"": 1317, ""sample_1_y"": 430.5, ""sample_1_time"": 450, ""sample_2_time"": 883, ""sample_2_y"": 365.5, ""first_y"": 473.5}",Q2 (90-180<U+00B0>),Q2 (90-180<U+00B0>),TRUE,TRUE,Correct,135,1.2960635000000025,1.2960635000000025,1.2960635000000025,1.2960635000000025,TRUE
165727,18,righth,2,yes,0,"""10+""",38,135,140.7364954,2482,1500,"{""sample_3_y"": 343.5, ""sample_0_y"": 484.5, ""sample_3_x"": 687, ""sample_4_y"": 293.5, ""count"": 90, ""sample_1_x"": 803, ""sample_2_time"": 767, ""sample_0_time"": 17, ""sample_4_x"": 614, ""sample_1_time"": 383, ""sample_2_x"": 728, ""sample_3_time"": 1133, ""last_x"": 614, ""first_time"": 17, ""first_x"": 835, ""sample_4_time"": 1499, ""sample_0_x"": 835, ""last_time"": 1499, ""first_y"": 484.5, ""last_y"": 293.5, ""sample_2_y"": 389.5, ""sample_1_y"": 460.5}",Q2 (90-180<U+00B0>),Q2 (90-180<U+00B0>),TRUE,TRUE,Correct,135,5.7364953999999955,5.7364953999999955,5.7364953999999955,5.7364953999999955,TRUE
165727,18,righth,2,yes,0,"""10+""",39,45,45.51616423,2498,1300,"{""sample_2_y"": 399.5, ""sample_1_x"": 916, ""first_y"": 486.5, ""count"": 78, ""last_time"": 1300, ""sample_1_y"": 458.5, ""sample_4_time"": 1300, ""sample_2_x"": 962, ""sample_4_y"": 266.5, ""sample_3_x"": 1023, ""sample_0_time"": 16, ""sample_0_x"": 877, ""sample_1_time"": 333, ""last_y"": 266.5, ""sample_4_x"": 1075, ""sample_0_y"": 486.5, ""first_x"": 877, ""sample_3_time"": 983, ""sample_2_time"": 666, ""first_time"": 16, ""sample_3_y"": 325.5, ""last_x"": 1075}",Q1 (0-90<U+00B0>),Q1 (0-90<U+00B0>),TRUE,TRUE,Correct,45,0.5161642300000011,0.5161642300000011,0.5161642300000011,0.5161642300000011,TRUE
165727,18,righth,2,yes,0,"""10+""",40,225,226.1638625,2716,1367,"{""sample_4_time"": 1366, ""sample_3_y"": 646.5, ""sample_1_time"": 333, ""sample_2_y"": 553.5, ""sample_3_x"": 695, ""sample_0_time"": 17, ""sample_1_y"": 533.5, ""sample_0_y"": 500.5, ""last_y"": 716.5, ""sample_4_y"": 716.5, ""first_y"": 500.5, ""sample_3_time"": 1067, ""last_time"": 1366, ""sample_2_x"": 775, ""sample_2_time"": 750, ""sample_4_x"": 638, ""count"": 76, ""sample_1_x"": 799, ""sample_0_x"": 832, ""last_x"": 638, ""first_time"": 17, ""first_x"": 832}",Q3 (180-270<U+00B0>),Q3 (180-270<U+00B0>),TRUE,TRUE,Correct,225,1.1638624999999934,1.1638624999999934,1.1638624999999934,1.1638624999999934,TRUE
165727,18,righth,2,yes,0,"""10+""",41,45,43.57114985,2648,1366,"{""sample_4_y"": 275.5, ""sample_4_x"": 1081, ""first_x"": 877, ""sample_1_y"": 449.5, ""sample_3_x"": 1001, ""sample_2_x"": 913, ""last_time"": 1365, ""sample_1_x"": 921, ""sample_0_y"": 480.5, ""first_time"": 16, ""sample_3_y"": 353.5, ""sample_0_time"": 16, ""last_x"": 1081, ""sample_2_time"": 716, ""sample_4_time"": 1365, ""last_y"": 275.5, ""sample_2_y"": 436.5, ""sample_0_x"": 877, ""first_y"": 480.5, ""sample_3_time"": 1050, ""sample_1_time"": 349, ""count"": 80}",Q1 (0-90<U+00B0>),Q1 (0-90<U+00B0>),TRUE,TRUE,Correct,45,1.4288501500000024,1.4288501500000024,1.4288501500000024,1.4288501500000024,TRUE
165727,18,righth,2,yes,0,"""10+""",42,225,227.0825653,2581,1334,"{""sample_2_time"": 683, ""sample_4_y"": 718.5, ""sample_0_y"": 492.5, ""last_time"": 1334, ""sample_3_y"": 638.5, ""sample_1_x"": 807, ""first_x"": 833, ""sample_3_time"": 1017, ""first_time"": 17, ""sample_3_x"": 713, ""sample_1_time"": 350, ""first_y"": 492.5, ""sample_2_x"": 765, ""sample_4_time"": 1334, ""sample_4_x"": 643, ""sample_1_y"": 520.5, ""count"": 80, ""last_x"": 643, ""sample_2_y"": 565.5, ""sample_0_time"": 17, ""sample_0_x"": 833, ""last_y"": 718.5}",Q3 (180-270<U+00B0>),Q3 (180-270<U+00B0>),TRUE,TRUE,Correct,225,2.082565299999999,2.082565299999999,2.082565299999999,2.082565299999999,TRUE
165727,18,righth,2,yes,0,"""10+""",43,45,49.51737094,2398,1284,"{""sample_3_y"": 345.5, ""sample_1_time"": 332, ""sample_2_time"": 649, ""first_x"": 875, ""sample_2_y"": 413.5, ""first_time"": 17, ""sample_1_y"": 446.5, ""last_x"": 1059, ""sample_0_x"": 875, ""count"": 77, ""last_time"": 1283, ""sample_0_y"": 479.5, ""sample_1_x"": 910, ""last_y"": 251.5, ""sample_2_x"": 937, ""first_y"": 479.5, ""sample_4_y"": 251.5, ""sample_3_x"": 983, ""sample_0_time"": 17, ""sample_3_time"": 966, ""sample_4_x"": 1059, ""sample_4_time"": 1283}",Q1 (0-90<U+00B0>),Q1 (0-90<U+00B0>),TRUE,TRUE,Correct,45,4.517370939999999,4.517370939999999,4.517370939999999,4.517370939999999,TRUE
165727,18,righth,2,yes,0,"""10+""",44,135,137.9720559,2282,1050,"{""sample_2_y"": 396.5, ""sample_3_y"": 328.5, ""sample_3_x"": 669, ""first_x"": 841, ""sample_1_y"": 440.5, ""sample_0_time"": 17, ""first_y"": 470.5, ""first_time"": 17, ""count"": 61, ""sample_0_y"": 470.5, ""sample_4_x"": 622, ""sample_4_y"": 280.5, ""sample_3_time"": 800, ""sample_1_x"": 807, ""sample_2_time"": 549, ""last_x"": 622, ""sample_2_x"": 759, ""last_y"": 280.5, ""sample_0_x"": 841, ""sample_4_time"": 1050, ""sample_1_time"": 267, ""last_time"": 1050}",Q2 (90-180<U+00B0>),Q2 (90-180<U+00B0>),TRUE,TRUE,Correct,135,2.9720558999999867,2.9720558999999867,2.9720558999999867,2.9720558999999867,TRUE
165727,18,righth,2,yes,0,"""10+""",45,225,225.7605188,2315,3667,"{""sample_3_x"": 798, ""sample_4_y"": 719.5, ""count"": 188, ""sample_4_x"": 632, ""sample_2_y"": 485.5, ""first_time"": 16, ""sample_1_y"": 647.5, ""sample_0_x"": 874, ""first_y"": 505.5, ""last_x"": 632, ""sample_2_time"": 1599, ""sample_0_y"": 505.5, ""sample_0_time"": 16, ""last_time"": 3666, ""sample_3_y"": 541.5, ""sample_3_time"": 2899, ""sample_4_time"": 3666, ""sample_1_x"": 1010, ""first_x"": 874, ""last_y"": 719.5, ""sample_1_time"": 800, ""sample_2_x"": 843}",Q3 (180-270<U+00B0>),Q3 (180-270<U+00B0>),TRUE,TRUE,Correct,225,0.7605187999999998,0.7605187999999998,0.7605187999999998,0.7605187999999998,TRUE
165727,18,righth,2,yes,0,"""10+""",46,315,222.533,2248,1051,"{""sample_4_x"": 625, ""last_x"": 625, ""sample_2_y"": 588.5, ""first_y"": 508.5, ""sample_4_time"": 1050, ""sample_3_time"": 800, ""sample_2_time"": 534, ""sample_3_y"": 646.5, ""last_y"": 701.5, ""sample_4_y"": 701.5, ""count"": 63, ""sample_0_x"": 834, ""first_x"": 834, ""sample_2_x"": 749, ""sample_1_time"": 267, ""sample_1_x"": 790, ""sample_0_time"": 16, ""sample_1_y"": 545.5, ""first_time"": 16, ""sample_0_y"": 508.5, ""sample_3_x"": 686, ""last_time"": 1050}",Q4 (270-360<U+00B0>),Q3 (180-270<U+00B0>),FALSE,TRUE,Formant,225,2.467000000000013,2.467000000000013,92.46700000000001,92.46700000000001,FALSE
165727,18,righth,2,yes,0,"""10+""",47,225,219.7593462,2882,1201,"{""sample_2_y"": 567.5, ""sample_4_x"": 611, ""sample_3_y"": 606.5, ""last_y"": 693.5, ""sample_3_x"": 680, ""sample_1_y"": 526.5, ""first_x"": 826, ""last_time"": 1201, ""sample_0_x"": 826, ""first_y"": 481.5, ""sample_4_y"": 693.5, ""sample_0_time"": 17, ""last_x"": 611, ""sample_4_time"": 1201, ""sample_0_y"": 481.5, ""sample_1_time"": 317, ""sample_2_x"": 713, ""sample_2_time"": 617, ""count"": 72, ""sample_3_time"": 916, ""sample_1_x"": 747, ""first_time"": 17}",Q3 (180-270<U+00B0>),Q3 (180-270<U+00B0>),TRUE,TRUE,Correct,225,5.24065379999999,5.24065379999999,5.24065379999999,5.24065379999999,TRUE
165727,18,righth,2,yes,0,"""10+""",48,45,51.39658521,2332,3049,"{""sample_1_y"": 475.5, ""sample_0_time"": 16, ""last_y"": 242.5, ""sample_2_x"": 830, ""count"": 159, ""last_time"": 3049, ""sample_1_x"": 873, ""first_y"": 479.5, ""sample_0_x"": 880, ""sample_4_time"": 3049, ""sample_2_y"": 506.5, ""sample_3_x"": 908, ""sample_1_time"": 666, ""sample_3_y"": 414.5, ""sample_4_y"": 242.5, ""sample_3_time"": 2400, ""first_time"": 16, ""sample_2_time"": 1399, ""first_x"": 880, ""sample_4_x"": 1053, ""sample_0_y"": 479.5, ""last_x"": 1053}",Q1 (0-90<U+00B0>),Q1 (0-90<U+00B0>),TRUE,TRUE,Correct,45,6.396585209999998,6.396585209999998,6.396585209999998,6.396585209999998,TRUE
165727,18,righth,2,yes,0,"""10+""",49,225,217.0151338,2283,2384,"{""sample_4_time"": 2383, ""first_time"": 17, ""sample_0_y"": 509.5, ""last_x"": 603, ""count"": 111, ""sample_1_time"": 466, ""sample_0_time"": 17, ""sample_1_x"": 905, ""sample_2_time"": 1469, ""sample_1_y"": 541.5, ""sample_3_y"": 556.5, ""sample_2_y"": 494.5, ""last_time"": 2383, ""last_y"": 680.5, ""sample_3_x"": 713, ""sample_4_y"": 680.5, ""sample_4_x"": 603, ""sample_0_x"": 867, ""sample_2_x"": 837, ""sample_3_time"": 1933, ""first_y"": 509.5, ""first_x"": 867}",Q3 (180-270<U+00B0>),Q3 (180-270<U+00B0>),TRUE,TRUE,Correct,225,7.984866199999999,7.984866199999999,7.984866199999999,7.984866199999999,TRUE
165727,18,righth,2,yes,0,"""10+""",50,45,52.68909159,2466,4633,"{""last_x"": 1044, ""sample_0_y"": 474.5, ""sample_4_y"": 242.5, ""sample_1_x"": 747, ""last_y"": 242.5, ""sample_0_x"": 871, ""count"": 238, ""sample_3_time"": 3650, ""sample_3_y"": 443.5, ""first_x"": 871, ""first_y"": 474.5, ""sample_1_y"": 437.5, ""sample_2_y"": 487.5, ""last_time"": 4632, ""sample_3_x"": 876, ""sample_2_time"": 2283, ""sample_1_time"": 1283, ""sample_2_x"": 920, ""sample_4_x"": 1044, ""first_time"": 16, ""sample_4_time"": 4632, ""sample_0_time"": 16}",Q1 (0-90<U+00B0>),Q1 (0-90<U+00B0>),TRUE,TRUE,Correct,45,7.689091589999997,7.689091589999997,7.689091589999997,7.689091589999997,TRUE
165727,18,righth,2,yes,0,"""10+""",51,315,320.452622,3864,2285,"{""sample_0_x"": 866, ""sample_2_y"": 495.5, ""first_time"": 17, ""sample_2_time"": 1301, ""sample_1_y"": 580.5, ""sample_3_time"": 1801, ""count"": 119, ""sample_4_y"": 689.5, ""sample_2_x"": 900, ""last_x"": 1096, ""first_y"": 510.5, ""sample_4_time"": 2284, ""sample_0_y"": 510.5, ""first_x"": 866, ""last_time"": 2284, ""sample_1_time"": 568, ""sample_0_time"": 17, ""last_y"": 689.5, ""sample_3_x"": 1024, ""sample_3_y"": 594.5, ""sample_4_x"": 1096, ""sample_1_x"": 937}",Q4 (270-360<U+00B0>),Q4 (270-360<U+00B0>),TRUE,TRUE,Correct,315,5.452622000000019,5.452622000000019,5.452622000000019,5.452622000000019,TRUE
165727,18,righth,2,yes,0,"""10+""",52,135,135.9052756,2533,3749,"{""sample_2_time"": 1766, ""count"": 202, ""last_time"": 3749, ""sample_4_time"": 3749, ""sample_4_x"": 630, ""sample_2_x"": 1004, ""sample_0_x"": 844, ""first_x"": 844, ""first_y"": 472.5, ""sample_3_x"": 785, ""sample_1_y"": 491.5, ""last_y"": 272.5, ""sample_2_y"": 312.5, ""sample_4_y"": 272.5, ""sample_1_x"": 866, ""sample_0_y"": 472.5, ""sample_3_time"": 2915, ""sample_0_time"": 15, ""first_time"": 15, ""sample_3_y"": 430.5, ""sample_1_time"": 883, ""last_x"": 630}",Q2 (90-180<U+00B0>),Q2 (90-180<U+00B0>),TRUE,TRUE,Correct,135,0.9052756000000102,0.9052756000000102,0.9052756000000102,0.9052756000000102,TRUE
165727,18,righth,2,yes,0,"""10+""",53,225,225.7742202,2281,1234,"{""last_y"": 715.5, ""sample_3_y"": 643.5, ""last_time"": 1233, ""sample_1_y"": 539.5, ""first_x"": 842, ""sample_2_time"": 633, ""sample_2_y"": 587.5, ""last_x"": 636, ""sample_4_x"": 636, ""sample_3_x"": 693, ""sample_1_x"": 810, ""sample_3_time"": 933, ""sample_0_x"": 842, ""sample_0_time"": 15, ""first_y"": 511.5, ""sample_2_x"": 751, ""sample_4_y"": 715.5, ""sample_4_time"": 1233, ""sample_1_time"": 317, ""count"": 74, ""sample_0_y"": 511.5, ""first_time"": 15}",Q3 (180-270<U+00B0>),Q3 (180-270<U+00B0>),TRUE,TRUE,Correct,225,0.774220200000002,0.774220200000002,0.774220200000002,0.774220200000002,TRUE
165727,18,righth,2,yes,0,"""10+""",54,45,51.36883963,2415,1434,"{""last_x"": 1050, ""sample_4_y"": 246.5, ""sample_2_x"": 950, ""last_time"": 1434, ""first_x"": 876, ""sample_0_x"": 876, ""sample_1_x"": 911, ""sample_3_y"": 317.5, ""first_time"": 17, ""first_y"": 479.5, ""sample_2_y"": 383.5, ""sample_3_x"": 995, ""sample_0_time"": 17, ""sample_3_time"": 1084, ""sample_4_x"": 1050, ""last_y"": 246.5, ""sample_0_y"": 479.5, ""sample_2_time"": 734, ""count"": 86, ""sample_1_time"": 367, ""sample_1_y"": 437.5, ""sample_4_time"": 1434}",Q1 (0-90<U+00B0>),Q1 (0-90<U+00B0>),TRUE,TRUE,Correct,45,6.3688396299999965,6.3688396299999965,6.3688396299999965,6.3688396299999965,TRUE
165727,18,righth,2,yes,0,"""10+""",55,135,130.5028484,2349,1449,"{""sample_4_y"": 250.5, ""sample_1_y"": 421.5, ""first_y"": 468.5, ""sample_0_x"": 849, ""sample_0_time"": 16, ""sample_4_time"": 1449, ""sample_2_y"": 387.5, ""sample_2_x"": 768, ""first_time"": 16, ""sample_0_y"": 468.5, ""sample_3_y"": 326.5, ""sample_4_x"": 650, ""count"": 87, ""first_x"": 849, ""last_x"": 650, ""sample_3_x"": 717, ""sample_1_time"": 366, ""last_time"": 1449, ""sample_3_time"": 1100, ""sample_1_x"": 805, ""sample_2_time"": 733, ""last_y"": 250.5}",Q2 (90-180<U+00B0>),Q2 (90-180<U+00B0>),TRUE,TRUE,Correct,135,4.497151599999995,4.497151599999995,4.497151599999995,4.497151599999995,TRUE
165727,18,righth,2,yes,0,"""10+""",56,315,317.2075878,2635,1383,"{""count"": 83, ""sample_2_x"": 964, ""sample_0_time"": 16, ""sample_4_y"": 702.5, ""sample_3_y"": 640.5, ""sample_2_y"": 568.5, ""last_x"": 1084, ""first_time"": 16, ""sample_1_y"": 508.5, ""sample_1_time"": 350, ""sample_0_y"": 493.5, ""sample_0_x"": 875, ""sample_2_time"": 700, ""last_y"": 702.5, ""sample_3_time"": 1050, ""sample_4_x"": 1084, ""last_time"": 1383, ""sample_3_x"": 1034, ""sample_4_time"": 1383, ""first_y"": 493.5, ""sample_1_x"": 908, ""first_x"": 875}",Q4 (270-360<U+00B0>),Q4 (270-360<U+00B0>),TRUE,TRUE,Correct,315,2.207587799999999,2.207587799999999,2.207587799999999,2.207587799999999,TRUE
165727,18,righth,2,yes,0,"""10+""",57,315,322.5432263,2365,1768,"{""sample_1_y"": 535.5, ""first_time"": 17, ""last_y"": 680.5, ""sample_2_y"": 592.5, ""last_time"": 1767, ""count"": 106, ""sample_2_time"": 900, ""first_x"": 876, ""sample_3_y"": 640.5, ""sample_4_time"": 1767, ""last_x"": 1103, ""sample_1_time"": 450, ""first_y"": 498.5, ""sample_0_time"": 17, ""sample_3_x"": 1057, ""sample_4_y"": 680.5, ""sample_2_x"": 1001, ""sample_4_x"": 1103, ""sample_1_x"": 928, ""sample_0_x"": 876, ""sample_0_y"": 498.5, ""sample_3_time"": 1334}",Q4 (270-360<U+00B0>),Q4 (270-360<U+00B0>),TRUE,TRUE,Correct,315,7.543226300000015,7.543226300000015,7.543226300000015,7.543226300000015,TRUE
165727,18,righth,2,yes,0,"""10+""",58,225,221.8778695,2348,1734,"{""last_x"": 623, ""sample_2_x"": 731, ""last_time"": 1733, ""sample_0_x"": 834, ""sample_1_time"": 450, ""sample_4_y"": 698.5, ""sample_2_time"": 884, ""sample_4_x"": 623, ""first_y"": 490.5, ""sample_3_y"": 634.5, ""count"": 104, ""first_time"": 16, ""first_x"": 834, ""sample_2_y"": 567.5, ""sample_3_x"": 670, ""sample_0_time"": 16, ""sample_3_time"": 1317, ""sample_4_time"": 1733, ""sample_0_y"": 490.5, ""last_y"": 698.5, ""sample_1_x"": 787, ""sample_1_y"": 518.5}",Q3 (180-270<U+00B0>),Q3 (180-270<U+00B0>),TRUE,TRUE,Correct,225,3.1221304999999973,3.1221304999999973,3.1221304999999973,3.1221304999999973,TRUE
165727,18,righth,2,yes,0,"""10+""",59,315,318.1221305,2315,2800,"{""sample_4_y"": 698.5, ""sample_3_y"": 607.5, ""sample_3_time"": 2250, ""sample_4_time"": 2800, ""sample_0_x"": 873, ""sample_0_time"": 16, ""first_y"": 476.5, ""first_time"": 16, ""sample_0_y"": 476.5, ""last_y"": 698.5, ""sample_3_x"": 1015, ""sample_1_time"": 566, ""sample_2_x"": 845, ""sample_1_x"": 942, ""sample_4_x"": 1087, ""sample_1_y"": 528.5, ""count"": 135, ""first_x"": 873, ""last_time"": 2800, ""sample_2_y"": 487.5, ""sample_2_time"": 1633, ""last_x"": 1087}",Q4 (270-360<U+00B0>),Q4 (270-360<U+00B0>),TRUE,TRUE,Correct,315,3.1221305000000257,3.1221305000000257,3.1221305000000257,3.1221305000000257,TRUE
165727,18,righth,2,yes,0,"""10+""",60,315,314.8706644,2298,1217,"{""sample_3_y"": 664.5, ""sample_4_y"": 712.5, ""sample_4_x"": 1076, ""last_time"": 1217, ""sample_2_x"": 978, ""sample_2_time"": 617, ""sample_3_x"": 1031, ""sample_1_time"": 317, ""sample_1_y"": 544.5, ""sample_1_x"": 920, ""last_y"": 712.5, ""sample_2_y"": 604.5, ""sample_4_time"": 1217, ""sample_3_time"": 917, ""last_x"": 1076, ""first_time"": 16, ""first_y"": 506.5, ""count"": 73, ""sample_0_time"": 16, ""first_x"": 880, ""sample_0_y"": 506.5, ""sample_0_x"": 880}",Q4 (270-360<U+00B0>),Q4 (270-360<U+00B0>),TRUE,TRUE,Correct,315,0.12933559999999034,0.12933559999999034,0.12933559999999034,0.12933559999999034,TRUE
165727,18,righth,2,yes,0,"""10+""",61,315,314.2187423,2865,1900,"{""sample_3_x"": 1033, ""count"": 114, ""sample_0_time"": 16, ""last_y"": 713.5, ""last_time"": 1900, ""sample_1_y"": 533.5, ""sample_1_x"": 903, ""sample_3_y"": 664.5, ""sample_0_y"": 501.5, ""sample_3_time"": 1433, ""sample_0_x"": 873, ""sample_1_time"": 483, ""sample_4_x"": 1072, ""sample_2_y"": 595.5, ""sample_2_x"": 967, ""sample_2_time"": 966, ""first_y"": 501.5, ""first_time"": 16, ""sample_4_y"": 713.5, ""last_x"": 1072, ""sample_4_time"": 1900, ""first_x"": 873}",Q4 (270-360<U+00B0>),Q4 (270-360<U+00B0>),TRUE,TRUE,Correct,315,0.781257700000026,0.781257700000026,0.781257700000026,0.781257700000026,TRUE
165727,18,righth,2,yes,0,"""10+""",62,315,315.5184997,2465,1885,"{""sample_2_time"": 951, ""last_y"": 709.5, ""sample_2_y"": 574.5, ""sample_0_y"": 501.5, ""sample_1_y"": 522.5, ""sample_2_x"": 961, ""first_x"": 871, ""count"": 113, ""sample_1_time"": 484, ""sample_0_time"": 17, ""sample_3_x"": 1024, ""last_x"": 1078, ""last_time"": 1884, ""first_y"": 501.5, ""sample_4_time"": 1884, ""sample_4_y"": 709.5, ""first_time"": 17, ""sample_1_x"": 893, ""sample_4_x"": 1078, ""sample_0_x"": 871, ""sample_3_y"": 647.5, ""sample_3_time"": 1418}",Q4 (270-360<U+00B0>),Q4 (270-360<U+00B0>),TRUE,TRUE,Correct,315,0.5184997000000067,0.5184997000000067,0.5184997000000067,0.5184997000000067,TRUE
165727,18,righth,2,yes,0,"""10+""",63,135,134.8700778,2565,1617,"{""last_y"": 269.5, ""sample_4_time"": 1616, ""sample_4_x"": 635, ""sample_1_x"": 810, ""sample_4_y"": 269.5, ""last_time"": 1616, ""first_time"": 15, ""first_y"": 487.5, ""sample_2_time"": 816, ""sample_2_x"": 835, ""sample_1_y"": 465.5, ""sample_1_time"": 416, ""sample_0_y"": 487.5, ""sample_0_time"": 15, ""sample_3_x"": 675, ""sample_0_x"": 837, ""count"": 97, ""sample_3_y"": 317.5, ""first_x"": 837, ""sample_3_time"": 1216, ""last_x"": 635, ""sample_2_y"": 471.5}",Q2 (90-180<U+00B0>),Q2 (90-180<U+00B0>),TRUE,TRUE,Correct,135,0.12992220000000998,0.12992220000000998,0.12992220000000998,0.12992220000000998,TRUE
165727,18,righth,2,yes,0,"""10+""",64,315,316.5551595,2431,1084,"{""sample_0_y"": 503.5, ""sample_4_y"": 705.5, ""sample_4_time"": 1084, ""sample_3_time"": 817, ""sample_1_time"": 284, ""sample_0_time"": 17, ""sample_1_x"": 927, ""sample_4_x"": 1082, ""last_time"": 1084, ""count"": 65, ""last_x"": 1082, ""sample_3_y"": 656.5, ""sample_1_y"": 551.5, ""sample_2_time"": 550, ""first_y"": 503.5, ""first_x"": 876, ""sample_3_x"": 1028, ""last_y"": 705.5, ""first_time"": 17, ""sample_2_y"": 603.5, ""sample_2_x"": 982, ""sample_0_x"": 876}",Q4 (270-360<U+00B0>),Q4 (270-360<U+00B0>),TRUE,TRUE,Correct,315,1.555159500000002,1.555159500000002,1.555159500000002,1.555159500000002,TRUE
165727,18,righth,2,yes,0,"""10+""",65,135,134.2187423,2232,1750,"{""last_y"": 267.5, ""sample_2_time"": 883, ""last_x"": 638, ""sample_0_x"": 838, ""sample_1_time"": 450, ""sample_1_y"": 433.5, ""sample_3_x"": 679, ""sample_3_time"": 1317, ""sample_2_y"": 366.5, ""first_y"": 477.5, ""sample_2_x"": 732, ""sample_4_y"": 267.5, ""sample_1_x"": 800, ""sample_4_x"": 638, ""sample_4_time"": 1750, ""last_time"": 1750, ""sample_0_time"": 17, ""first_x"": 838, ""sample_3_y"": 310.5, ""count"": 105, ""sample_0_y"": 477.5, ""first_time"": 17}",Q2 (90-180<U+00B0>),Q2 (90-180<U+00B0>),TRUE,TRUE,Correct,135,0.7812576999999976,0.7812576999999976,0.7812576999999976,0.7812576999999976,TRUE
165727,18,righth,2,yes,0,"""10+""",66,315,311.3752467,2198,1251,"{""count"": 75, ""sample_0_y"": 509.5, ""first_y"": 509.5, ""sample_1_y"": 557.5, ""first_x"": 867, ""sample_3_time"": 950, ""sample_4_x"": 1062, ""sample_2_y"": 615.5, ""last_y"": 725.5, ""sample_1_x"": 909, ""last_x"": 1062, ""sample_4_time"": 1250, ""sample_0_time"": 17, ""sample_3_x"": 1006, ""sample_4_y"": 725.5, ""sample_0_x"": 867, ""first_time"": 17, ""sample_1_time"": 317, ""sample_2_time"": 634, ""sample_2_x"": 957, ""last_time"": 1250, ""sample_3_y"": 678.5}",Q4 (270-360<U+00B0>),Q4 (270-360<U+00B0>),TRUE,TRUE,Correct,315,3.624753300000009,3.624753300000009,3.624753300000009,3.624753300000009,TRUE
165727,18,righth,2,yes,0,"""10+""",67,45,44.739566430000004,2865,1234,"{""sample_1_x"": 907, ""sample_2_y"": 389.5, ""sample_1_time"": 317, ""sample_4_y"": 271.5, ""last_x"": 1076, ""sample_0_y"": 470.5, ""sample_4_time"": 1233, ""last_y"": 271.5, ""sample_3_x"": 1020, ""first_time"": 16, ""first_x"": 867, ""sample_0_x"": 867, ""sample_3_y"": 316.5, ""sample_2_x"": 967, ""first_y"": 470.5, ""count"": 74, ""sample_0_time"": 16, ""sample_4_x"": 1076, ""sample_2_time"": 633, ""sample_3_time"": 933, ""last_time"": 1233, ""sample_1_y"": 437.5}",Q1 (0-90<U+00B0>),Q1 (0-90<U+00B0>),TRUE,TRUE,Correct,45,0.26043356999999645,0.26043356999999645,0.26043356999999645,0.26043356999999645,TRUE
165727,18,righth,2,yes,0,"""10+""",68,135,135.7812577,2465,1517,"{""sample_2_x"": 729, ""last_time"": 1517, ""sample_2_time"": 766, ""sample_4_time"": 1517, ""sample_1_x"": 790, ""sample_4_x"": 632, ""first_y"": 474.5, ""last_y"": 273.5, ""last_x"": 632, ""sample_3_x"": 669, ""first_time"": 16, ""sample_3_y"": 314.5, ""sample_4_y"": 273.5, ""sample_3_time"": 1150, ""count"": 91, ""sample_0_y"": 474.5, ""first_x"": 841, ""sample_0_time"": 16, ""sample_2_y"": 376.5, ""sample_1_time"": 383, ""sample_0_x"": 841, ""sample_1_y"": 437.5}",Q2 (90-180<U+00B0>),Q2 (90-180<U+00B0>),TRUE,TRUE,Correct,135,0.7812576999999976,0.7812576999999976,0.7812576999999976,0.7812576999999976,TRUE
165727,18,righth,2,yes,0,"""10+""",69,45,45,2931,3233,"{""sample_0_x"": 833, ""sample_2_time"": 1466, ""first_x"": 833, ""sample_3_y"": 395.5, ""sample_4_x"": 1076, ""sample_2_y"": 516.5, ""sample_4_time"": 3232, ""first_time"": 16, ""last_x"": 1076, ""sample_3_x"": 959, ""sample_1_time"": 716, ""last_time"": 3232, ""sample_4_y"": 269.5, ""sample_0_time"": 16, ""sample_0_y"": 481.5, ""count"": 171, ""last_y"": 269.5, ""sample_2_x"": 897, ""sample_1_y"": 382.5, ""first_y"": 481.5, ""sample_3_time"": 2283, ""sample_1_x"": 740}",Q1 (0-90<U+00B0>),Q1 (0-90<U+00B0>),TRUE,TRUE,Correct,45,0,0,0,0,TRUE
165727,18,righth,2,yes,0,"""10+""",70,45,45.90527558,2648,2834,"{""first_time"": 16, ""sample_3_y"": 287.5, ""first_x"": 874, ""last_time"": 2834, ""sample_3_time"": 1901, ""sample_1_y"": 401.5, ""sample_4_x"": 1073, ""count"": 151, ""first_y"": 483.5, ""sample_0_y"": 483.5, ""sample_2_x"": 990, ""sample_1_time"": 634, ""sample_2_y"": 348.5, ""sample_4_y"": 265.5, ""last_y"": 265.5, ""last_x"": 1073, ""sample_1_x"": 941, ""sample_2_time"": 1266, ""sample_4_time"": 2834, ""sample_3_x"": 1054, ""sample_0_time"": 16, ""sample_0_x"": 874}",Q1 (0-90<U+00B0>),Q1 (0-90<U+00B0>),TRUE,TRUE,Correct,45,0.9052755800000014,0.9052755800000014,0.9052755800000014,0.9052755800000014,TRUE
165727,18,righth,2,yes,0,"""10+""",71,225,224.7419126,2349,1534,"{""first_time"": 16, ""last_x"": 632, ""sample_0_x"": 845, ""count"": 92, ""sample_2_x"": 762, ""sample_4_time"": 1534, ""last_y"": 711.5, ""sample_3_x"": 703, ""sample_1_time"": 400, ""sample_0_time"": 16, ""sample_4_y"": 711.5, ""sample_3_y"": 621.5, ""sample_2_time"": 783, ""sample_0_y"": 510.5, ""sample_3_time"": 1166, ""sample_2_y"": 574.5, ""last_time"": 1534, ""sample_1_y"": 540.5, ""first_x"": 845, ""first_y"": 510.5, ""sample_4_x"": 632, ""sample_1_x"": 810}",Q3 (180-270<U+00B0>),Q3 (180-270<U+00B0>),TRUE,TRUE,Correct,225,0.25808739999999375,0.25808739999999375,0.25808739999999375,0.25808739999999375,TRUE
165727,18,righth,2,yes,0,"""10+""",72,45,49.93602411,2583,1450,"{""sample_1_y"": 431.5, ""sample_2_x"": 950, ""count"": 87, ""last_x"": 1056, ""first_x"": 865, ""sample_0_y"": 472.5, ""first_y"": 472.5, ""last_time"": 1449, ""sample_0_time"": 15, ""sample_1_x"": 897, ""sample_4_time"": 1449, ""sample_0_x"": 865, ""sample_2_time"": 733, ""sample_2_y"": 361.5, ""sample_4_y"": 251.5, ""sample_3_time"": 1100, ""sample_3_y"": 312.5, ""sample_3_x"": 993, ""last_y"": 251.5, ""first_time"": 15, ""sample_1_time"": 367, ""sample_4_x"": 1056}",Q1 (0-90<U+00B0>),Q1 (0-90<U+00B0>),TRUE,TRUE,Correct,45,4.936024109999998,4.936024109999998,4.936024109999998,4.936024109999998,TRUE
165727,18,righth,2,yes,0,"""10+""",73,45,49.79589677,2649,2167,"{""first_y"": 470.5, ""last_time"": 2167, ""sample_1_y"": 409.5, ""sample_0_x"": 862, ""sample_4_x"": 1057, ""sample_1_x"": 903, ""sample_4_time"": 2167, ""last_y"": 251.5, ""first_time"": 16, ""sample_3_x"": 1019, ""count"": 100, ""sample_4_y"": 251.5, ""sample_2_y"": 340.5, ""sample_2_time"": 849, ""sample_2_x"": 962, ""sample_3_time"": 1266, ""sample_1_time"": 434, ""sample_0_y"": 470.5, ""sample_3_y"": 285.5, ""first_x"": 862, ""last_x"": 1057, ""sample_0_time"": 16}",Q1 (0-90<U+00B0>),Q1 (0-90<U+00B0>),TRUE,TRUE,Correct,45,4.795896769999999,4.795896769999999,4.795896769999999,4.795896769999999,TRUE
165727,18,righth,2,yes,0,"""10+""",74,45,47.73871268,3916,1750,"{""sample_0_time"": 17, ""sample_4_y"": 260.5, ""sample_4_x"": 1064, ""sample_1_y"": 455.5, ""count"": 105, ""sample_2_y"": 398.5, ""sample_4_time"": 1750, ""sample_0_x"": 871, ""sample_0_y"": 479.5, ""sample_1_x"": 897, ""sample_3_y"": 312.5, ""first_y"": 479.5, ""first_x"": 871, ""sample_2_time"": 884, ""last_y"": 260.5, ""sample_1_time"": 450, ""sample_3_x"": 1007, ""first_time"": 17, ""sample_3_time"": 1317, ""sample_2_x"": 939, ""last_x"": 1064, ""last_time"": 1750}",Q1 (0-90<U+00B0>),Q1 (0-90<U+00B0>),TRUE,TRUE,Correct,45,2.738712679999999,2.738712679999999,2.738712679999999,2.738712679999999,TRUE
165727,18,righth,2,yes,0,"""10+""",75,45,46.55515951,2665,1400,"{""sample_2_y"": 391.5, ""sample_3_time"": 1066, ""sample_0_y"": 475.5, ""sample_2_time"": 716, ""first_y"": 475.5, ""count"": 84, ""last_y"": 263.5, ""first_x"": 870, ""sample_1_time"": 367, ""last_x"": 1070, ""sample_2_x"": 941, ""last_time"": 1400, ""first_time"": 16, ""sample_1_y"": 441.5, ""sample_4_y"": 263.5, ""sample_1_x"": 898, ""sample_0_time"": 16, ""sample_4_x"": 1070, ""sample_3_y"": 324.5, ""sample_3_x"": 1004, ""sample_4_time"": 1400, ""sample_0_x"": 870}",Q1 (0-90<U+00B0>),Q1 (0-90<U+00B0>),TRUE,TRUE,Correct,45,1.5551595100000029,1.5551595100000029,1.5551595100000029,1.5551595100000029,TRUE
165727,18,righth,2,yes,0,"""10+""",76,135,134.0987924,2781,3851,"{""last_x"": 636, ""sample_1_y"": 384.5, ""sample_0_x"": 867, ""first_x"": 867, ""last_y"": 264.5, ""sample_2_time"": 1784, ""sample_4_y"": 264.5, ""sample_3_x"": 730, ""sample_4_x"": 636, ""count"": 201, ""last_time"": 3850, ""sample_3_time"": 2850, ""sample_0_time"": 17, ""sample_3_y"": 370.5, ""sample_1_x"": 949, ""sample_4_time"": 3850, ""sample_1_time"": 850, ""first_time"": 17, ""sample_2_x"": 803, ""sample_2_y"": 525.5, ""first_y"": 474.5, ""sample_0_y"": 474.5}",Q2 (90-180<U+00B0>),Q2 (90-180<U+00B0>),TRUE,TRUE,Correct,135,0.9012075999999922,0.9012075999999922,0.9012075999999922,0.9012075999999922,TRUE
165727,18,righth,2,yes,0,"""10+""",77,315,316.2960635,2198,1184,"{""last_y"": 706.5, ""sample_3_y"": 644.5, ""first_y"": 506.5, ""last_time"": 1184, ""sample_3_x"": 1024, ""last_x"": 1081, ""sample_1_time"": 301, ""sample_2_y"": 580.5, ""first_time"": 17, ""sample_2_x"": 960, ""first_x"": 869, ""sample_4_time"": 1184, ""count"": 71, ""sample_4_y"": 706.5, ""sample_3_time"": 901, ""sample_0_x"": 869, ""sample_1_y"": 532.5, ""sample_1_x"": 903, ""sample_4_x"": 1081, ""sample_0_time"": 17, ""sample_2_time"": 600, ""sample_0_y"": 506.5}",Q4 (270-360<U+00B0>),Q4 (270-360<U+00B0>),TRUE,TRUE,Correct,315,1.2960635000000025,1.2960635000000025,1.2960635000000025,1.2960635000000025,TRUE
165727,18,righth,2,yes,0,"""10+""",78,225,225.7812577,2449,1684,"{""sample_2_y"": 571.5, ""last_time"": 1683, ""sample_2_time"": 850, ""sample_0_y"": 504.5, ""last_y"": 713.5, ""sample_0_x"": 842, ""last_x"": 638, ""sample_4_y"": 713.5, ""sample_3_y"": 621.5, ""sample_4_time"": 1683, ""sample_1_time"": 433, ""sample_0_time"": 16, ""sample_2_x"": 765, ""first_y"": 504.5, ""sample_1_y"": 531.5, ""sample_3_x"": 716, ""first_x"": 842, ""sample_4_x"": 638, ""sample_3_time"": 1266, ""sample_1_x"": 815, ""count"": 101, ""first_time"": 16}",Q3 (180-270<U+00B0>),Q3 (180-270<U+00B0>),TRUE,TRUE,Correct,225,0.7812576999999976,0.7812576999999976,0.7812576999999976,0.7812576999999976,TRUE
165727,18,righth,2,yes,0,"""10+""",79,135,138.9004937,2733,1800,"{""sample_3_y"": 343.5, ""sample_0_x"": 836, ""sample_4_y"": 285.5, ""sample_4_x"": 620, ""sample_1_x"": 782, ""sample_1_time"": 467, ""sample_2_x"": 739, ""first_y"": 482.5, ""sample_0_y"": 482.5, ""sample_1_y"": 433.5, ""sample_2_y"": 393.5, ""last_time"": 1800, ""sample_0_time"": 16, ""sample_3_time"": 1366, ""first_x"": 836, ""last_y"": 285.5, ""count"": 108, ""first_time"": 16, ""sample_4_time"": 1800, ""sample_2_time"": 917, ""last_x"": 620, ""sample_3_x"": 687}",Q2 (90-180<U+00B0>),Q2 (90-180<U+00B0>),TRUE,TRUE,Correct,135,3.9004936999999984,3.9004936999999984,3.9004936999999984,3.9004936999999984,TRUE
165727,18,righth,2,yes,0,"""10+""",80,135,138.3817273,2849,1817,"{""sample_1_x"": 798, ""last_x"": 622, ""sample_4_time"": 1817, ""first_x"": 846, ""first_time"": 16, ""sample_1_time"": 467, ""sample_0_y"": 472.5, ""last_y"": 283.5, ""sample_2_y"": 396.5, ""first_y"": 472.5, ""sample_4_x"": 622, ""sample_0_x"": 846, ""sample_4_y"": 283.5, ""sample_3_y"": 334.5, ""sample_3_x"": 678, ""last_time"": 1817, ""sample_1_y"": 436.5, ""sample_2_time"": 916, ""sample_2_x"": 745, ""count"": 109, ""sample_0_time"": 16, ""sample_3_time"": 1367}",Q2 (90-180<U+00B0>),Q2 (90-180<U+00B0>),TRUE,TRUE,Correct,135,3.3817272999999943,3.3817272999999943,3.3817272999999943,3.3817272999999943,TRUE
165727,18,righth,2,yes,0,"""10+""",81,135,139.0392385,2815,1484,"{""sample_2_y"": 405.5, ""sample_0_time"": 17, ""first_y"": 474.5, ""first_x"": 840, ""sample_3_time"": 1116, ""sample_0_y"": 474.5, ""sample_1_time"": 382, ""count"": 89, ""sample_4_time"": 1483, ""sample_4_x"": 620, ""sample_3_y"": 347.5, ""sample_3_x"": 690, ""sample_2_time"": 750, ""last_y"": 286.5, ""sample_4_y"": 286.5, ""first_time"": 17, ""sample_0_x"": 840, ""sample_1_y"": 452.5, ""last_time"": 1483, ""sample_2_x"": 755, ""sample_1_x"": 809, ""last_x"": 620}",Q2 (90-180<U+00B0>),Q2 (90-180<U+00B0>),TRUE,TRUE,Correct,135,4.03923850000001,4.03923850000001,4.03923850000001,4.03923850000001,TRUE
165727,18,righth,2,yes,0,"""10+""",82,135,137.2075878,2716,1984,"{""sample_2_y"": 356.5, ""sample_3_y"": 314.5, ""sample_1_x"": 788, ""sample_3_time"": 1500, ""count"": 119, ""sample_3_x"": 661, ""sample_2_time"": 1000, ""last_x"": 626, ""sample_4_x"": 626, ""sample_1_y"": 432.5, ""last_time"": 1983, ""sample_4_y"": 278.5, ""first_y"": 474.5, ""first_x"": 840, ""sample_0_time"": 17, ""first_time"": 17, ""sample_2_x"": 706, ""sample_0_y"": 474.5, ""sample_0_x"": 840, ""sample_1_time"": 500, ""sample_4_time"": 1983, ""last_y"": 278.5}",Q2 (90-180<U+00B0>),Q2 (90-180<U+00B0>),TRUE,TRUE,Correct,135,2.207587799999999,2.207587799999999,2.207587799999999,2.207587799999999,TRUE
165727,18,righth,2,yes,0,"""10+""",83,315,318.7623327,2564,1651,"{""sample_0_time"": 17, ""sample_0_x"": 872, ""sample_1_time"": 417, ""sample_0_y"": 502.5, ""sample_4_y"": 696.5, ""sample_2_y"": 583.5, ""sample_3_time"": 1250, ""sample_1_y"": 541.5, ""last_time"": 1650, ""sample_2_x"": 973, ""first_y"": 502.5, ""count"": 99, ""last_x"": 1090, ""sample_4_x"": 1090, ""last_y"": 696.5, ""sample_3_x"": 1037, ""sample_2_time"": 833, ""sample_1_x"": 923, ""sample_4_time"": 1650, ""first_x"": 872, ""sample_3_y"": 642.5, ""first_time"": 17}",Q4 (270-360<U+00B0>),Q4 (270-360<U+00B0>),TRUE,TRUE,Correct,315,3.7623327000000018,3.7623327000000018,3.7623327000000018,3.7623327000000018,TRUE
165727,18,righth,2,yes,0,"""10+""",84,135,135.3897612,2548,1451,"{""sample_3_x"": 682, ""sample_2_y"": 388.5, ""sample_3_y"": 322.5, ""sample_2_time"": 733, ""first_y"": 481.5, ""sample_1_time"": 367, ""sample_2_x"": 737, ""sample_4_x"": 633, ""first_time"": 17, ""sample_4_time"": 1451, ""first_x"": 832, ""sample_0_x"": 832, ""sample_3_time"": 1101, ""last_x"": 633, ""last_time"": 1451, ""sample_4_y"": 271.5, ""sample_0_y"": 481.5, ""sample_0_time"": 17, ""sample_1_y"": 453.5, ""last_y"": 271.5, ""count"": 87, ""sample_1_x"": 802}",Q2 (90-180<U+00B0>),Q2 (90-180<U+00B0>),TRUE,TRUE,Correct,135,0.38976120000000947,0.38976120000000947,0.38976120000000947,0.38976120000000947,TRUE
165727,18,righth,2,yes,0,"""10+""",85,225,220.859114,2532,4100,"{""first_time"": 16, ""sample_0_y"": 507.5, ""sample_3_x"": 784, ""sample_3_y"": 550.5, ""sample_3_time"": 3200, ""last_y"": 695.5, ""sample_2_time"": 1900, ""sample_1_y"": 588.5, ""count"": 220, ""sample_2_x"": 1079, ""last_time"": 4100, ""sample_4_y"": 695.5, ""sample_4_x"": 618, ""sample_0_x"": 866, ""sample_0_time"": 16, ""first_y"": 507.5, ""sample_1_time"": 933, ""last_x"": 618, ""sample_2_y"": 701.5, ""sample_1_x"": 966, ""sample_4_time"": 4100, ""first_x"": 866}",Q3 (180-270<U+00B0>),Q3 (180-270<U+00B0>),TRUE,TRUE,Correct,225,4.140885999999995,4.140885999999995,4.140885999999995,4.140885999999995,TRUE
165727,18,righth,2,yes,0,"""10+""",86,225,222.3974378,2598,1668,"{""first_y"": 498.5, ""sample_3_time"": 1266, ""sample_0_time"": 17, ""sample_3_y"": 658.5, ""sample_4_x"": 625, ""sample_1_y"": 559.5, ""sample_0_y"": 498.5, ""count"": 100, ""last_x"": 625, ""sample_2_y"": 606.5, ""sample_1_time"": 433, ""sample_4_y"": 700.5, ""sample_1_x"": 743, ""first_time"": 17, ""sample_3_x"": 658, ""sample_2_time"": 850, ""sample_0_x"": 832, ""first_x"": 832, ""last_time"": 1667, ""sample_2_x"": 700, ""last_y"": 700.5, ""sample_4_time"": 1667}",Q3 (180-270<U+00B0>),Q3 (180-270<U+00B0>),TRUE,TRUE,Correct,225,2.602562199999994,2.602562199999994,2.602562199999994,2.602562199999994,TRUE
165727,18,righth,2,yes,0,"""10+""",87,135,135.9093804,2732,1934,"{""sample_3_x"": 664, ""last_time"": 1933, ""count"": 116, ""sample_3_time"": 1467, ""sample_1_x"": 780, ""sample_2_time"": 983, ""first_time"": 16, ""sample_0_time"": 16, ""sample_1_time"": 500, ""sample_3_y"": 302.5, ""sample_4_x"": 631, ""sample_2_y"": 359.5, ""sample_2_x"": 717, ""sample_0_x"": 835, ""last_y"": 273.5, ""sample_4_y"": 273.5, ""first_y"": 479.5, ""sample_1_y"": 426.5, ""last_x"": 631, ""sample_4_time"": 1933, ""sample_0_y"": 479.5, ""first_x"": 835}",Q2 (90-180<U+00B0>),Q2 (90-180<U+00B0>),TRUE,TRUE,Correct,135,0.9093804000000034,0.9093804000000034,0.9093804000000034,0.9093804000000034,TRUE
165727,18,righth,2,yes,0,"""10+""",88,315,320.8527019,2233,1333,"{""sample_2_y"": 571.5, ""count"": 80, ""first_time"": 16, ""first_x"": 875, ""sample_2_x"": 975, ""last_y"": 687.5, ""sample_3_time"": 1016, ""first_y"": 497.5, ""sample_3_x"": 1043, ""sample_1_time"": 350, ""sample_0_time"": 16, ""last_x"": 1097, ""sample_2_time"": 683, ""sample_0_x"": 875, ""sample_3_y"": 628.5, ""last_time"": 1333, ""sample_1_y"": 530.5, ""sample_0_y"": 497.5, ""sample_1_x"": 923, ""sample_4_x"": 1097, ""sample_4_y"": 687.5, ""sample_4_time"": 1333}",Q4 (270-360<U+00B0>),Q4 (270-360<U+00B0>),TRUE,TRUE,Correct,315,5.8527019,5.8527019,5.8527019,5.8527019,TRUE
165727,18,righth,2,yes,0,"""10+""",89,225,220.1823566,2399,1317,"{""sample_3_x"": 711, ""sample_2_x"": 749, ""sample_2_y"": 563.5, ""last_time"": 1317, ""sample_3_time"": 1033, ""sample_1_time"": 316, ""sample_2_time"": 616, ""sample_0_x"": 836, ""last_x"": 617, ""sample_4_y"": 691.5, ""last_y"": 691.5, ""sample_1_x"": 806, ""sample_3_y"": 601.5, ""count"": 72, ""sample_0_time"": 17, ""sample_1_y"": 515.5, ""sample_0_y"": 496.5, ""sample_4_time"": 1317, ""sample_4_x"": 617, ""first_x"": 836, ""first_time"": 17, ""first_y"": 496.5}",Q3 (180-270<U+00B0>),Q3 (180-270<U+00B0>),TRUE,TRUE,Correct,225,4.817643400000009,4.817643400000009,4.817643400000009,4.817643400000009,TRUE
165727,18,righth,2,yes,0,"""10+""",90,135,137.6025622,2315,1766,"{""sample_4_time"": 1766, ""count"": 106, ""last_time"": 1766, ""first_y"": 473.5, ""last_x"": 625, ""sample_2_time"": 899, ""sample_0_x"": 839, ""first_x"": 839, ""sample_0_time"": 16, ""sample_0_y"": 473.5, ""last_y"": 280.5, ""sample_4_y"": 280.5, ""sample_2_y"": 357.5, ""sample_1_x"": 775, ""sample_3_time"": 1333, ""sample_2_x"": 691, ""sample_1_time"": 450, ""sample_4_x"": 625, ""first_time"": 16, ""sample_1_y"": 425.5, ""sample_3_x"": 649, ""sample_3_y"": 312.5}",Q2 (90-180<U+00B0>),Q2 (90-180<U+00B0>),TRUE,TRUE,Correct,135,2.602562199999994,2.602562199999994,2.602562199999994,2.602562199999994,TRUE
165727,18,righth,2,yes,0,"""10+""",91,225,223.1775673,2333,1567,"{""sample_4_time"": 1567, ""sample_0_x"": 836, ""count"": 94, ""last_y"": 703.5, ""sample_1_y"": 529.5, ""sample_3_x"": 695, ""sample_1_time"": 400, ""sample_0_time"": 17, ""sample_1_x"": 801, ""last_x"": 628, ""sample_2_x"": 744, ""first_time"": 17, ""sample_0_y"": 503.5, ""last_time"": 1567, ""sample_3_y"": 635.5, ""first_x"": 836, ""sample_2_y"": 590.5, ""sample_4_y"": 703.5, ""sample_3_time"": 1182, ""sample_2_time"": 799, ""first_y"": 503.5, ""sample_4_x"": 628}",Q3 (180-270<U+00B0>),Q3 (180-270<U+00B0>),TRUE,TRUE,Correct,225,1.8224327000000073,1.8224327000000073,1.8224327000000073,1.8224327000000073,TRUE
165727,18,righth,2,yes,0,"""10+""",92,225,224.4815003,2431,1750,"{""sample_3_y"": 672.5, ""sample_3_time"": 1317, ""sample_0_y"": 509.5, ""sample_1_y"": 561.5, ""sample_4_time"": 1750, ""last_x"": 632, ""sample_1_x"": 793, ""sample_1_time"": 451, ""sample_4_y"": 709.5, ""sample_0_x"": 844, ""sample_4_x"": 632, ""sample_2_y"": 619.5, ""count"": 105, ""first_time"": 17, ""first_x"": 844, ""first_y"": 509.5, ""sample_2_time"": 884, ""sample_0_time"": 17, ""sample_3_x"": 668, ""last_time"": 1750, ""last_y"": 709.5, ""sample_2_x"": 724}",Q3 (180-270<U+00B0>),Q3 (180-270<U+00B0>),TRUE,TRUE,Correct,225,0.5184997000000067,0.5184997000000067,0.5184997000000067,0.5184997000000067,TRUE
165727,18,righth,2,yes,0,"""10+""",93,45,44.35041582,2382,1418,"{""last_y"": 272.5, ""sample_1_y"": 439.5, ""sample_2_y"": 386.5, ""sample_4_y"": 272.5, ""first_y"": 481.5, ""sample_2_time"": 717, ""sample_3_x"": 1017, ""sample_0_time"": 16, ""sample_4_time"": 1417, ""sample_1_time"": 367, ""sample_2_x"": 957, ""sample_3_time"": 1067, ""first_x"": 878, ""sample_0_x"": 878, ""last_time"": 1417, ""first_time"": 16, ""last_x"": 1078, ""sample_3_y"": 328.5, ""sample_0_y"": 481.5, ""count"": 85, ""sample_1_x"": 917, ""sample_4_x"": 1078}",Q1 (0-90<U+00B0>),Q1 (0-90<U+00B0>),TRUE,TRUE,Correct,45,0.649584179999998,0.649584179999998,0.649584179999998,0.649584179999998,TRUE
165727,18,righth,2,yes,0,"""10+""",94,45,46.5481577,2399,1501,"{""sample_0_x"": 872, ""first_y"": 472.5, ""sample_3_x"": 1019, ""count"": 90, ""sample_1_time"": 383, ""sample_0_time"": 16, ""first_time"": 16, ""sample_1_y"": 431.5, ""sample_1_x"": 906, ""sample_2_y"": 368.5, ""sample_2_time"": 767, ""sample_4_x"": 1071, ""sample_4_time"": 1500, ""last_x"": 1071, ""sample_0_y"": 472.5, ""first_x"": 872, ""sample_3_time"": 1132, ""sample_3_y"": 308.5, ""last_time"": 1500, ""sample_2_x"": 961, ""sample_4_y"": 262.5, ""last_y"": 262.5}",Q1 (0-90<U+00B0>),Q1 (0-90<U+00B0>),TRUE,TRUE,Correct,45,1.5481576999999973,1.5481576999999973,1.5481576999999973,1.5481576999999973,TRUE
165727,18,righth,2,yes,0,"""10+""",95,315,315.9012076,2332,1183,"{""sample_1_y"": 535.5, ""count"": 71, ""first_time"": 16, ""last_time"": 1183, ""sample_0_time"": 16, ""sample_2_time"": 600, ""sample_3_y"": 654.5, ""sample_3_x"": 1032, ""first_y"": 494.5, ""sample_0_x"": 878, ""sample_3_time"": 899, ""last_y"": 709.5, ""sample_4_time"": 1183, ""first_x"": 878, ""sample_2_y"": 596.5, ""sample_1_x"": 930, ""last_x"": 1081, ""sample_2_x"": 979, ""sample_4_y"": 709.5, ""sample_0_y"": 494.5, ""sample_4_x"": 1081, ""sample_1_time"": 299}",Q4 (270-360<U+00B0>),Q4 (270-360<U+00B0>),TRUE,TRUE,Correct,315,0.9012076000000206,0.9012076000000206,0.9012076000000206,0.9012076000000206,TRUE
165727,18,righth,2,yes,0,"""10+""",96,45,45.90938045,2382,1166,"{""sample_2_x"": 961, ""sample_3_time"": 882, ""sample_2_y"": 367.5, ""sample_4_x"": 1072, ""sample_0_y"": 468.5, ""sample_3_y"": 325.5, ""sample_2_time"": 600, ""sample_1_x"": 914, ""sample_4_y"": 266.5, ""sample_0_time"": 16, ""first_x"": 871, ""sample_0_x"": 871, ""sample_1_y"": 417.5, ""last_y"": 266.5, ""last_time"": 1166, ""first_time"": 16, ""sample_3_x"": 1004, ""last_x"": 1072, ""sample_4_time"": 1166, ""count"": 70, ""sample_1_time"": 299, ""first_y"": 468.5}",Q1 (0-90<U+00B0>),Q1 (0-90<U+00B0>),TRUE,TRUE,Correct,45,0.9093804500000005,0.9093804500000005,0.9093804500000005,0.9093804500000005,TRUE
165727,18,righth,2,yes,0,"""10+""",97,225,224.222277,2182,1250,"{""first_time"": 16, ""first_x"": 832, ""sample_4_time"": 1249, ""count"": 75, ""sample_1_time"": 316, ""sample_2_time"": 633, ""sample_0_y"": 504.5, ""sample_0_x"": 832, ""sample_1_x"": 772, ""sample_3_time"": 949, ""last_y"": 708.5, ""sample_4_y"": 708.5, ""last_time"": 1249, ""sample_1_y"": 549.5, ""sample_2_y"": 609.5, ""first_y"": 504.5, ""sample_3_x"": 674, ""last_x"": 631, ""sample_4_x"": 631, ""sample_2_x"": 715, ""sample_3_y"": 656.5, ""sample_0_time"": 16}",Q3 (180-270<U+00B0>),Q3 (180-270<U+00B0>),TRUE,TRUE,Correct,225,0.7777230000000088,0.7777230000000088,0.7777230000000088,0.7777230000000088,TRUE
165727,18,righth,2,yes,0,"""10+""",98,315,317.8624052,2315,2001,"{""last_time"": 2000, ""sample_1_x"": 905, ""sample_2_y"": 575.5, ""sample_2_x"": 984, ""last_x"": 1086, ""sample_0_time"": 17, ""sample_3_y"": 643.5, ""sample_1_y"": 525.5, ""sample_0_y"": 505.5, ""sample_4_y"": 699.5, ""sample_3_x"": 1049, ""sample_4_time"": 2000, ""first_y"": 505.5, ""sample_1_time"": 517, ""first_time"": 17, ""last_y"": 699.5, ""sample_3_time"": 1517, ""sample_2_time"": 1017, ""sample_0_x"": 866, ""count"": 120, ""sample_4_x"": 1086, ""first_x"": 866}",Q4 (270-360<U+00B0>),Q4 (270-360<U+00B0>),TRUE,TRUE,Correct,315,2.862405200000012,2.862405200000012,2.862405200000012,2.862405200000012,TRUE
165727,18,righth,2,yes,0,"""10+""",99,315,318.5035316,2316,1233,"{""first_x"": 874, ""sample_1_time"": 316, ""sample_3_x"": 1041, ""sample_2_time"": 632, ""last_y"": 697.5, ""first_y"": 501.5, ""sample_1_x"": 935, ""sample_0_y"": 501.5, ""sample_2_x"": 989, ""sample_3_y"": 652.5, ""sample_1_y"": 552.5, ""sample_4_time"": 1233, ""sample_4_y"": 697.5, ""sample_0_time"": 16, ""last_time"": 1233, ""count"": 74, ""first_time"": 16, ""last_x"": 1089, ""sample_4_x"": 1089, ""sample_2_y"": 605.5, ""sample_0_x"": 874, ""sample_3_time"": 933}",Q4 (270-360<U+00B0>),Q4 (270-360<U+00B0>),TRUE,TRUE,Correct,315,3.503531599999974,3.503531599999974,3.503531599999974,3.503531599999974,TRUE
165727,18,righth,2,yes,0,"""10+""",100,315,316.1691393,2433,1801,"{""count"": 108, ""sample_0_x"": 863, ""sample_2_time"": 917, ""sample_4_time"": 1801, ""sample_4_x"": 1080, ""sample_3_x"": 1027, ""first_time"": 17, ""sample_3_time"": 1367, ""first_x"": 863, ""sample_1_x"": 900, ""sample_2_x"": 971, ""sample_3_y"": 653.5, ""last_time"": 1801, ""first_y"": 509.5, ""sample_1_y"": 535.5, ""sample_2_y"": 600.5, ""sample_0_time"": 17, ""last_x"": 1080, ""sample_0_y"": 509.5, ""sample_4_y"": 706.5, ""last_y"": 706.5, ""sample_1_time"": 467}",Q4 (270-360<U+00B0>),Q4 (270-360<U+00B0>),TRUE,TRUE,Correct,315,1.1691392999999835,1.1691392999999835,1.1691392999999835,1.1691392999999835,TRUE
165757,20,righth,2,yes,10,"""10+""",21,45,46.79664363,3732,1450,"{""first_y"": 423, ""first_x"": 869, ""sample_1_y"": 409, ""sample_0_y"": 423, ""sample_2_x"": 932, ""sample_0_time"": 16, ""sample_4_x"": 1048, ""sample_3_x"": 985, ""last_time"": 1450, ""sample_3_y"": 306, ""first_time"": 16, ""sample_2_y"": 362, ""sample_1_x"": 889, ""last_y"": 230, ""last_x"": 1048, ""sample_1_time"": 366, ""sample_4_y"": 230, ""sample_3_time"": 1100, ""count"": 87, ""sample_0_x"": 869, ""sample_2_time"": 733, ""sample_4_time"": 1450}",Q1 (0-90<U+00B0>),Q1 (0-90<U+00B0>),TRUE,TRUE,Correct,45,1.7966436299999984,1.7966436299999984,1.7966436299999984,1.7966436299999984,TRUE
165757,20,righth,2,yes,10,"""10+""",22,135,45.65686551,2549,1050,"{""first_time"": 16, ""sample_2_y"": 354, ""count"": 63, ""first_y"": 433, ""sample_0_y"": 433, ""last_x"": 1049, ""sample_4_time"": 1049, ""sample_0_x"": 882, ""sample_1_time"": 266, ""sample_2_time"": 533, ""sample_0_time"": 16, ""sample_1_y"": 394, ""last_time"": 1049, ""last_y"": 237, ""sample_4_y"": 237, ""sample_3_y"": 301, ""sample_1_x"": 935, ""sample_2_x"": 963, ""sample_3_time"": 799, ""first_x"": 882, ""sample_3_x"": 1005, ""sample_4_x"": 1049}",Q2 (90-180<U+00B0>),Q1 (0-90<U+00B0>),FALSE,TRUE,Formant,45,0.6568655100000029,0.6568655100000029,89.34313449,89.34313449,FALSE
165757,20,righth,2,yes,10,"""10+""",23,45,46.24695834,2799,1767,"{""first_y"": 430, ""last_y"": 236, ""sample_4_y"": 236, ""count"": 106, ""sample_2_time"": 900, ""sample_4_time"": 1767, ""sample_0_x"": 872, ""sample_3_time"": 1333, ""sample_1_x"": 899, ""sample_4_x"": 1046, ""sample_0_time"": 17, ""sample_3_x"": 993, ""last_time"": 1767, ""first_time"": 17, ""sample_2_x"": 928, ""sample_2_y"": 367, ""first_x"": 872, ""last_x"": 1046, ""sample_1_time"": 450, ""sample_3_y"": 299, ""sample_1_y"": 406, ""sample_0_y"": 430}",Q1 (0-90<U+00B0>),Q1 (0-90<U+00B0>),TRUE,TRUE,Correct,45,1.246958339999999,1.246958339999999,1.246958339999999,1.246958339999999,TRUE
165757,20,righth,2,yes,10,"""10+""",24,135,134.780477,2827,2901,"{""last_x"": 660, ""sample_1_y"": 518, ""sample_1_time"": 567, ""sample_0_y"": 454, ""sample_1_x"": 915, ""sample_2_time"": 1200, ""sample_4_y"": 239, ""first_y"": 454, ""sample_4_x"": 660, ""count"": 134, ""first_x"": 859, ""sample_0_time"": 17, ""sample_2_y"": 362, ""first_time"": 17, ""sample_3_time"": 1750, ""sample_4_time"": 2900, ""sample_3_x"": 720, ""sample_3_y"": 306, ""last_y"": 239, ""sample_2_x"": 781, ""sample_0_x"": 859, ""last_time"": 2900}",Q2 (90-180<U+00B0>),Q2 (90-180<U+00B0>),TRUE,TRUE,Correct,135,0.21952300000000946,0.21952300000000946,0.21952300000000946,0.21952300000000946,TRUE
165757,20,righth,2,yes,10,"""10+""",25,225,224.7799149,2731,1867,"{""sample_1_time"": 483, ""sample_0_x"": 841, ""first_x"": 841, ""sample_4_time"": 1866, ""count"": 112, ""last_y"": 630, ""sample_3_y"": 602, ""sample_3_time"": 1416, ""sample_1_y"": 473, ""sample_0_y"": 447, ""sample_2_time"": 950, ""sample_0_time"": 16, ""sample_3_x"": 697, ""last_time"": 1866, ""first_time"": 16, ""sample_4_y"": 630, ""sample_1_x"": 816, ""sample_2_x"": 754, ""sample_2_y"": 549, ""last_x"": 659, ""first_y"": 447, ""sample_4_x"": 659}",Q3 (180-270<U+00B0>),Q3 (180-270<U+00B0>),TRUE,TRUE,Correct,225,0.2200851000000057,0.2200851000000057,0.2200851000000057,0.2200851000000057,TRUE
165757,20,righth,2,yes,10,"""10+""",26,45,136.9799874,2498,1533,"{""sample_3_y"": 276, ""sample_0_x"": 842, ""sample_4_time"": 1533, ""sample_1_x"": 794, ""sample_2_x"": 744, ""sample_0_y"": 419, ""last_y"": 247, ""sample_4_y"": 247, ""last_time"": 1533, ""sample_2_y"": 335, ""count"": 91, ""first_time"": 16, ""sample_4_x"": 653, ""sample_2_time"": 766, ""sample_1_y"": 381, ""sample_3_time"": 1150, ""first_y"": 419, ""sample_0_time"": 16, ""first_x"": 842, ""sample_3_x"": 685, ""sample_1_time"": 383, ""last_x"": 653}",Q1 (0-90<U+00B0>),Q2 (90-180<U+00B0>),FALSE,TRUE,Formant,135,1.9799873999999988,1.9799873999999988,91.9799874,91.9799874,FALSE
165757,20,righth,2,yes,10,"""10+""",27,45,46.09748605,2484,1481,"{""first_y"": 423, ""sample_2_y"": 352, ""sample_3_x"": 1006, ""first_time"": 14, ""sample_1_y"": 397, ""sample_3_y"": 281, ""last_time"": 1481, ""sample_4_y"": 236, ""count"": 89, ""sample_4_time"": 1481, ""sample_2_time"": 748, ""sample_4_x"": 1047, ""sample_1_time"": 381, ""sample_3_time"": 1114, ""sample_2_x"": 956, ""sample_0_time"": 14, ""sample_1_x"": 915, ""sample_0_y"": 423, ""last_y"": 236, ""first_x"": 870, ""last_x"": 1047, ""sample_0_x"": 870}",Q1 (0-90<U+00B0>),Q1 (0-90<U+00B0>),TRUE,TRUE,Correct,45,1.0974860500000005,1.0974860500000005,1.0974860500000005,1.0974860500000005,TRUE
165757,20,righth,2,yes,10,"""10+""",28,315,316.2437743,2599,1367,"{""sample_4_time"": 1367, ""last_y"": 627, ""first_x"": 865, ""count"": 82, ""sample_3_y"": 560, ""sample_0_time"": 17, ""sample_3_time"": 1033, ""sample_2_time"": 700, ""sample_2_x"": 942, ""sample_0_y"": 452, ""sample_4_y"": 627, ""first_y"": 452, ""sample_4_x"": 1055, ""sample_1_time"": 350, ""last_x"": 1055, ""first_time"": 17, ""sample_2_y"": 514, ""sample_0_x"": 865, ""sample_3_x"": 992, ""last_time"": 1367, ""sample_1_x"": 898, ""sample_1_y"": 479}",Q4 (270-360<U+00B0>),Q4 (270-360<U+00B0>),TRUE,TRUE,Correct,315,1.2437742999999841,1.2437742999999841,1.2437742999999841,1.2437742999999841,TRUE
165757,20,righth,2,yes,10,"""10+""",29,45,45.8048686,2748,1467,"{""sample_2_time"": 750, ""first_time"": 16, ""sample_0_y"": 413, ""sample_1_time"": 383, ""sample_3_x"": 1006, ""sample_4_x"": 1048, ""sample_4_y"": 237, ""sample_0_time"": 16, ""sample_1_x"": 926, ""last_x"": 1048, ""sample_0_x"": 878, ""sample_2_x"": 971, ""last_time"": 1466, ""last_y"": 237, ""sample_2_y"": 329, ""first_x"": 878, ""sample_4_time"": 1466, ""sample_3_y"": 296, ""first_y"": 413, ""sample_1_y"": 377, ""sample_3_time"": 1116, ""count"": 88}",Q1 (0-90<U+00B0>),Q1 (0-90<U+00B0>),TRUE,TRUE,Correct,45,0.8048685999999989,0.8048685999999989,0.8048685999999989,0.8048685999999989,TRUE
165757,20,righth,2,yes,10,"""10+""",30,225,223.7562257,2535,1630,"{""first_x"": 839, ""sample_0_y"": 448, ""sample_2_time"": 830, ""sample_1_time"": 413, ""sample_1_y"": 488, ""count"": 98, ""sample_3_time"": 1230, ""last_y"": 627, ""sample_0_time"": 13, ""sample_3_x"": 692, ""sample_2_y"": 537, ""sample_2_x"": 755, ""first_time"": 13, ""first_y"": 448, ""sample_4_y"": 627, ""sample_1_x"": 797, ""sample_4_time"": 1630, ""sample_0_x"": 839, ""sample_4_x"": 655, ""last_x"": 655, ""last_time"": 1630, ""sample_3_y"": 593}",Q3 (180-270<U+00B0>),Q3 (180-270<U+00B0>),TRUE,TRUE,Correct,225,1.2437743000000125,1.2437743000000125,1.2437743000000125,1.2437743000000125,TRUE
165757,20,righth,2,yes,10,"""10+""",31,135,136.2437743,2581,1534,"{""sample_0_time"": 17, ""last_x"": 655, ""sample_2_y"": 357, ""sample_1_x"": 795, ""first_time"": 17, ""last_time"": 1533, ""last_y"": 244, ""sample_0_x"": 836, ""sample_4_y"": 244, ""count"": 92, ""sample_1_y"": 397, ""sample_0_y"": 428, ""sample_2_time"": 783, ""sample_3_y"": 319, ""first_y"": 428, ""sample_4_time"": 1533, ""sample_3_x"": 716, ""sample_4_x"": 655, ""sample_3_time"": 1167, ""sample_1_time"": 400, ""sample_2_x"": 751, ""first_x"": 836}",Q2 (90-180<U+00B0>),Q2 (90-180<U+00B0>),TRUE,TRUE,Correct,135,1.2437743000000125,1.2437743000000125,1.2437743000000125,1.2437743000000125,TRUE
165757,20,righth,2,yes,10,"""10+""",32,225,224.3414568,2431,2100,"{""sample_2_time"": 1017, ""first_y"": 455, ""sample_3_y"": 610, ""sample_0_y"": 455, ""sample_1_y"": 501, ""count"": 121, ""sample_2_x"": 753, ""sample_4_time"": 2100, ""sample_1_time"": 516, ""sample_2_y"": 554, ""last_y"": 629, ""last_x"": 657, ""sample_4_x"": 657, ""sample_3_time"": 1517, ""sample_4_y"": 629, ""first_time"": 17, ""first_x"": 849, ""sample_3_x"": 686, ""sample_1_x"": 811, ""sample_0_x"": 849, ""last_time"": 2100, ""sample_0_time"": 17}",Q3 (180-270<U+00B0>),Q3 (180-270<U+00B0>),TRUE,TRUE,Correct,225,0.6585431999999969,0.6585431999999969,0.6585431999999969,0.6585431999999969,TRUE
165757,20,righth,2,yes,10,"""10+""",33,135,137.1210964,2817,1315,"{""first_x"": 830, ""sample_4_time"": 1315, ""last_time"": 1315, ""sample_2_y"": 340, ""sample_2_x"": 731, ""sample_1_time"": 331, ""count"": 79, ""last_x"": 652, ""sample_4_y"": 247, ""sample_1_x"": 767, ""sample_0_y"": 424, ""first_time"": 15, ""sample_0_x"": 830, ""last_y"": 247, ""sample_1_y"": 371, ""sample_0_time"": 15, ""sample_3_time"": 998, ""first_y"": 424, ""sample_3_x"": 693, ""sample_4_x"": 652, ""sample_2_time"": 665, ""sample_3_y"": 297}",Q2 (90-180<U+00B0>),Q2 (90-180<U+00B0>),TRUE,TRUE,Correct,135,2.121096399999999,2.121096399999999,2.121096399999999,2.121096399999999,TRUE
165757,20,righth,2,yes,10,"""10+""",34,225,224.4864792,2248,2166,"{""sample_1_time"": 549, ""last_time"": 2166, ""sample_0_time"": 16, ""sample_2_y"": 522, ""count"": 130, ""sample_1_y"": 480, ""sample_2_x"": 781, ""sample_0_x"": 857, ""first_y"": 452, ""last_x"": 658, ""sample_2_time"": 1099, ""sample_3_x"": 714, ""sample_1_x"": 817, ""sample_4_y"": 629, ""first_time"": 16, ""sample_4_x"": 658, ""sample_3_y"": 580, ""first_x"": 857, ""sample_0_y"": 452, ""sample_3_time"": 1633, ""sample_4_time"": 2166, ""last_y"": 629}",Q3 (180-270<U+00B0>),Q3 (180-270<U+00B0>),TRUE,TRUE,Correct,225,0.5135208000000091,0.5135208000000091,0.5135208000000091,0.5135208000000091,TRUE
165757,20,righth,2,yes,10,"""10+""",35,315,314.6331946,2482,1233,"{""sample_2_y"": 519, ""sample_4_time"": 1233, ""sample_0_y"": 440, ""sample_2_time"": 633, ""sample_4_x"": 1049, ""last_x"": 1049, ""sample_0_x"": 872, ""sample_3_time"": 933, ""first_time"": 16, ""sample_3_x"": 1001, ""sample_3_y"": 577, ""sample_1_y"": 480, ""sample_1_time"": 315, ""last_time"": 1233, ""first_x"": 872, ""sample_2_x"": 945, ""last_y"": 632, ""count"": 74, ""sample_4_y"": 632, ""first_y"": 440, ""sample_0_time"": 16, ""sample_1_x"": 916}",Q4 (270-360<U+00B0>),Q4 (270-360<U+00B0>),TRUE,TRUE,Correct,315,0.36680539999997563,0.36680539999997563,0.36680539999997563,0.36680539999997563,TRUE
165757,20,righth,2,yes,10,"""10+""",36,315,315.8069295,2515,1517,"{""count"": 91, ""last_time"": 1516, ""sample_4_y"": 628, ""sample_2_time"": 766, ""sample_1_y"": 473, ""sample_1_time"": 388, ""first_time"": 16, ""sample_1_x"": 902, ""sample_3_x"": 1021, ""sample_3_y"": 597, ""sample_4_time"": 1516, ""sample_0_time"": 16, ""sample_0_x"": 871, ""first_y"": 448, ""sample_2_x"": 952, ""sample_4_x"": 1053, ""sample_3_time"": 1150, ""last_x"": 1053, ""first_x"": 871, ""sample_0_y"": 448, ""sample_2_y"": 524, ""last_y"": 628}",Q4 (270-360<U+00B0>),Q4 (270-360<U+00B0>),TRUE,TRUE,Correct,315,0.8069295000000238,0.8069295000000238,0.8069295000000238,0.8069295000000238,TRUE
165757,20,righth,2,yes,10,"""10+""",37,315,312.7327688,2364,2184,"{""sample_4_x"": 1043, ""sample_0_y"": 446, ""sample_1_x"": 931, ""sample_3_x"": 1023, ""sample_4_time"": 2184, ""sample_3_y"": 604, ""sample_4_y"": 639, ""sample_0_x"": 872, ""sample_2_x"": 993, ""first_x"": 872, ""last_time"": 2184, ""last_y"": 639, ""sample_0_time"": 17, ""count"": 123, ""last_x"": 1043, ""first_time"": 17, ""sample_3_time"": 1550, ""sample_1_y"": 486, ""sample_1_time"": 517, ""sample_2_time"": 1034, ""sample_2_y"": 556, ""first_y"": 446}",Q4 (270-360<U+00B0>),Q4 (270-360<U+00B0>),TRUE,TRUE,Correct,315,2.267231200000026,2.267231200000026,2.267231200000026,2.267231200000026,TRUE
165757,20,righth,2,yes,10,"""10+""",38,45,45.8048686,2665,1550,"{""sample_3_y"": 304, ""sample_0_y"": 423, ""sample_3_x"": 1006, ""sample_4_y"": 237, ""count"": 93, ""sample_1_x"": 904, ""sample_2_time"": 784, ""sample_0_time"": 17, ""sample_4_x"": 1048, ""sample_1_time"": 400, ""sample_2_x"": 971, ""sample_3_time"": 1167, ""last_x"": 1048, ""first_time"": 17, ""first_x"": 872, ""sample_4_time"": 1550, ""sample_0_x"": 872, ""last_time"": 1550, ""first_y"": 423, ""last_y"": 237, ""sample_2_y"": 354, ""sample_1_y"": 400}",Q1 (0-90<U+00B0>),Q1 (0-90<U+00B0>),TRUE,TRUE,Correct,45,0.8048685999999989,0.8048685999999989,0.8048685999999989,0.8048685999999989,TRUE
165757,20,righth,2,yes,10,"""10+""",39,315,314.6331946,2482,1450,"{""sample_2_y"": 534, ""sample_1_x"": 912, ""first_y"": 437, ""count"": 83, ""last_time"": 1450, ""sample_1_y"": 473, ""sample_4_time"": 1450, ""sample_2_x"": 960, ""sample_4_y"": 632, ""sample_3_x"": 1009, ""sample_0_time"": 16, ""sample_0_x"": 871, ""sample_1_time"": 383, ""last_y"": 632, ""sample_4_x"": 1049, ""sample_0_y"": 437, ""first_x"": 871, ""sample_3_time"": 1117, ""sample_2_time"": 733, ""first_time"": 16, ""sample_3_y"": 585, ""last_x"": 1049}",Q4 (270-360<U+00B0>),Q4 (270-360<U+00B0>),TRUE,TRUE,Correct,315,0.36680539999997563,0.36680539999997563,0.36680539999997563,0.36680539999997563,TRUE
165757,20,righth,2,yes,10,"""10+""",40,45,47.25571969,2497,1634,"{""sample_4_time"": 1634, ""sample_3_y"": 265, ""sample_1_time"": 400, ""sample_2_y"": 328, ""sample_3_x"": 1017, ""sample_0_time"": 17, ""sample_1_y"": 388, ""sample_0_y"": 425, ""last_y"": 231, ""sample_4_y"": 231, ""first_y"": 425, ""sample_3_time"": 1234, ""last_time"": 1634, ""sample_2_x"": 984, ""sample_2_time"": 817, ""sample_4_x"": 1044, ""count"": 92, ""sample_1_x"": 933, ""sample_0_x"": 877, ""last_x"": 1044, ""first_time"": 17, ""first_x"": 877}",Q1 (0-90<U+00B0>),Q1 (0-90<U+00B0>),TRUE,TRUE,Correct,45,2.2557196899999994,2.2557196899999994,2.2557196899999994,2.2557196899999994,TRUE
165757,20,righth,2,yes,10,"""10+""",41,45,45.95361889,2215,1634,"{""sample_4_y"": 237, ""sample_4_x"": 1047, ""first_x"": 874, ""sample_1_y"": 356, ""sample_3_x"": 1006, ""sample_2_x"": 990, ""last_time"": 1634, ""sample_1_x"": 968, ""sample_0_y"": 422, ""first_time"": 18, ""sample_3_y"": 294, ""sample_0_time"": 18, ""last_x"": 1047, ""sample_2_time"": 834, ""sample_4_time"": 1634, ""last_y"": 237, ""sample_2_y"": 318, ""sample_0_x"": 874, ""first_y"": 422, ""sample_3_time"": 1234, ""sample_1_time"": 417, ""count"": 98}",Q1 (0-90<U+00B0>),Q1 (0-90<U+00B0>),TRUE,TRUE,Correct,45,0.9536188900000013,0.9536188900000013,0.9536188900000013,0.9536188900000013,TRUE
165757,20,righth,2,yes,10,"""10+""",42,135,139.1636126,2465,1434,"{""sample_2_time"": 734, ""sample_4_y"": 254, ""sample_0_y"": 444, ""last_time"": 1434, ""sample_3_y"": 320, ""sample_1_x"": 781, ""first_x"": 837, ""sample_3_time"": 1084, ""first_time"": 17, ""sample_3_x"": 693, ""sample_1_time"": 367, ""first_y"": 444, ""sample_2_x"": 739, ""sample_4_time"": 1434, ""sample_4_x"": 645, ""sample_1_y"": 408, ""count"": 86, ""last_x"": 645, ""sample_2_y"": 370, ""sample_0_time"": 17, ""sample_0_x"": 837, ""last_y"": 254}",Q2 (90-180<U+00B0>),Q2 (90-180<U+00B0>),TRUE,TRUE,Correct,135,4.163612599999993,4.163612599999993,4.163612599999993,4.163612599999993,TRUE
165757,20,righth,2,yes,10,"""10+""",43,315,315.9415652,3105,1701,"{""sample_3_y"": 585, ""sample_1_time"": 434, ""sample_2_time"": 867, ""first_x"": 872, ""sample_2_y"": 526, ""first_time"": 17, ""sample_1_y"": 478, ""last_x"": 1056, ""sample_0_x"": 872, ""count"": 102, ""last_time"": 1700, ""sample_0_y"": 440, ""sample_1_x"": 922, ""last_y"": 630, ""sample_2_x"": 952, ""first_y"": 440, ""sample_4_y"": 630, ""sample_3_x"": 1003, ""sample_0_time"": 17, ""sample_3_time"": 1284, ""sample_4_x"": 1056, ""sample_4_time"": 1700}",Q4 (270-360<U+00B0>),Q4 (270-360<U+00B0>),TRUE,TRUE,Correct,315,0.9415652000000136,0.9415652000000136,0.9415652000000136,0.9415652000000136,TRUE
165757,20,righth,2,yes,10,"""10+""",44,225,223.6063955,2599,1450,"{""sample_2_y"": 520, ""sample_3_y"": 573, ""sample_3_x"": 718, ""first_x"": 842, ""sample_1_y"": 477, ""sample_0_time"": 16, ""first_y"": 449, ""first_time"": 16, ""count"": 87, ""sample_0_y"": 449, ""sample_4_x"": 655, ""sample_4_y"": 626, ""sample_3_time"": 1100, ""sample_1_x"": 809, ""sample_2_time"": 733, ""last_x"": 655, ""sample_2_x"": 776, ""last_y"": 626, ""sample_0_x"": 842, ""sample_4_time"": 1450, ""sample_1_time"": 366, ""last_time"": 1450}",Q3 (180-270<U+00B0>),Q3 (180-270<U+00B0>),TRUE,TRUE,Correct,225,1.3936045000000092,1.3936045000000092,1.3936045000000092,1.3936045000000092,TRUE
165757,20,righth,2,yes,10,"""10+""",45,45,46.8334258,2466,1767,"{""sample_3_x"": 1015, ""sample_4_y"": 234, ""count"": 106, ""sample_4_x"": 1044, ""sample_2_y"": 325, ""first_time"": 17, ""sample_1_y"": 392, ""sample_0_x"": 873, ""first_y"": 425, ""last_x"": 1044, ""sample_2_time"": 900, ""sample_0_y"": 425, ""sample_0_time"": 17, ""last_time"": 1767, ""sample_3_y"": 269, ""sample_3_time"": 1333, ""sample_4_time"": 1767, ""sample_1_x"": 926, ""first_x"": 873, ""last_y"": 234, ""sample_1_time"": 449, ""sample_2_x"": 974}",Q1 (0-90<U+00B0>),Q1 (0-90<U+00B0>),TRUE,TRUE,Correct,45,1.8334258000000005,1.8334258000000005,1.8334258000000005,1.8334258000000005,TRUE
165757,20,righth,2,yes,10,"""10+""",46,315,315.8069295,2631,1401,"{""sample_4_x"": 1053, ""last_x"": 1053, ""sample_2_y"": 512, ""first_y"": 451, ""sample_4_time"": 1400, ""sample_3_time"": 1067, ""sample_2_time"": 716, ""sample_3_y"": 583, ""last_y"": 628, ""sample_4_y"": 628, ""count"": 84, ""sample_0_x"": 866, ""first_x"": 866, ""sample_2_x"": 941, ""sample_1_time"": 367, ""sample_1_x"": 907, ""sample_0_time"": 17, ""sample_1_y"": 484, ""first_time"": 17, ""sample_0_y"": 451, ""sample_3_x"": 1014, ""last_time"": 1400}",Q4 (270-360<U+00B0>),Q4 (270-360<U+00B0>),TRUE,TRUE,Correct,315,0.8069295000000238,0.8069295000000238,0.8069295000000238,0.8069295000000238,TRUE
165757,20,righth,2,yes,10,"""10+""",47,315,314.926638,2382,1350,"{""sample_2_y"": 547, ""sample_4_x"": 1050, ""sample_3_y"": 597, ""last_y"": 631, ""sample_3_x"": 1020, ""sample_1_y"": 496, ""first_x"": 875, ""last_time"": 1350, ""sample_0_x"": 875, ""first_y"": 450, ""sample_4_y"": 631, ""sample_0_time"": 16, ""last_x"": 1050, ""sample_4_time"": 1350, ""sample_0_y"": 450, ""sample_1_time"": 350, ""sample_2_x"": 970, ""sample_2_time"": 683, ""count"": 81, ""sample_3_time"": 1016, ""sample_1_x"": 914, ""first_time"": 16}",Q4 (270-360<U+00B0>),Q4 (270-360<U+00B0>),TRUE,TRUE,Correct,315,0.07336199999997461,0.07336199999997461,0.07336199999997461,0.07336199999997461,TRUE
165757,20,righth,2,yes,10,"""10+""",48,45,45.36680536,2515,1400,"{""sample_1_y"": 396, ""sample_0_time"": 16, ""last_y"": 239, ""sample_2_x"": 960, ""count"": 84, ""last_time"": 1400, ""sample_1_x"": 924, ""first_y"": 425, ""sample_0_x"": 873, ""sample_4_time"": 1400, ""sample_2_y"": 343, ""sample_3_x"": 1012, ""sample_1_time"": 366, ""sample_3_y"": 282, ""sample_4_y"": 239, ""sample_3_time"": 1066, ""first_time"": 16, ""sample_2_time"": 716, ""first_x"": 873, ""sample_4_x"": 1049, ""sample_0_y"": 425, ""last_x"": 1049}",Q1 (0-90<U+00B0>),Q1 (0-90<U+00B0>),TRUE,TRUE,Correct,45,0.36680536000000075,0.36680536000000075,0.36680536000000075,0.36680536000000075,TRUE
165757,20,righth,2,yes,10,"""10+""",49,45,44.77991486,2332,1267,"{""sample_4_time"": 1267, ""first_time"": 17, ""sample_0_y"": 427, ""last_x"": 1051, ""count"": 76, ""sample_1_time"": 334, ""sample_0_time"": 17, ""sample_1_x"": 950, ""sample_2_time"": 650, ""sample_1_y"": 376, ""sample_3_y"": 282, ""sample_2_y"": 332, ""last_time"": 1267, ""last_y"": 241, ""sample_3_x"": 1018, ""sample_4_y"": 241, ""sample_4_x"": 1051, ""sample_0_x"": 876, ""sample_2_x"": 999, ""sample_3_time"": 967, ""first_y"": 427, ""first_x"": 876}",Q1 (0-90<U+00B0>),Q1 (0-90<U+00B0>),TRUE,TRUE,Correct,45,0.2200851400000019,0.2200851400000019,0.2200851400000019,0.2200851400000019,TRUE
165757,20,righth,2,yes,10,"""10+""",50,315,312.3014318,2482,1383,"{""last_x"": 1042, ""sample_0_y"": 450, ""sample_4_y"": 641, ""sample_1_x"": 918, ""last_y"": 641, ""sample_0_x"": 869, ""count"": 81, ""sample_3_time"": 1016, ""sample_3_y"": 611, ""first_x"": 869, ""first_y"": 450, ""sample_1_y"": 509, ""sample_2_y"": 568, ""last_time"": 1383, ""sample_3_x"": 997, ""sample_2_time"": 683, ""sample_1_time"": 350, ""sample_2_x"": 954, ""sample_4_x"": 1042, ""first_time"": 16, ""sample_4_time"": 1383, ""sample_0_time"": 16}",Q4 (270-360<U+00B0>),Q4 (270-360<U+00B0>),TRUE,TRUE,Correct,315,2.698568200000011,2.698568200000011,2.698568200000011,2.698568200000011,TRUE
165757,20,righth,2,yes,10,"""10+""",51,225,226.2469583,2332,1067,"{""sample_0_x"": 834, ""sample_2_y"": 522, ""first_time"": 17, ""sample_2_time"": 550, ""sample_1_y"": 483, ""sample_3_time"": 817, ""count"": 64, ""sample_4_y"": 635, ""sample_2_x"": 764, ""last_x"": 664, ""first_y"": 441, ""sample_4_time"": 1067, ""sample_0_y"": 441, ""first_x"": 834, ""last_time"": 1067, ""sample_1_time"": 282, ""sample_0_time"": 17, ""last_y"": 635, ""sample_3_x"": 708, ""sample_3_y"": 581, ""sample_4_x"": 664, ""sample_1_x"": 792}",Q3 (180-270<U+00B0>),Q3 (180-270<U+00B0>),TRUE,TRUE,Correct,225,1.2469582999999886,1.2469582999999886,1.2469582999999886,1.2469582999999886,TRUE
165757,20,righth,2,yes,10,"""10+""",52,135,134.4877908,2700,1483,"{""sample_2_time"": 749, ""count"": 89, ""last_time"": 1482, ""sample_4_time"": 1482, ""sample_4_x"": 661, ""sample_2_x"": 774, ""sample_0_x"": 836, ""first_x"": 836, ""first_y"": 427, ""sample_3_x"": 720, ""sample_1_y"": 409, ""last_y"": 238, ""sample_2_y"": 365, ""sample_4_y"": 238, ""sample_1_x"": 812, ""sample_0_y"": 427, ""sample_3_time"": 1116, ""sample_0_time"": 16, ""first_time"": 16, ""sample_3_y"": 301, ""sample_1_time"": 382, ""last_x"": 661}",Q2 (90-180<U+00B0>),Q2 (90-180<U+00B0>),TRUE,TRUE,Correct,135,0.5122092000000009,0.5122092000000009,0.5122092000000009,0.5122092000000009,TRUE
165757,20,righth,2,yes,10,"""10+""",53,225,227.2672312,2306,760,"{""last_y"": 639, ""sample_3_y"": 608, ""last_time"": 760, ""sample_1_y"": 501, ""first_x"": 834, ""sample_2_time"": 393, ""sample_2_y"": 561, ""last_x"": 667, ""sample_4_x"": 667, ""sample_3_x"": 699, ""sample_1_x"": 769, ""sample_3_time"": 576, ""sample_0_x"": 834, ""sample_0_time"": 10, ""first_y"": 442, ""sample_2_x"": 726, ""sample_4_y"": 639, ""sample_4_time"": 760, ""sample_1_time"": 193, ""count"": 46, ""sample_0_y"": 442, ""first_time"": 10}",Q3 (180-270<U+00B0>),Q3 (180-270<U+00B0>),TRUE,TRUE,Correct,225,2.2672311999999977,2.2672311999999977,2.2672311999999977,2.2672311999999977,TRUE
165757,20,righth,2,yes,10,"""10+""",54,225,227.8226642,1816,449,"{""last_x"": 667, ""sample_4_y"": 643, ""sample_2_x"": 695, ""last_time"": 449, ""first_x"": 844, ""sample_0_x"": 844, ""sample_1_x"": 752, ""sample_3_y"": 636, ""first_time"": 16, ""first_y"": 452, ""sample_2_y"": 606, ""sample_3_x"": 673, ""sample_0_time"": 16, ""sample_3_time"": 349, ""sample_4_x"": 667, ""last_y"": 643, ""sample_0_y"": 452, ""sample_2_time"": 232, ""count"": 27, ""sample_1_time"": 115, ""sample_1_y"": 541, ""sample_4_time"": 449}",Q3 (180-270<U+00B0>),Q3 (180-270<U+00B0>),TRUE,TRUE,Correct,225,2.8226641999999913,2.8226641999999913,2.8226641999999913,2.8226641999999913,TRUE
165757,20,righth,2,yes,10,"""10+""",55,45,38.80441311,2332,450,"{""sample_4_y"": 261, ""sample_1_y"": 415, ""first_y"": 425, ""sample_0_x"": 868, ""sample_0_time"": 16, ""sample_4_time"": 450, ""sample_2_y"": 409, ""sample_2_x"": 878, ""first_time"": 16, ""sample_0_y"": 425, ""sample_3_y"": 335, ""sample_4_x"": 1072, ""count"": 22, ""first_x"": 868, ""last_x"": 1072, ""sample_3_x"": 966, ""sample_1_time"": 100, ""last_time"": 450, ""sample_3_time"": 366, ""sample_1_x"": 875, ""sample_2_time"": 283, ""last_y"": 261}",Q1 (0-90<U+00B0>),Q1 (0-90<U+00B0>),TRUE,TRUE,Correct,45,6.195586890000001,6.195586890000001,6.195586890000001,6.195586890000001,TRUE
165757,20,righth,2,yes,10,"""10+""",56,45,47.68490733,2215,433,"{""count"": 26, ""sample_2_x"": 985, ""sample_0_time"": 16, ""sample_4_y"": 229, ""sample_3_y"": 250, ""sample_2_y"": 283, ""last_x"": 1043, ""first_time"": 16, ""sample_1_y"": 364, ""sample_1_time"": 116, ""sample_0_y"": 419, ""sample_0_x"": 876, ""sample_2_time"": 233, ""last_y"": 229, ""sample_3_time"": 333, ""sample_4_x"": 1043, ""last_time"": 433, ""sample_3_x"": 1006, ""sample_4_time"": 433, ""first_y"": 419, ""sample_1_x"": 942, ""first_x"": 876}",Q1 (0-90<U+00B0>),Q1 (0-90<U+00B0>),TRUE,TRUE,Correct,45,2.6849073300000015,2.6849073300000015,2.6849073300000015,2.6849073300000015,TRUE
165757,20,righth,2,yes,10,"""10+""",57,225,223.9053094,2149,1050,"{""sample_1_y"": 506, ""first_time"": 16, ""last_y"": 628, ""sample_2_y"": 557, ""last_time"": 1050, ""count"": 63, ""sample_2_time"": 533, ""first_x"": 839, ""sample_3_y"": 596, ""sample_4_time"": 1050, ""last_x"": 655, ""sample_1_time"": 267, ""first_y"": 448, ""sample_0_time"": 16, ""sample_3_x"": 683, ""sample_4_y"": 628, ""sample_2_x"": 727, ""sample_4_x"": 655, ""sample_1_x"": 779, ""sample_0_x"": 839, ""sample_0_y"": 448, ""sample_3_time"": 800}",Q3 (180-270<U+00B0>),Q3 (180-270<U+00B0>),TRUE,TRUE,Correct,225,1.094690600000007,1.094690600000007,1.094690600000007,1.094690600000007,TRUE
165757,20,righth,2,yes,10,"""10+""",58,135,140.2464096,2132,667,"{""last_x"": 638, ""sample_2_x"": 761, ""last_time"": 667, ""sample_0_x"": 828, ""sample_1_time"": 183, ""sample_4_y"": 255, ""sample_2_time"": 350, ""sample_4_x"": 638, ""first_y"": 422, ""sample_3_y"": 324, ""count"": 40, ""first_time"": 17, ""first_x"": 828, ""sample_2_y"": 381, ""sample_3_x"": 705, ""sample_0_time"": 17, ""sample_3_time"": 517, ""sample_4_time"": 667, ""sample_0_y"": 422, ""last_y"": 255, ""sample_1_x"": 799, ""sample_1_y"": 396}",Q2 (90-180<U+00B0>),Q2 (90-180<U+00B0>),TRUE,TRUE,Correct,135,5.246409599999993,5.246409599999993,5.246409599999993,5.246409599999993,TRUE
165757,20,righth,2,yes,10,"""10+""",59,225,225.9536189,1688,650,"{""sample_4_y"": 634, ""sample_3_y"": 604, ""sample_3_time"": 500, ""sample_4_time"": 650, ""sample_0_x"": 849, ""sample_0_time"": 17, ""first_y"": 452, ""first_time"": 17, ""sample_0_y"": 452, ""last_y"": 634, ""sample_3_x"": 683, ""sample_1_time"": 167, ""sample_2_x"": 746, ""sample_1_x"": 812, ""sample_4_x"": 663, ""sample_1_y"": 494, ""count"": 39, ""first_x"": 849, ""last_time"": 650, ""sample_2_y"": 545, ""sample_2_time"": 333, ""last_x"": 663}",Q3 (180-270<U+00B0>),Q3 (180-270<U+00B0>),TRUE,TRUE,Correct,225,0.9536189000000093,0.9536189000000093,0.9536189000000093,0.9536189000000093,TRUE
165757,20,righth,2,yes,10,"""10+""",60,45,45.21952299,1799,400,"{""sample_3_y"": 280, ""sample_4_y"": 239, ""sample_4_x"": 1050, ""last_time"": 400, ""sample_2_x"": 1009, ""sample_2_time"": 217, ""sample_3_x"": 1034, ""sample_1_time"": 117, ""sample_1_y"": 367, ""sample_1_x"": 947, ""last_y"": 239, ""sample_2_y"": 317, ""sample_4_time"": 400, ""sample_3_time"": 317, ""last_x"": 1050, ""first_time"": 17, ""first_y"": 420, ""count"": 24, ""sample_0_time"": 17, ""first_x"": 869, ""sample_0_y"": 420, ""sample_0_x"": 869}",Q1 (0-90<U+00B0>),Q1 (0-90<U+00B0>),TRUE,TRUE,Correct,45,0.21952299000000153,0.21952299000000153,0.21952299000000153,0.21952299000000153,TRUE
165757,20,righth,2,yes,10,"""10+""",61,135,50.36724628,2142,634,"{""sample_3_x"": 1027, ""count"": 38, ""sample_0_time"": 17, ""last_y"": 223, ""last_time"": 634, ""sample_1_y"": 352, ""sample_1_x"": 948, ""sample_3_y"": 226, ""sample_0_y"": 425, ""sample_3_time"": 484, ""sample_0_x"": 876, ""sample_1_time"": 167, ""sample_4_x"": 1031, ""sample_2_y"": 240, ""sample_2_x"": 1012, ""sample_2_time"": 334, ""first_y"": 425, ""first_time"": 17, ""sample_4_y"": 223, ""last_x"": 1031, ""sample_4_time"": 634, ""first_x"": 876}",Q2 (90-180<U+00B0>),Q1 (0-90<U+00B0>),FALSE,TRUE,Formant,45,5.367246280000003,5.367246280000003,84.63275372,84.63275372,FALSE
165757,20,righth,2,yes,10,"""10+""",62,315,226.6655268,2582,550,"{""sample_2_time"": 283, ""last_y"": 639, ""sample_2_y"": 545, ""sample_0_y"": 449, ""sample_1_y"": 516, ""sample_2_x"": 726, ""first_x"": 836, ""count"": 33, ""sample_1_time"": 150, ""sample_0_time"": 16, ""sample_3_x"": 685, ""last_x"": 663, ""first_y"": 449, ""last_time"": 550, ""sample_4_time"": 550, ""sample_4_y"": 639, ""first_time"": 16, ""sample_1_x"": 757, ""sample_4_x"": 663, ""sample_0_x"": 836, ""sample_3_y"": 603, ""sample_3_time"": 416}",Q4 (270-360<U+00B0>),Q3 (180-270<U+00B0>),FALSE,TRUE,Formant,225,1.6655268000000092,1.6655268000000092,88.33447319999999,88.33447319999999,FALSE
165757,20,righth,2,yes,10,"""10+""",63,315,313.1759102,2251,330,"{""last_y"": 638, ""sample_4_time"": 330, ""sample_4_x"": 1045, ""sample_1_x"": 910, ""sample_4_y"": 638, ""last_time"": 330, ""first_time"": 13, ""first_y"": 460, ""sample_2_time"": 180, ""sample_2_x"": 976, ""sample_1_y"": 518, ""sample_1_time"": 97, ""sample_0_y"": 460, ""sample_0_time"": 13, ""sample_3_x"": 1011, ""sample_0_x"": 858, ""count"": 20, ""sample_3_y"": 611, ""first_x"": 858, ""sample_3_time"": 263, ""last_x"": 1045, ""sample_2_y"": 580}",Q4 (270-360<U+00B0>),Q4 (270-360<U+00B0>),TRUE,TRUE,Correct,315,1.8240898000000243,1.8240898000000243,1.8240898000000243,1.8240898000000243,TRUE
165757,20,righth,2,yes,10,"""10+""",64,315,315.5109042,2382,183,"{""sample_0_y"": 468, ""sample_4_y"": 630, ""sample_4_time"": 183, ""sample_3_time"": 150, ""sample_1_time"": 50, ""sample_0_time"": 16, ""sample_1_x"": 916, ""sample_4_x"": 1053, ""last_time"": 183, ""count"": 11, ""last_x"": 1053, ""sample_3_y"": 594, ""sample_1_y"": 506, ""sample_2_time"": 100, ""first_y"": 468, ""first_x"": 883, ""sample_3_x"": 1009, ""last_y"": 630, ""first_time"": 16, ""sample_2_y"": 553, ""sample_2_x"": 962, ""sample_0_x"": 883}",Q4 (270-360<U+00B0>),Q4 (270-360<U+00B0>),TRUE,TRUE,Correct,315,0.5109042000000272,0.5109042000000272,0.5109042000000272,0.5109042000000272,TRUE
165757,20,righth,2,yes,10,"""10+""",65,135,144.1160923,2236,363,"{""last_y"": 272, ""sample_2_time"": 196, ""last_x"": 629, ""sample_0_x"": 836, ""sample_1_time"": 96, ""sample_1_y"": 404, ""sample_3_x"": 660, ""sample_3_time"": 280, ""sample_2_y"": 350, ""first_y"": 445, ""sample_2_x"": 695, ""sample_4_y"": 272, ""sample_1_x"": 769, ""sample_4_x"": 629, ""sample_4_time"": 363, ""last_time"": 363, ""sample_0_time"": 13, ""first_x"": 836, ""sample_3_y"": 318, ""count"": 22, ""sample_0_y"": 445, ""first_time"": 13}",Q2 (90-180<U+00B0>),Q2 (90-180<U+00B0>),TRUE,TRUE,Correct,135,9.116092299999991,9.116092299999991,9.116092299999991,9.116092299999991,TRUE
165757,20,righth,2,yes,10,"""10+""",66,225,224.6341315,3265,367,"{""count"": 22, ""sample_0_y"": 456, ""first_y"": 456, ""sample_1_y"": 500, ""first_x"": 836, ""sample_3_time"": 283, ""sample_4_x"": 658, ""sample_2_y"": 561, ""last_y"": 630, ""sample_1_x"": 786, ""last_x"": 658, ""sample_4_time"": 367, ""sample_0_time"": 17, ""sample_3_x"": 673, ""sample_4_y"": 630, ""sample_0_x"": 836, ""first_time"": 17, ""sample_1_time"": 100, ""sample_2_time"": 200, ""sample_2_x"": 714, ""last_time"": 367, ""sample_3_y"": 598}",Q3 (180-270<U+00B0>),Q3 (180-270<U+00B0>),TRUE,TRUE,Correct,225,0.3658685000000048,0.3658685000000048,0.3658685000000048,0.3658685000000048,TRUE
165757,20,righth,2,yes,10,"""10+""",67,135,140.9751543,1916,482,"{""sample_1_x"": 796, ""sample_2_y"": 368, ""sample_1_time"": 134, ""sample_4_y"": 258, ""last_x"": 636, ""sample_0_y"": 433, ""sample_4_time"": 482, ""last_y"": 258, ""sample_3_x"": 689, ""first_time"": 16, ""first_x"": 836, ""sample_0_x"": 836, ""sample_3_y"": 324, ""sample_2_x"": 750, ""first_y"": 433, ""count"": 29, ""sample_0_time"": 16, ""sample_4_x"": 636, ""sample_2_time"": 250, ""sample_3_time"": 366, ""last_time"": 482, ""sample_1_y"": 401}",Q2 (90-180<U+00B0>),Q2 (90-180<U+00B0>),TRUE,TRUE,Correct,135,5.975154300000014,5.975154300000014,5.975154300000014,5.975154300000014,TRUE
165757,20,righth,2,yes,10,"""10+""",68,225,226.2406064,1682,483,"{""sample_2_x"": 736, ""last_time"": 483, ""sample_2_time"": 250, ""sample_4_time"": 483, ""sample_1_x"": 798, ""sample_4_x"": 663, ""first_y"": 455, ""last_y"": 636, ""last_x"": 663, ""sample_3_x"": 693, ""first_time"": 16, ""sample_3_y"": 614, ""sample_4_y"": 636, ""sample_3_time"": 368, ""count"": 29, ""sample_0_y"": 455, ""first_x"": 849, ""sample_0_time"": 16, ""sample_2_y"": 575, ""sample_1_time"": 133, ""sample_0_x"": 849, ""sample_1_y"": 508}",Q3 (180-270<U+00B0>),Q3 (180-270<U+00B0>),TRUE,TRUE,Correct,225,1.2406063999999901,1.2406063999999901,1.2406063999999901,1.2406063999999901,TRUE
165757,20,righth,2,yes,10,"""10+""",69,315,315.0724346,1749,367,"{""sample_0_x"": 877, ""sample_2_time"": 200, ""first_x"": 877, ""sample_3_y"": 610, ""sample_4_x"": 1053, ""sample_2_y"": 573, ""sample_4_time"": 367, ""first_time"": 17, ""last_x"": 1053, ""sample_3_x"": 1025, ""sample_1_time"": 100, ""last_time"": 367, ""sample_4_y"": 633, ""sample_0_time"": 17, ""sample_0_y"": 455, ""count"": 22, ""last_y"": 633, ""sample_2_x"": 989, ""sample_1_y"": 514, ""first_y"": 455, ""sample_3_time"": 283, ""sample_1_x"": 938}",Q4 (270-360<U+00B0>),Q4 (270-360<U+00B0>),TRUE,TRUE,Correct,315,0.07243460000000823,0.07243460000000823,0.07243460000000823,0.07243460000000823,TRUE
165757,20,righth,2,yes,10,"""10+""",70,225,224.9271973,1598,266,"{""first_time"": 16, ""sample_3_y"": 619, ""first_x"": 828, ""last_time"": 266, ""sample_3_time"": 216, ""sample_1_y"": 517, ""sample_4_x"": 658, ""count"": 15, ""first_y"": 444, ""sample_0_y"": 444, ""sample_2_x"": 707, ""sample_1_time"": 83, ""sample_2_y"": 572, ""sample_4_y"": 632, ""last_y"": 632, ""last_x"": 658, ""sample_1_x"": 759, ""sample_2_time"": 149, ""sample_4_time"": 266, ""sample_3_x"": 668, ""sample_0_time"": 16, ""sample_0_x"": 828}",Q3 (180-270<U+00B0>),Q3 (180-270<U+00B0>),TRUE,TRUE,Correct,225,0.0728027000000111,0.0728027000000111,0.0728027000000111,0.0728027000000111,TRUE
165757,20,righth,2,yes,10,"""10+""",71,225,223.0300937,1129,350,"{""first_time"": 17, ""last_x"": 652, ""sample_0_x"": 830, ""count"": 19, ""sample_2_x"": 669, ""sample_4_time"": 350, ""last_y"": 625, ""sample_3_x"": 654, ""sample_1_time"": 100, ""sample_0_time"": 17, ""sample_4_y"": 625, ""sample_3_y"": 619, ""sample_2_time"": 183, ""sample_0_y"": 453, ""sample_3_time"": 267, ""sample_2_y"": 607, ""last_time"": 350, ""sample_1_y"": 544, ""first_x"": 830, ""first_y"": 453, ""sample_4_x"": 652, ""sample_1_x"": 733}",Q3 (180-270<U+00B0>),Q3 (180-270<U+00B0>),TRUE,TRUE,Correct,225,1.969906299999991,1.969906299999991,1.969906299999991,1.969906299999991,TRUE
165757,20,righth,2,yes,10,"""10+""",72,315,312.7781242,1083,799,"{""sample_1_y"": 487, ""sample_2_x"": 788, ""count"": 39, ""last_x"": 1047, ""first_x"": 845, ""sample_0_y"": 452, ""first_y"": 452, ""last_time"": 799, ""sample_0_time"": 15, ""sample_1_x"": 803, ""sample_4_time"": 799, ""sample_0_x"": 845, ""sample_2_time"": 465, ""sample_2_y"": 503, ""sample_4_y"": 643, ""sample_3_time"": 632, ""sample_3_y"": 545, ""sample_3_x"": 903, ""last_y"": 643, ""first_time"": 15, ""sample_1_time"": 166, ""sample_4_x"": 1047}",Q4 (270-360<U+00B0>),Q4 (270-360<U+00B0>),TRUE,TRUE,Correct,315,2.2218758000000207,2.2218758000000207,2.2218758000000207,2.2218758000000207,TRUE
165757,20,righth,2,yes,10,"""10+""",73,135,138.8723516,2198,350,"{""first_y"": 402, ""last_time"": 350, ""sample_1_y"": 318, ""sample_0_x"": 807, ""sample_4_x"": 646, ""sample_1_x"": 700, ""sample_4_time"": 350, ""last_y"": 253, ""first_time"": 17, ""sample_3_x"": 648, ""count"": 21, ""sample_4_y"": 253, ""sample_2_y"": 272, ""sample_2_time"": 183, ""sample_2_x"": 655, ""sample_3_time"": 266, ""sample_1_time"": 100, ""sample_0_y"": 402, ""sample_3_y"": 259, ""first_x"": 807, ""last_x"": 646, ""sample_0_time"": 17}",Q2 (90-180<U+00B0>),Q2 (90-180<U+00B0>),TRUE,TRUE,Correct,135,3.872351600000002,3.872351600000002,3.872351600000002,3.872351600000002,TRUE
165757,20,righth,2,yes,10,"""10+""",74,45,53.85141399,2399,325,"{""sample_0_time"": 16, ""sample_4_y"": 211, ""sample_4_x"": 1019, ""sample_1_y"": 369, ""count"": 19, ""sample_2_y"": 283, ""sample_4_time"": 325, ""sample_0_x"": 880, ""sample_0_y"": 412, ""sample_1_x"": 935, ""sample_3_y"": 234, ""first_y"": 412, ""first_x"": 880, ""sample_2_time"": 166, ""last_y"": 211, ""sample_1_time"": 83, ""sample_3_x"": 1008, ""first_time"": 16, ""sample_3_time"": 250, ""sample_2_x"": 984, ""last_x"": 1019, ""last_time"": 325}",Q1 (0-90<U+00B0>),Q1 (0-90<U+00B0>),TRUE,TRUE,Correct,45,8.851413989999998,8.851413989999998,8.851413989999998,8.851413989999998,TRUE
165757,20,righth,2,yes,10,"""10+""",75,225,229.0502084,2549,100,"{""first_y"": 493, ""count"": 6, ""last_y"": 651, ""first_x"": 811, ""last_x"": 668, ""last_time"": 100, ""first_time"": 17}",Q3 (180-270<U+00B0>),Q3 (180-270<U+00B0>),TRUE,TRUE,Correct,225,4.0502084000000025,4.0502084000000025,4.0502084000000025,4.0502084000000025,TRUE
165757,20,righth,2,yes,10,"""10+""",76,225,223.7688011,2065,1400,"{""last_x"": 653, ""sample_1_y"": 461, ""sample_0_x"": 837, ""first_x"": 837, ""last_y"": 629, ""sample_2_time"": 733, ""sample_4_y"": 629, ""sample_3_x"": 706, ""sample_4_x"": 653, ""count"": 82, ""last_time"": 1400, ""sample_3_time"": 1067, ""sample_0_time"": 17, ""sample_3_y"": 570, ""sample_1_x"": 819, ""sample_4_time"": 1400, ""sample_1_time"": 350, ""first_time"": 17, ""sample_2_x"": 772, ""sample_2_y"": 493, ""first_y"": 446, ""sample_0_y"": 446}",Q3 (180-270<U+00B0>),Q3 (180-270<U+00B0>),TRUE,TRUE,Correct,225,1.2311989000000096,1.2311989000000096,1.2311989000000096,1.2311989000000096,TRUE
165757,20,righth,2,yes,10,"""10+""",77,315,311.5649114,1564,784,"{""last_y"": 643, ""sample_3_y"": 610, ""first_y"": 461, ""last_time"": 784, ""sample_3_x"": 1003, ""last_x"": 1039, ""sample_1_time"": 200, ""sample_2_y"": 563, ""first_time"": 17, ""sample_2_x"": 951, ""first_x"": 874, ""sample_4_time"": 784, ""count"": 47, ""sample_4_y"": 643, ""sample_3_time"": 600, ""sample_0_x"": 874, ""sample_1_y"": 516, ""sample_1_x"": 910, ""sample_4_x"": 1039, ""sample_0_time"": 17, ""sample_2_time"": 400, ""sample_0_y"": 461}",Q4 (270-360<U+00B0>),Q4 (270-360<U+00B0>),TRUE,TRUE,Correct,315,3.435088599999972,3.435088599999972,3.435088599999972,3.435088599999972,TRUE
165757,20,righth,2,yes,10,"""10+""",78,225,223.3386714,1567,549,"{""sample_2_y"": 558, ""last_time"": 549, ""sample_2_time"": 299, ""sample_0_y"": 464, ""last_y"": 628, ""sample_0_x"": 818, ""last_x"": 651, ""sample_4_y"": 628, ""sample_3_y"": 592, ""sample_4_time"": 549, ""sample_1_time"": 165, ""sample_0_time"": 32, ""sample_2_x"": 725, ""first_y"": 464, ""sample_1_y"": 514, ""sample_3_x"": 692, ""first_x"": 818, ""sample_4_x"": 651, ""sample_3_time"": 432, ""sample_1_x"": 758, ""count"": 32, ""first_time"": 32}",Q3 (180-270<U+00B0>),Q3 (180-270<U+00B0>),TRUE,TRUE,Correct,225,1.6613285999999903,1.6613285999999903,1.6613285999999903,1.6613285999999903,TRUE
165757,20,righth,2,yes,10,"""10+""",79,135,138.1513874,1748,334,"{""sample_3_y"": 259, ""sample_0_x"": 819, ""sample_4_y"": 251, ""sample_4_x"": 649, ""sample_1_x"": 733, ""sample_1_time"": 100, ""sample_2_x"": 681, ""first_y"": 421, ""sample_0_y"": 421, ""sample_1_y"": 346, ""sample_2_y"": 289, ""last_time"": 334, ""sample_0_time"": 17, ""sample_3_time"": 267, ""first_x"": 819, ""last_y"": 251, ""count"": 19, ""first_time"": 17, ""sample_4_time"": 334, ""sample_2_time"": 184, ""last_x"": 649, ""sample_3_x"": 657}",Q2 (90-180<U+00B0>),Q2 (90-180<U+00B0>),TRUE,TRUE,Correct,135,3.1513874000000044,3.1513874000000044,3.1513874000000044,3.1513874000000044,TRUE
165757,20,righth,2,yes,10,"""10+""",80,135,140.0105788,1147,417,"{""sample_1_x"": 690, ""last_x"": 641, ""sample_4_time"": 417, ""first_x"": 828, ""first_time"": 17, ""sample_1_time"": 117, ""sample_0_y"": 433, ""last_y"": 256, ""sample_2_y"": 286, ""first_y"": 433, ""sample_4_x"": 641, ""sample_0_x"": 828, ""sample_4_y"": 256, ""sample_3_y"": 270, ""sample_3_x"": 646, ""last_time"": 417, ""sample_1_y"": 328, ""sample_2_time"": 217, ""sample_2_x"": 652, ""count"": 25, ""sample_0_time"": 17, ""sample_3_time"": 317}",Q2 (90-180<U+00B0>),Q2 (90-180<U+00B0>),TRUE,TRUE,Correct,135,5.0105787999999905,5.0105787999999905,5.0105787999999905,5.0105787999999905,TRUE
165757,20,righth,2,yes,10,"""10+""",81,315,230.103442,1848,2617,"{""sample_2_y"": 444, ""sample_0_time"": 17, ""first_y"": 441, ""first_x"": 835, ""sample_3_time"": 2201, ""sample_0_y"": 441, ""sample_1_time"": 500, ""count"": 104, ""sample_4_time"": 2617, ""sample_4_x"": 674, ""sample_3_y"": 471, ""sample_3_x"": 832, ""sample_2_time"": 1457, ""last_y"": 652, ""sample_4_y"": 652, ""first_time"": 17, ""sample_0_x"": 835, ""sample_1_y"": 613, ""last_time"": 2617, ""sample_2_x"": 839, ""sample_1_x"": 664, ""last_x"": 674}",Q4 (270-360<U+00B0>),Q3 (180-270<U+00B0>),FALSE,TRUE,Formant,225,5.103442000000001,5.103442000000001,84.896558,84.896558,FALSE
165757,20,righth,2,yes,10,"""10+""",82,225,228.4176709,3116,484,"{""sample_2_y"": 527, ""sample_3_y"": 611, ""sample_1_x"": 845, ""sample_3_time"": 367, ""count"": 29, ""sample_3_x"": 702, ""sample_2_time"": 250, ""last_x"": 670, ""sample_4_x"": 670, ""sample_1_y"": 465, ""last_time"": 484, ""sample_4_y"": 644, ""first_y"": 453, ""first_x"": 855, ""sample_0_time"": 17, ""first_time"": 17, ""sample_2_x"": 785, ""sample_0_y"": 453, ""sample_0_x"": 855, ""sample_1_time"": 134, ""sample_4_time"": 484, ""last_y"": 644}",Q3 (180-270<U+00B0>),Q3 (180-270<U+00B0>),TRUE,TRUE,Correct,225,3.4176708999999903,3.4176708999999903,3.4176708999999903,3.4176708999999903,TRUE
165757,20,righth,2,yes,10,"""10+""",83,135,137.2053316,2298,317,"{""sample_0_time"": 17, ""sample_0_x"": 831, ""sample_1_time"": 83, ""sample_0_y"": 442, ""sample_4_y"": 242, ""sample_2_y"": 330, ""sample_3_time"": 250, ""sample_1_y"": 417, ""last_time"": 317, ""sample_2_x"": 724, ""first_y"": 442, ""count"": 19, ""last_x"": 646, ""sample_4_x"": 646, ""last_y"": 242, ""sample_3_x"": 684, ""sample_2_time"": 167, ""sample_1_x"": 784, ""sample_4_time"": 317, ""first_x"": 831, ""sample_3_y"": 281, ""first_time"": 17}",Q2 (90-180<U+00B0>),Q2 (90-180<U+00B0>),TRUE,TRUE,Correct,135,2.205331599999994,2.205331599999994,2.205331599999994,2.205331599999994,TRUE
165757,20,righth,2,yes,10,"""10+""",84,45,41.85504254,2464,284,"{""sample_3_x"": 1038, ""sample_2_y"": 359, ""sample_3_y"": 291, ""sample_2_time"": 150, ""first_y"": 431, ""sample_1_time"": 84, ""sample_2_x"": 987, ""sample_4_x"": 1071, ""first_time"": 17, ""sample_4_time"": 284, ""first_x"": 875, ""sample_0_x"": 875, ""sample_3_time"": 216, ""last_x"": 1071, ""last_time"": 284, ""sample_4_y"": 242, ""sample_0_y"": 431, ""sample_0_time"": 17, ""sample_1_y"": 408, ""last_y"": 242, ""count"": 17, ""sample_1_x"": 916}",Q1 (0-90<U+00B0>),Q1 (0-90<U+00B0>),TRUE,TRUE,Correct,45,3.1449574600000005,3.1449574600000005,3.1449574600000005,3.1449574600000005,TRUE
165757,20,righth,2,yes,10,"""10+""",85,315,316.2437743,1932,217,"{""first_time"": 16, ""sample_0_y"": 479, ""sample_3_x"": 1038, ""sample_3_y"": 609, ""sample_3_time"": 166, ""last_y"": 627, ""sample_2_time"": 116, ""sample_1_y"": 522, ""count"": 13, ""sample_2_x"": 1001, ""last_time"": 216, ""sample_4_y"": 627, ""sample_4_x"": 1055, ""sample_0_x"": 897, ""sample_0_time"": 16, ""first_y"": 479, ""sample_1_time"": 66, ""last_x"": 1055, ""sample_2_y"": 571, ""sample_1_x"": 949, ""sample_4_time"": 216, ""first_x"": 897}",Q4 (270-360<U+00B0>),Q4 (270-360<U+00B0>),TRUE,TRUE,Correct,315,1.2437742999999841,1.2437742999999841,1.2437742999999841,1.2437742999999841,TRUE
165757,20,righth,2,yes,10,"""10+""",86,315,315.3567562,1883,99,"{""first_y"": 471, ""count"": 6, ""last_x"": 1057, ""first_time"": 16, ""first_x"": 874, ""last_time"": 99, ""last_y"": 635}",Q4 (270-360<U+00B0>),Q4 (270-360<U+00B0>),TRUE,TRUE,Correct,315,0.35675620000000663,0.35675620000000663,0.35675620000000663,0.35675620000000663,TRUE
165757,20,righth,2,yes,10,"""10+""",87,135,137.6513522,1832,883,"{""sample_3_x"": 708, ""last_time"": 883, ""count"": 42, ""sample_3_time"": 717, ""sample_1_x"": 903, ""sample_2_time"": 550, ""first_time"": 17, ""sample_0_time"": 17, ""sample_1_time"": 367, ""sample_3_y"": 302, ""sample_4_x"": 646, ""sample_2_y"": 328, ""sample_2_x"": 726, ""sample_0_x"": 871, ""last_y"": 245, ""sample_4_y"": 245, ""first_y"": 419, ""sample_1_y"": 389, ""last_x"": 646, ""sample_4_time"": 883, ""sample_0_y"": 419, ""first_x"": 871}",Q2 (90-180<U+00B0>),Q2 (90-180<U+00B0>),TRUE,TRUE,Correct,135,2.651352199999991,2.651352199999991,2.651352199999991,2.651352199999991,TRUE
165757,20,righth,2,yes,10,"""10+""",88,45,132.1630128,1548,234,"{""sample_2_y"": 323, ""count"": 13, ""first_time"": 17, ""first_x"": 841, ""sample_2_x"": 738, ""last_y"": 229, ""sample_3_time"": 184, ""first_y"": 418, ""sample_3_x"": 697, ""sample_1_time"": 67, ""sample_0_time"": 17, ""last_x"": 668, ""sample_2_time"": 134, ""sample_0_x"": 841, ""sample_3_y"": 268, ""last_time"": 234, ""sample_1_y"": 386, ""sample_0_y"": 418, ""sample_1_x"": 805, ""sample_4_x"": 668, ""sample_4_y"": 229, ""sample_4_time"": 234}",Q1 (0-90<U+00B0>),Q2 (90-180<U+00B0>),FALSE,TRUE,Formant,135,2.83698720000001,2.83698720000001,87.16301279999999,87.16301279999999,FALSE
165757,20,righth,2,yes,10,"""10+""",89,45,48.29764727,2315,1801,"{""sample_3_x"": 1011, ""sample_2_x"": 956, ""sample_2_y"": 343, ""last_time"": 1800, ""sample_3_time"": 1500, ""sample_1_time"": 317, ""sample_2_time"": 1183, ""sample_0_x"": 890, ""last_x"": 1039, ""sample_4_y"": 229, ""last_y"": 229, ""sample_1_x"": 966, ""sample_3_y"": 278, ""count"": 75, ""sample_0_time"": 17, ""sample_1_y"": 334, ""sample_0_y"": 419, ""sample_4_time"": 1800, ""sample_4_x"": 1039, ""first_x"": 890, ""first_time"": 17, ""first_y"": 419}",Q1 (0-90<U+00B0>),Q1 (0-90<U+00B0>),TRUE,TRUE,Correct,45,3.297647269999999,3.297647269999999,3.297647269999999,3.297647269999999,TRUE
165757,20,righth,2,yes,10,"""10+""",90,225,224.5488615,2549,156,"{""count"": 9, ""last_time"": 155, ""first_y"": 476, ""last_x"": 631, ""first_x"": 816, ""last_y"": 656, ""first_time"": 16}",Q3 (180-270<U+00B0>),Q3 (180-270<U+00B0>),TRUE,TRUE,Correct,225,0.4511385000000132,0.4511385000000132,0.4511385000000132,0.4511385000000132,TRUE
165757,20,righth,2,yes,10,"""10+""",91,135,123.0280369,2216,134,"{""count"": 8, ""last_y"": 194, ""last_x"": 698, ""first_time"": 23, ""last_time"": 133, ""first_x"": 818, ""first_y"": 383}",Q2 (90-180<U+00B0>),Q2 (90-180<U+00B0>),TRUE,TRUE,Correct,135,11.971963099999996,11.971963099999996,11.971963099999996,11.971963099999996,TRUE
165757,20,righth,2,yes,10,"""10+""",92,45,46.09748605,2932,1834,"{""sample_3_y"": 306, ""sample_3_time"": 1417, ""sample_0_y"": 431, ""sample_1_y"": 364, ""sample_4_time"": 1833, ""last_x"": 1047, ""sample_1_x"": 945, ""sample_1_time"": 433, ""sample_4_y"": 236, ""sample_0_x"": 876, ""sample_4_x"": 1047, ""sample_2_y"": 347, ""count"": 101, ""first_time"": 17, ""first_x"": 876, ""first_y"": 431, ""sample_2_time"": 967, ""sample_0_time"": 17, ""sample_3_x"": 1001, ""last_time"": 1833, ""last_y"": 236, ""sample_2_x"": 965}",Q1 (0-90<U+00B0>),Q1 (0-90<U+00B0>),TRUE,TRUE,Correct,45,1.0974860500000005,1.0974860500000005,1.0974860500000005,1.0974860500000005,TRUE
165757,20,righth,2,yes,10,"""10+""",93,45,47.41950922,1981,367,"{""last_y"": 232, ""sample_1_y"": 345, ""sample_2_y"": 284, ""sample_4_y"": 232, ""first_y"": 403, ""sample_2_time"": 200, ""sample_3_x"": 1028, ""sample_0_time"": 17, ""sample_4_time"": 367, ""sample_1_time"": 100, ""sample_2_x"": 1008, ""sample_3_time"": 283, ""first_x"": 893, ""sample_0_x"": 893, ""last_time"": 367, ""first_time"": 17, ""last_x"": 1042, ""sample_3_y"": 256, ""sample_0_y"": 403, ""count"": 22, ""sample_1_x"": 966, ""sample_4_x"": 1042}",Q1 (0-90<U+00B0>),Q1 (0-90<U+00B0>),TRUE,TRUE,Correct,45,2.419509220000002,2.419509220000002,2.419509220000002,2.419509220000002,TRUE
165757,20,righth,2,yes,10,"""10+""",94,135,138.2235158,1631,367,"{""sample_0_x"": 836, ""first_y"": 434, ""sample_3_x"": 686, ""count"": 21, ""sample_1_time"": 100, ""sample_0_time"": 17, ""first_time"": 17, ""sample_1_y"": 391, ""sample_1_x"": 777, ""sample_2_y"": 344, ""sample_2_time"": 200, ""sample_4_x"": 644, ""sample_4_time"": 367, ""last_x"": 644, ""sample_0_y"": 434, ""first_x"": 836, ""sample_3_time"": 283, ""sample_3_y"": 308, ""last_time"": 367, ""sample_2_x"": 724, ""sample_4_y"": 247, ""last_y"": 247}",Q2 (90-180<U+00B0>),Q2 (90-180<U+00B0>),TRUE,TRUE,Correct,135,3.2235158000000013,3.2235158000000013,3.2235158000000013,3.2235158000000013,TRUE
165757,20,righth,2,yes,10,"""10+""",95,135,139.8294095,2382,183,"{""sample_1_y"": 391, ""count"": 11, ""first_time"": 16, ""last_time"": 183, ""sample_0_time"": 16, ""sample_2_time"": 100, ""sample_3_y"": 281, ""sample_3_x"": 664, ""first_y"": 416, ""sample_0_x"": 828, ""sample_3_time"": 150, ""last_y"": 254, ""sample_4_time"": 183, ""first_x"": 828, ""sample_2_y"": 341, ""sample_1_x"": 796, ""last_x"": 640, ""sample_2_x"": 734, ""sample_4_y"": 254, ""sample_0_y"": 416, ""sample_4_x"": 640, ""sample_1_time"": 50}",Q2 (90-180<U+00B0>),Q2 (90-180<U+00B0>),TRUE,TRUE,Correct,135,4.829409499999997,4.829409499999997,4.829409499999997,4.829409499999997,TRUE
165757,20,righth,2,yes,10,"""10+""",96,135,139.6741637,1566,317,"{""sample_2_x"": 698, ""sample_3_time"": 250, ""sample_2_y"": 321, ""sample_4_x"": 640, ""sample_0_y"": 420, ""sample_3_y"": 278, ""sample_2_time"": 166, ""sample_1_x"": 772, ""sample_4_y"": 253, ""sample_0_time"": 16, ""first_x"": 838, ""sample_0_x"": 838, ""sample_1_y"": 380, ""last_y"": 253, ""last_time"": 316, ""first_time"": 16, ""sample_3_x"": 661, ""last_x"": 640, ""sample_4_time"": 316, ""count"": 19, ""sample_1_time"": 83, ""first_y"": 420}",Q2 (90-180<U+00B0>),Q2 (90-180<U+00B0>),TRUE,TRUE,Correct,135,4.674163700000008,4.674163700000008,4.674163700000008,4.674163700000008,TRUE
165757,20,righth,2,yes,10,"""10+""",97,315,310.446232,1899,550,"{""first_time"": 16, ""first_x"": 867, ""sample_4_time"": 550, ""count"": 33, ""sample_1_time"": 150, ""sample_2_time"": 283, ""sample_0_y"": 452, ""sample_0_x"": 867, ""sample_1_x"": 925, ""sample_3_time"": 416, ""last_y"": 649, ""sample_4_y"": 649, ""last_time"": 550, ""sample_1_y"": 515, ""sample_2_y"": 579, ""first_y"": 452, ""sample_3_x"": 1009, ""last_x"": 1037, ""sample_4_x"": 1037, ""sample_2_x"": 991, ""sample_3_y"": 608, ""sample_0_time"": 16}",Q4 (270-360<U+00B0>),Q4 (270-360<U+00B0>),TRUE,TRUE,Correct,315,4.553767999999991,4.553767999999991,4.553767999999991,4.553767999999991,TRUE
165757,20,righth,2,yes,10,"""10+""",98,225,223.7562257,1583,483,"{""last_time"": 483, ""sample_1_x"": 773, ""sample_2_y"": 562, ""sample_2_x"": 741, ""last_x"": 655, ""sample_0_time"": 16, ""sample_3_y"": 605, ""sample_1_y"": 526, ""sample_0_y"": 466, ""sample_4_y"": 627, ""sample_3_x"": 686, ""sample_4_time"": 483, ""first_y"": 466, ""sample_1_time"": 149, ""first_time"": 16, ""last_y"": 627, ""sample_3_time"": 383, ""sample_2_time"": 266, ""sample_0_x"": 836, ""count"": 28, ""sample_4_x"": 655, ""first_x"": 836}",Q3 (180-270<U+00B0>),Q3 (180-270<U+00B0>),TRUE,TRUE,Correct,225,1.2437743000000125,1.2437743000000125,1.2437743000000125,1.2437743000000125,TRUE
165757,20,righth,2,yes,10,"""10+""",99,315,311.8405381,2033,299,"{""first_x"": 863, ""sample_1_time"": 82, ""sample_3_x"": 1006, ""sample_2_time"": 165, ""last_y"": 641, ""first_y"": 464, ""sample_1_x"": 881, ""sample_0_y"": 464, ""sample_2_x"": 934, ""sample_3_y"": 612, ""sample_1_y"": 490, ""sample_4_time"": 299, ""sample_4_y"": 641, ""sample_0_time"": 15, ""last_time"": 299, ""count"": 18, ""first_time"": 15, ""last_x"": 1039, ""sample_4_x"": 1039, ""sample_2_y"": 542, ""sample_0_x"": 863, ""sample_3_time"": 232}",Q4 (270-360<U+00B0>),Q4 (270-360<U+00B0>),TRUE,TRUE,Correct,315,3.1594618999999966,3.1594618999999966,3.1594618999999966,3.1594618999999966,TRUE
165757,20,righth,2,yes,10,"""10+""",100,135,139.1216486,2618,413,"{""count"": 25, ""sample_0_x"": 828, ""sample_2_time"": 214, ""sample_4_time"": 413, ""sample_4_x"": 643, ""sample_3_x"": 680, ""first_time"": 13, ""sample_3_time"": 314, ""first_x"": 828, ""sample_1_x"": 766, ""sample_2_x"": 711, ""sample_3_y"": 294, ""last_time"": 413, ""first_y"": 427, ""sample_1_y"": 377, ""sample_2_y"": 326, ""sample_0_time"": 13, ""last_x"": 643, ""sample_0_y"": 427, ""sample_4_y"": 252, ""last_y"": 252, ""sample_1_time"": 114}",Q2 (90-180<U+00B0>),Q2 (90-180<U+00B0>),TRUE,TRUE,Correct,135,4.121648599999986,4.121648599999986,4.121648599999986,4.121648599999986,TRUE
165814,18,righth,3+,yes,1,"""1-5""",21,135,133.699785,2702,1401,"{""sample_3_y"": 254, ""first_time"": 34, ""sample_2_y"": 340, ""sample_1_x"": 691, ""first_y"": 401, ""first_x"": 721, ""last_y"": 224, ""last_x"": 552, ""sample_1_y"": 367, ""sample_0_y"": 401, ""sample_2_x"": 664, ""sample_0_time"": 34, ""sample_1_time"": 367, ""sample_4_y"": 224, ""sample_3_time"": 1067, ""sample_4_x"": 552, ""count"": 42, ""sample_0_x"": 721, ""sample_3_x"": 580, ""sample_2_time"": 734, ""last_time"": 1400, ""sample_4_time"": 1400}",Q2 (90-180<U+00B0>),Q2 (90-180<U+00B0>),TRUE,TRUE,Correct,135,1.3002150000000086,1.3002150000000086,1.3002150000000086,1.3002150000000086,TRUE
165814,18,righth,3+,yes,1,"""1-5""",22,315,47.85145629,2940,634,"{""first_time"": 34, ""sample_4_time"": 634, ""sample_2_y"": 326, ""sample_0_x"": 776, ""count"": 19, ""sample_1_time"": 167, ""sample_2_time"": 334, ""sample_0_time"": 34, ""sample_1_y"": 361, ""last_time"": 634, ""last_y"": 210, ""sample_4_y"": 210, ""sample_3_y"": 281, ""sample_1_x"": 807, ""first_y"": 390, ""sample_2_x"": 836, ""sample_3_time"": 500, ""first_x"": 776, ""sample_0_y"": 390, ""sample_3_x"": 867, ""sample_4_x"": 921, ""last_x"": 921}",Q4 (270-360<U+00B0>),Q1 (0-90<U+00B0>),TRUE,FALSE,Frequency,45,2.8514562900000016,2.8514562900000016,267.14854371,92.85145628999999,FALSE
165814,18,righth,3+,yes,1,"""1-5""",23,315,305.7199543,2618,2234,"{""first_y"": 438, ""last_y"": 638, ""last_time"": 2233, ""sample_4_y"": 638, ""first_time"": 34, ""count"": 61, ""sample_2_time"": 1234, ""sample_2_x"": 652, ""sample_2_y"": 506, ""sample_4_time"": 2233, ""sample_0_x"": 711, ""first_x"": 711, ""sample_3_time"": 1734, ""last_x"": 895, ""sample_1_x"": 578, ""sample_1_time"": 534, ""sample_4_x"": 895, ""sample_3_y"": 408, ""sample_1_y"": 543, ""sample_0_time"": 34, ""sample_3_x"": 769, ""sample_0_y"": 438}",Q4 (270-360<U+00B0>),Q4 (270-360<U+00B0>),TRUE,TRUE,Correct,315,9.280045700000016,9.280045700000016,9.280045700000016,9.280045700000016,TRUE
165814,18,righth,3+,yes,1,"""1-5""",24,135,319.8336465,2864,3350,"{""last_x"": 937, ""sample_4_x"": 937, ""sample_1_y"": 560, ""count"": 95, ""first_x"": 695, ""sample_1_time"": 900, ""sample_0_time"": 33, ""sample_0_y"": 432, ""sample_2_y"": 317, ""first_time"": 33, ""sample_3_time"": 2583, ""sample_1_x"": 564, ""sample_4_time"": 3350, ""sample_3_x"": 619, ""sample_2_time"": 1783, ""sample_3_y"": 264, ""last_y"": 586, ""sample_2_x"": 870, ""sample_0_x"": 695, ""sample_4_y"": 586, ""last_time"": 3350, ""first_y"": 432}",Q2 (90-180<U+00B0>),Q4 (270-360<U+00B0>),FALSE,FALSE,Both,315,4.833646499999986,4.833646499999986,184.8336465,175.1663535,FALSE
165814,18,righth,3+,yes,1,"""1-5""",25,135,304.7157907,2484,367,"{""sample_1_time"": 100, ""sample_0_x"": 730, ""first_time"": 33, ""sample_4_y"": 632, ""sample_1_x"": 736, ""sample_2_x"": 825, ""first_x"": 730, ""sample_4_time"": 367, ""count"": 11, ""sample_2_y"": 584, ""last_x"": 885, ""last_y"": 632, ""sample_3_y"": 627, ""sample_3_time"": 300, ""sample_1_y"": 534, ""sample_0_y"": 479, ""sample_2_time"": 199, ""sample_0_time"": 33, ""sample_3_x"": 878, ""first_y"": 479, ""sample_4_x"": 885, ""last_time"": 367}",Q2 (90-180<U+00B0>),Q4 (270-360<U+00B0>),FALSE,FALSE,Both,315,10.284209299999986,10.284209299999986,169.7157907,169.7157907,FALSE
165814,18,righth,3+,yes,1,"""1-5""",26,315,53.97262661,960,4350,"{""sample_3_y"": 503, ""sample_4_x"": 907, ""sample_2_time"": 2449, ""sample_0_x"": 745, ""sample_4_time"": 4350, ""sample_1_y"": 301, ""sample_3_time"": 3416, ""sample_1_x"": 752, ""first_y"": 388, ""sample_2_x"": 775, ""sample_0_y"": 388, ""sample_0_time"": 33, ""last_y"": 179, ""sample_4_y"": 179, ""last_time"": 4350, ""sample_2_y"": 378, ""first_x"": 745, ""count"": 115, ""sample_3_x"": 548, ""first_time"": 33, ""sample_1_time"": 1033, ""last_x"": 907}",Q4 (270-360<U+00B0>),Q1 (0-90<U+00B0>),TRUE,FALSE,Frequency,45,8.972626609999999,8.972626609999999,261.02737339,98.97262661000002,FALSE
165814,18,righth,3+,yes,1,"""1-5""",27,45,131.3997904,2724,800,"{""first_y"": 341, ""sample_2_y"": 256, ""sample_1_time"": 233, ""sample_3_x"": 587, ""first_time"": 33, ""sample_1_y"": 290, ""sample_3_y"": 233, ""sample_3_time"": 633, ""sample_2_x"": 622, ""sample_0_time"": 33, ""last_time"": 800, ""sample_1_x"": 654, ""sample_4_y"": 217, ""count"": 24, ""sample_4_time"": 800, ""sample_0_y"": 341, ""sample_2_time"": 433, ""last_y"": 217, ""sample_4_x"": 560, ""first_x"": 696, ""last_x"": 560, ""sample_0_x"": 696}",Q1 (0-90<U+00B0>),Q2 (90-180<U+00B0>),FALSE,TRUE,Formant,135,3.6002095999999995,3.6002095999999995,86.3997904,86.3997904,FALSE
165814,18,righth,3+,yes,1,"""1-5""",28,315,133.2823883,3012,4350,"{""first_time"": 33, ""sample_4_time"": 4350, ""sample_2_y"": 489, ""last_y"": 218, ""first_x"": 709, ""sample_0_x"": 709, ""sample_3_x"": 770, ""count"": 120, ""sample_3_y"": 540, ""last_time"": 4350, ""sample_0_time"": 33, ""sample_3_time"": 3233, ""sample_2_time"": 2033, ""sample_2_x"": 836, ""sample_0_y"": 450, ""sample_1_x"": 916, ""sample_1_y"": 524, ""sample_4_y"": 218, ""first_y"": 450, ""sample_4_x"": 549, ""sample_1_time"": 1033, ""last_x"": 549}",Q4 (270-360<U+00B0>),Q2 (90-180<U+00B0>),FALSE,FALSE,Both,135,1.717611699999992,1.717611699999992,181.7176117,178.2823883,FALSE
165814,18,righth,3+,yes,1,"""1-5""",29,315,227.9570213,5850,700,"{""sample_2_x"": 637, ""last_time"": 700, ""sample_2_time"": 367, ""first_time"": 33, ""sample_0_y"": 437, ""last_y"": 614, ""sample_2_y"": 519, ""sample_1_time"": 200, ""sample_3_x"": 585, ""first_x"": 716, ""sample_4_x"": 556, ""sample_4_time"": 700, ""sample_3_y"": 577, ""sample_4_y"": 614, ""sample_0_time"": 33, ""first_y"": 437, ""sample_1_x"": 688, ""sample_1_y"": 461, ""last_x"": 556, ""sample_0_x"": 716, ""sample_3_time"": 533, ""count"": 21}",Q4 (270-360<U+00B0>),Q3 (180-270<U+00B0>),FALSE,TRUE,Formant,225,2.957021300000008,2.957021300000008,87.04297869999999,87.04297869999999,FALSE
165814,18,righth,3+,yes,1,"""1-5""",30,45,139.8336465,70839,1634,"{""sample_4_y"": 245, ""first_x"": 714, ""sample_0_y"": 476, ""sample_2_time"": 700, ""sample_1_x"": 788, ""sample_4_time"": 1633, ""sample_0_x"": 714, ""sample_1_time"": 367, ""sample_1_y"": 420, ""count"": 40, ""sample_4_x"": 533, ""sample_3_time"": 1267, ""last_x"": 533, ""last_y"": 245, ""last_time"": 1633, ""sample_0_time"": 33, ""sample_3_x"": 584, ""sample_3_y"": 275, ""sample_2_y"": 389, ""sample_2_x"": 754, ""first_time"": 33, ""first_y"": 476}",Q1 (0-90<U+00B0>),Q2 (90-180<U+00B0>),FALSE,TRUE,Formant,135,4.833646499999986,4.833646499999986,94.83364649999999,94.83364649999999,FALSE
165814,18,righth,3+,yes,1,"""1-5""",31,45,228.8849604,326,1000,"{""last_x"": 560, ""sample_0_time"": 33, ""first_y"": 432, ""sample_2_y"": 421, ""sample_4_time"": 1000, ""sample_1_x"": 736, ""sample_3_x"": 717, ""sample_4_x"": 560, ""sample_3_time"": 866, ""first_time"": 33, ""last_time"": 1000, ""last_y"": 616, ""sample_0_x"": 737, ""sample_1_time"": 233, ""sample_4_y"": 616, ""count"": 20, ""sample_2_x"": 742, ""sample_1_y"": 434, ""sample_0_y"": 432, ""sample_2_time"": 466, ""first_x"": 737, ""sample_3_y"": 439}",Q1 (0-90<U+00B0>),Q3 (180-270<U+00B0>),FALSE,FALSE,Both,225,3.8849604000000113,3.8849604000000113,183.8849604,176.1150396,FALSE
165814,18,righth,3+,yes,1,"""1-5""",32,135,311.5433808,5222,801,"{""sample_2_time"": 433, ""sample_1_time"": 234, ""first_y"": 448, ""sample_2_y"": 528, ""last_y"": 613, ""last_x"": 910, ""sample_3_y"": 582, ""sample_4_x"": 910, ""sample_0_y"": 448, ""sample_1_y"": 482, ""count"": 24, ""sample_3_time"": 634, ""sample_2_x"": 826, ""sample_4_y"": 613, ""first_time"": 34, ""first_x"": 752, ""sample_3_x"": 888, ""sample_1_x"": 775, ""sample_4_time"": 800, ""sample_0_x"": 752, ""last_time"": 800, ""sample_0_time"": 34}",Q2 (90-180<U+00B0>),Q4 (270-360<U+00B0>),FALSE,FALSE,Both,315,3.4566191999999774,3.4566191999999774,176.54338080000002,176.54338080000002,FALSE
165814,18,righth,3+,yes,1,"""1-5""",33,135,128.3294817,6252,400,"{""first_x"": 726, ""sample_1_x"": 705, ""sample_0_y"": 350, ""first_time"": 33, ""sample_0_x"": 726, ""sample_4_time"": 399, ""last_y"": 203, ""last_time"": 399, ""sample_1_y"": 286, ""sample_0_time"": 33, ""sample_2_y"": 256, ""sample_2_x"": 670, ""sample_3_time"": 333, ""first_y"": 350, ""sample_3_x"": 591, ""sample_4_x"": 567, ""sample_2_time"": 234, ""sample_3_y"": 217, ""sample_1_time"": 133, ""count"": 12, ""last_x"": 567, ""sample_4_y"": 203}",Q2 (90-180<U+00B0>),Q2 (90-180<U+00B0>),TRUE,TRUE,Correct,135,6.670518299999998,6.670518299999998,6.670518299999998,6.670518299999998,TRUE
165814,18,righth,3+,yes,1,"""1-5""",34,45,46.57243043,3122,467,"{""sample_1_time"": 134, ""sample_2_time"": 267, ""sample_3_x"": 897, ""last_time"": 467, ""sample_1_x"": 782, ""sample_0_time"": 34, ""sample_2_y"": 263, ""sample_4_y"": 219, ""count"": 14, ""first_time"": 34, ""sample_4_x"": 921, ""sample_1_y"": 344, ""sample_3_y"": 247, ""first_x"": 769, ""sample_2_x"": 876, ""sample_0_x"": 769, ""sample_0_y"": 362, ""first_y"": 362, ""sample_3_time"": 367, ""last_x"": 921, ""sample_4_time"": 467, ""last_y"": 219}",Q1 (0-90<U+00B0>),Q1 (0-90<U+00B0>),TRUE,TRUE,Correct,45,1.5724304299999972,1.5724304299999972,1.5724304299999972,1.5724304299999972,TRUE
165814,18,righth,3+,yes,1,"""1-5""",35,135,316.9066122,369,1400,"{""sample_3_y"": 630, ""sample_2_y"": 609, ""sample_1_y"": 503, ""sample_4_time"": 1400, ""sample_1_time"": 366, ""sample_0_y"": 433, ""last_time"": 1400, ""sample_2_time"": 733, ""sample_4_x"": 929, ""first_x"": 685, ""last_x"": 929, ""sample_0_x"": 685, ""sample_3_time"": 1066, ""first_time"": 33, ""sample_2_x"": 568, ""last_y"": 597, ""count"": 42, ""sample_4_y"": 597, ""first_y"": 433, ""sample_0_time"": 33, ""sample_3_x"": 706, ""sample_1_x"": 609}",Q2 (90-180<U+00B0>),Q4 (270-360<U+00B0>),FALSE,FALSE,Both,315,1.9066121999999837,1.9066121999999837,181.90661219999998,178.09338780000002,FALSE
165814,18,righth,3+,yes,1,"""1-5""",36,45,229.06922,2740,534,"{""first_y"": 431, ""sample_2_x"": 626, ""count"": 16, ""sample_4_x"": 562, ""sample_3_time"": 433, ""last_x"": 562, ""last_time"": 534, ""first_x"": 710, ""sample_0_y"": 431, ""sample_4_y"": 615, ""sample_2_time"": 300, ""sample_1_y"": 483, ""sample_1_time"": 167, ""first_time"": 34, ""sample_1_x"": 662, ""sample_3_x"": 578, ""sample_2_y"": 545, ""sample_3_y"": 605, ""last_y"": 615, ""sample_4_time"": 534, ""sample_0_time"": 34, ""sample_0_x"": 710}",Q1 (0-90<U+00B0>),Q3 (180-270<U+00B0>),FALSE,FALSE,Both,225,4.069220000000001,4.069220000000001,184.06922,175.93078,FALSE
165814,18,righth,3+,yes,1,"""1-5""",37,135,319.807954,825,400,"{""sample_4_x"": 938, ""last_x"": 938, ""first_time"": 33, ""sample_0_y"": 458, ""sample_1_x"": 850, ""sample_3_x"": 925, ""sample_3_time"": 332, ""sample_4_time"": 399, ""sample_3_y"": 569, ""sample_1_y"": 517, ""sample_4_y"": 587, ""sample_0_x"": 773, ""sample_2_x"": 903, ""first_x"": 773, ""last_time"": 399, ""sample_1_time"": 133, ""last_y"": 587, ""sample_0_time"": 33, ""sample_2_time"": 233, ""sample_2_y"": 540, ""first_y"": 458, ""count"": 12}",Q2 (90-180<U+00B0>),Q4 (270-360<U+00B0>),FALSE,FALSE,Both,315,4.807953999999995,4.807953999999995,184.807954,175.192046,FALSE
165814,18,righth,3+,yes,1,"""1-5""",38,135,42.54696834,2127,3517,"{""sample_1_time"": 734, ""sample_3_y"": 379, ""sample_2_x"": 872, ""sample_3_time"": 2200, ""sample_0_y"": 371, ""sample_3_x"": 509, ""last_x"": 948, ""first_time"": 33, ""first_x"": 766, ""sample_4_time"": 3517, ""sample_0_x"": 766, ""sample_4_y"": 220, ""last_time"": 3517, ""count"": 87, ""sample_1_x"": 617, ""first_y"": 371, ""last_y"": 220, ""sample_2_time"": 1467, ""sample_0_time"": 33, ""sample_2_y"": 264, ""sample_1_y"": 377, ""sample_4_x"": 948}",Q2 (90-180<U+00B0>),Q1 (0-90<U+00B0>),FALSE,TRUE,Formant,45,2.4530316600000006,2.4530316600000006,92.45303166,92.45303166,FALSE
165814,18,righth,3+,yes,1,"""1-5""",39,225,210.6668899,3618,3900,"{""sample_2_y"": 223, ""sample_0_x"": 717, ""sample_1_x"": 681, ""first_y"": 425, ""sample_1_time"": 1000, ""last_y"": 559, ""count"": 117, ""sample_4_x"": 493, ""sample_0_y"": 425, ""last_time"": 3900, ""first_x"": 717, ""sample_1_y"": 631, ""sample_4_time"": 3900, ""sample_3_time"": 2933, ""sample_2_x"": 598, ""sample_4_y"": 559, ""sample_2_time"": 1967, ""sample_3_x"": 902, ""first_time"": 33, ""sample_3_y"": 601, ""last_x"": 493, ""sample_0_time"": 33}",Q3 (180-270<U+00B0>),Q3 (180-270<U+00B0>),TRUE,TRUE,Correct,225,14.333110099999999,14.333110099999999,14.333110099999999,14.333110099999999,TRUE
165814,18,righth,3+,yes,1,"""1-5""",40,45,136.9796381,2569,167,"{""last_time"": 167, ""count"": 5, ""last_y"": 213, ""last_x"": 518, ""first_y"": 358, ""first_time"": 33, ""first_x"": 704}",Q1 (0-90<U+00B0>),Q2 (90-180<U+00B0>),FALSE,TRUE,Formant,135,1.9796380999999883,1.9796380999999883,91.97963809999999,91.97963809999999,FALSE
165814,18,righth,3+,yes,1,"""1-5""",41,135,39.28183306,3280,400,"{""last_x"": 941, ""sample_2_time"": 233, ""sample_4_y"": 247, ""sample_4_x"": 941, ""sample_4_time"": 400, ""first_x"": 816, ""sample_1_y"": 278, ""last_y"": 247, ""sample_3_x"": 931, ""sample_2_x"": 923, ""last_time"": 400, ""sample_2_y"": 277, ""sample_0_x"": 816, ""first_y"": 362, ""sample_1_x"": 920, ""sample_3_time"": 333, ""sample_1_time"": 133, ""sample_0_y"": 362, ""first_time"": 33, ""count"": 12, ""sample_3_y"": 266, ""sample_0_time"": 33}",Q2 (90-180<U+00B0>),Q1 (0-90<U+00B0>),FALSE,TRUE,Formant,45,5.718166940000003,5.718166940000003,95.71816694,95.71816694,FALSE
165814,18,righth,3+,yes,1,"""1-5""",42,45,315.527016,3076,534,"{""sample_2_time"": 300, ""sample_4_y"": 604, ""sample_0_y"": 443, ""sample_1_time"": 167, ""first_y"": 443, ""sample_2_x"": 852, ""sample_4_time"": 533, ""sample_4_x"": 927, ""last_time"": 533, ""sample_1_y"": 509, ""sample_3_y"": 580, ""count"": 16, ""sample_1_x"": 812, ""first_x"": 747, ""last_x"": 927, ""sample_3_time"": 433, ""sample_2_y"": 543, ""sample_0_time"": 33, ""first_time"": 33, ""sample_0_x"": 747, ""last_y"": 604, ""sample_3_x"": 898}",Q1 (0-90<U+00B0>),Q4 (270-360<U+00B0>),TRUE,FALSE,Frequency,315,0.5270160000000033,0.5270160000000033,270.527016,89.472984,FALSE
165814,18,righth,3+,yes,1,"""1-5""",43,225,132.4772514,7773,1535,"{""sample_3_y"": 241, ""sample_1_time"": 334, ""sample_2_x"": 614, ""sample_2_time"": 634, ""first_y"": 391, ""sample_4_y"": 220, ""first_x"": 719, ""sample_2_y"": 265, ""sample_3_x"": 587, ""first_time"": 34, ""sample_0_time"": 34, ""sample_1_y"": 298, ""last_x"": 556, ""sample_3_time"": 941, ""sample_0_x"": 719, ""count"": 37, ""sample_4_x"": 556, ""last_time"": 1534, ""sample_4_time"": 1534, ""sample_0_y"": 391, ""sample_1_x"": 653, ""last_y"": 220}",Q3 (180-270<U+00B0>),Q2 (90-180<U+00B0>),TRUE,FALSE,Frequency,135,2.5227486,2.5227486,92.5227486,92.5227486,FALSE
165814,18,righth,3+,yes,1,"""1-5""",44,45,222.935492,2637,600,"{""first_time"": 33, ""count"": 18, ""sample_0_y"": 428, ""sample_2_y"": 527, ""sample_3_y"": 563, ""sample_4_x"": 541, ""sample_3_x"": 558, ""sample_4_y"": 596, ""first_x"": 689, ""sample_3_time"": 467, ""sample_1_x"": 636, ""sample_2_time"": 333, ""last_x"": 541, ""sample_2_x"": 580, ""last_y"": 596, ""sample_0_x"": 689, ""sample_1_y"": 469, ""sample_0_time"": 33, ""sample_4_time"": 600, ""sample_1_time"": 167, ""first_y"": 428, ""last_time"": 600}",Q1 (0-90<U+00B0>),Q3 (180-270<U+00B0>),FALSE,FALSE,Both,225,2.0645079999999894,2.0645079999999894,177.935492,177.935492,FALSE
165814,18,righth,3+,yes,1,"""1-5""",45,135,41.53844987,5080,534,"{""sample_1_x"": 830, ""first_x"": 757, ""sample_3_x"": 890, ""sample_4_y"": 233, ""count"": 16, ""sample_4_x"": 941, ""sample_2_y"": 295, ""last_y"": 233, ""first_time"": 33, ""sample_1_y"": 330, ""sample_0_x"": 757, ""first_y"": 395, ""sample_1_time"": 167, ""last_x"": 941, ""sample_0_y"": 395, ""sample_0_time"": 33, ""sample_2_time"": 299, ""last_time"": 533, ""sample_3_y"": 276, ""sample_3_time"": 433, ""sample_2_x"": 870, ""sample_4_time"": 533}",Q2 (90-180<U+00B0>),Q1 (0-90<U+00B0>),FALSE,TRUE,Formant,45,3.461550129999999,3.461550129999999,93.46155013,93.46155013,FALSE
165814,18,righth,3+,yes,1,"""1-5""",46,135,225.3845297,5191,434,"{""sample_4_x"": 550, ""sample_0_x"": 684, ""first_x"": 684, ""last_x"": 550, ""sample_2_x"": 604, ""sample_1_time"": 134, ""sample_2_y"": 560, ""first_y"": 473, ""sample_4_time"": 434, ""sample_1_x"": 634, ""sample_0_time"": 34, ""sample_1_y"": 529, ""sample_3_time"": 334, ""sample_2_time"": 234, ""first_time"": 34, ""sample_3_y"": 590, ""sample_0_y"": 473, ""last_y"": 603, ""sample_4_y"": 603, ""count"": 13, ""sample_3_x"": 571, ""last_time"": 434}",Q2 (90-180<U+00B0>),Q3 (180-270<U+00B0>),TRUE,FALSE,Frequency,225,0.38452970000000164,0.38452970000000164,90.3845297,90.3845297,FALSE
165814,18,righth,3+,yes,1,"""1-5""",47,225,129.5414731,4624,400,"{""sample_4_time"": 400, ""sample_0_y"": 368, ""sample_1_time"": 133, ""sample_2_y"": 247, ""sample_4_x"": 567, ""sample_3_y"": 234, ""last_y"": 212, ""sample_3_x"": 588, ""sample_1_y"": 288, ""first_x"": 705, ""last_time"": 400, ""sample_0_x"": 705, ""sample_2_x"": 613, ""sample_2_time"": 233, ""count"": 12, ""first_y"": 368, ""sample_4_y"": 212, ""sample_0_time"": 33, ""sample_3_time"": 333, ""sample_1_x"": 646, ""first_time"": 33, ""last_x"": 567}",Q3 (180-270<U+00B0>),Q2 (90-180<U+00B0>),TRUE,FALSE,Frequency,135,5.45852690000001,5.45852690000001,95.45852690000001,95.45852690000001,FALSE
165814,18,righth,3+,yes,1,"""1-5""",48,225,227.4445192,2346,534,"{""sample_1_y"": 490, ""sample_0_time"": 33, ""last_y"": 617, ""sample_2_x"": 607, ""count"": 16, ""last_time"": 533, ""sample_1_x"": 664, ""sample_4_y"": 617, ""first_y"": 449, ""sample_3_time"": 433, ""first_time"": 33, ""sample_0_x"": 706, ""sample_4_time"": 533, ""sample_2_y"": 548, ""sample_2_time"": 300, ""sample_3_x"": 568, ""first_x"": 706, ""sample_1_time"": 166, ""sample_3_y"": 587, ""sample_4_x"": 550, ""sample_0_y"": 449, ""last_x"": 550}",Q3 (180-270<U+00B0>),Q3 (180-270<U+00B0>),TRUE,TRUE,Correct,225,2.444519200000002,2.444519200000002,2.444519200000002,2.444519200000002,TRUE
165814,18,righth,3+,yes,1,"""1-5""",49,225,328.8343047,3857,300,"{""last_time"": 300, ""first_time"": 33, ""last_y"": 554, ""last_x"": 964, ""count"": 9, ""first_y"": 438, ""first_x"": 781}",Q3 (180-270<U+00B0>),Q4 (270-360<U+00B0>),FALSE,TRUE,Formant,315,13.834304700000018,13.834304700000018,103.83430470000002,103.83430470000002,FALSE
165814,18,righth,3+,yes,1,"""1-5""",50,225,48.64590746,2600,167,"{""last_x"": 915, ""first_x"": 828, ""first_y"": 285, ""last_y"": 211, ""last_time"": 167, ""count"": 5, ""first_time"": 33}",Q3 (180-270<U+00B0>),Q1 (0-90<U+00B0>),FALSE,FALSE,Both,45,3.6459074599999965,3.6459074599999965,176.35409254,176.35409254,FALSE
165814,18,righth,3+,yes,1,"""1-5""",51,225,223.083186,3259,634,"{""sample_4_time"": 634, ""sample_0_y"": 437, ""sample_0_x"": 693, ""first_x"": 693, ""last_time"": 634, ""sample_1_time"": 167, ""sample_2_y"": 571, ""sample_0_time"": 33, ""sample_2_time"": 334, ""first_time"": 33, ""sample_1_y"": 530, ""last_y"": 596, ""sample_3_time"": 500, ""count"": 19, ""sample_4_y"": 596, ""sample_2_x"": 570, ""sample_3_x"": 560, ""last_x"": 542, ""sample_3_y"": 577, ""first_y"": 437, ""sample_4_x"": 542, ""sample_1_x"": 616}",Q3 (180-270<U+00B0>),Q3 (180-270<U+00B0>),TRUE,TRUE,Correct,225,1.916813999999988,1.916813999999988,1.916813999999988,1.916813999999988,TRUE
165814,18,righth,3+,yes,1,"""1-5""",52,225,314.92391,3829,401,"{""sample_2_time"": 233, ""count"": 12, ""last_time"": 400, ""sample_3_x"": 901, ""sample_1_y"": 566, ""last_y"": 604, ""sample_2_y"": 592, ""sample_4_time"": 400, ""sample_4_x"": 923, ""sample_4_y"": 604, ""sample_1_x"": 884, ""sample_2_x"": 898, ""sample_0_y"": 458, ""sample_0_x"": 786, ""sample_3_time"": 333, ""sample_0_time"": 33, ""first_time"": 33, ""sample_3_y"": 600, ""first_x"": 786, ""first_y"": 458, ""sample_1_time"": 133, ""last_x"": 923}",Q3 (180-270<U+00B0>),Q4 (270-360<U+00B0>),FALSE,TRUE,Formant,315,0.07609000000002197,0.07609000000002197,89.92390999999998,89.92390999999998,FALSE
165814,18,righth,3+,yes,1,"""1-5""",53,135,50.93252038,10007,234,"{""last_x"": 901, ""last_y"": 211, ""first_y"": 362, ""last_time"": 233, ""first_x"": 793, ""count"": 7, ""first_time"": 33}",Q2 (90-180<U+00B0>),Q1 (0-90<U+00B0>),FALSE,TRUE,Formant,45,5.93252038,5.93252038,84.06747962,84.06747962,FALSE
165814,18,righth,3+,yes,1,"""1-5""",54,225,316.1292055,4887,200,"{""last_x"": 929, ""first_time"": 32, ""first_y"": 467, ""last_y"": 602, ""last_time"": 200, ""count"": 6, ""first_x"": 761}",Q3 (180-270<U+00B0>),Q4 (270-360<U+00B0>),FALSE,TRUE,Formant,315,1.1292055000000119,1.1292055000000119,91.12920550000001,91.12920550000001,FALSE
165814,18,righth,3+,yes,1,"""1-5""",55,135,225.3804445,3624,434,"{""sample_4_y"": 605, ""sample_1_y"": 556, ""first_x"": 636, ""first_y"": 468, ""last_x"": 548, ""sample_0_x"": 636, ""sample_0_time"": 33, ""sample_4_time"": 433, ""sample_2_y"": 589, ""sample_2_x"": 575, ""first_time"": 33, ""sample_3_x"": 561, ""sample_1_time"": 133, ""last_time"": 433, ""sample_0_y"": 468, ""sample_3_time"": 333, ""sample_3_y"": 601, ""sample_1_x"": 575, ""sample_2_time"": 233, ""sample_4_x"": 548, ""count"": 13, ""last_y"": 605}",Q2 (90-180<U+00B0>),Q3 (180-270<U+00B0>),TRUE,FALSE,Frequency,225,0.38044450000001007,0.38044450000001007,90.38044450000001,90.38044450000001,FALSE
165814,18,righth,3+,yes,1,"""1-5""",56,315,134.6175238,4235,501,"{""sample_0_x"": 687, ""sample_2_time"": 267, ""last_y"": 227, ""sample_3_time"": 400, ""count"": 15, ""sample_2_x"": 576, ""sample_4_x"": 549, ""sample_0_time"": 35, ""last_time"": 500, ""sample_4_y"": 227, ""sample_3_y"": 241, ""sample_2_y"": 251, ""last_x"": 549, ""sample_3_x"": 558, ""sample_4_time"": 500, ""first_y"": 372, ""first_time"": 35, ""sample_1_y"": 301, ""sample_1_x"": 626, ""sample_1_time"": 134, ""first_x"": 687, ""sample_0_y"": 372}",Q4 (270-360<U+00B0>),Q2 (90-180<U+00B0>),FALSE,FALSE,Both,135,0.3824762000000135,0.3824762000000135,180.3824762,179.6175238,FALSE
165814,18,righth,3+,yes,1,"""1-5""",57,315,35.22241991,2995,67,"{""first_x"": 896, ""last_x"": 968, ""first_y"": 307, ""first_time"": 33, ""last_y"": 251, ""last_time"": 66, ""count"": 2}",Q4 (270-360<U+00B0>),Q1 (0-90<U+00B0>),TRUE,FALSE,Frequency,45,9.77758009,9.77758009,279.77758009,80.22241990999999,FALSE
165814,18,righth,3+,yes,1,"""1-5""",58,225,228.2596819,4148,500,"{""last_x"": 557, ""sample_3_y"": 600, ""count"": 15, ""sample_2_x"": 574, ""first_time"": 33, ""first_x"": 678, ""last_time"": 500, ""sample_2_y"": 588, ""sample_0_x"": 678, ""sample_3_x"": 566, ""sample_0_time"": 33, ""sample_1_time"": 133, ""sample_4_y"": 615, ""sample_3_time"": 400, ""sample_4_time"": 500, ""sample_2_time"": 267, ""sample_0_y"": 502, ""last_y"": 615, ""sample_4_x"": 557, ""sample_1_x"": 590, ""sample_1_y"": 579, ""first_y"": 502}",Q3 (180-270<U+00B0>),Q3 (180-270<U+00B0>),TRUE,TRUE,Correct,225,3.259681900000004,3.259681900000004,3.259681900000004,3.259681900000004,TRUE
165814,18,righth,3+,yes,1,"""1-5""",59,315,135.8459165,2601,568,"{""sample_1_time"": 167, ""sample_2_x"": 565, ""sample_1_x"": 572, ""sample_4_y"": 232, ""sample_4_x"": 546, ""sample_1_y"": 269, ""sample_3_y"": 242, ""sample_3_time"": 434, ""sample_4_time"": 567, ""sample_0_x"": 677, ""sample_0_time"": 34, ""count"": 17, ""first_x"": 677, ""first_y"": 354, ""last_time"": 567, ""first_time"": 34, ""sample_2_y"": 263, ""sample_0_y"": 354, ""last_y"": 232, ""sample_2_time"": 301, ""last_x"": 546, ""sample_3_x"": 550}",Q4 (270-360<U+00B0>),Q2 (90-180<U+00B0>),FALSE,FALSE,Both,135,0.8459164999999871,0.8459164999999871,179.1540835,179.1540835,FALSE
165814,18,righth,3+,yes,1,"""1-5""",60,45,226.5974762,4037,533,"{""last_y"": 609, ""sample_3_y"": 588, ""sample_2_y"": 557, ""sample_4_time"": 533, ""sample_4_y"": 609, ""sample_3_time"": 433, ""sample_4_x"": 552, ""last_x"": 552, ""last_time"": 533, ""sample_2_x"": 565, ""sample_2_time"": 299, ""first_time"": 33, ""first_y"": 460, ""count"": 16, ""sample_0_time"": 33, ""first_x"": 668, ""sample_0_y"": 460, ""sample_3_x"": 563, ""sample_1_time"": 166, ""sample_1_y"": 507, ""sample_0_x"": 668, ""sample_1_x"": 579}",Q1 (0-90<U+00B0>),Q3 (180-270<U+00B0>),FALSE,FALSE,Both,225,1.5974761999999885,1.5974761999999885,181.5974762,178.4025238,FALSE
165814,18,righth,3+,yes,1,"""1-5""",61,225,312.6236271,655,767,"{""sample_3_x"": 905, ""sample_3_time"": 600, ""sample_0_x"": 760, ""count"": 23, ""sample_1_time"": 200, ""sample_4_x"": 914, ""sample_0_time"": 33, ""sample_2_y"": 578, ""last_y"": 610, ""sample_2_x"": 871, ""last_time"": 767, ""sample_2_time"": 400, ""first_y"": 445, ""sample_1_y"": 522, ""first_time"": 33, ""sample_1_x"": 829, ""sample_4_y"": 610, ""last_x"": 914, ""sample_3_y"": 603, ""sample_0_y"": 445, ""sample_4_time"": 767, ""first_x"": 760}",Q3 (180-270<U+00B0>),Q4 (270-360<U+00B0>),FALSE,TRUE,Formant,315,2.3763728999999785,2.3763728999999785,87.62362710000002,87.62362710000002,FALSE
165814,18,righth,3+,yes,1,"""1-5""",62,45,222.3082795,9918,201,"{""last_y"": 603, ""last_x"": 529, ""last_time"": 200, ""first_y"": 448, ""first_time"": 33, ""first_x"": 702, ""count"": 6}",Q1 (0-90<U+00B0>),Q3 (180-270<U+00B0>),FALSE,FALSE,Both,225,2.6917205000000024,2.6917205000000024,177.3082795,177.3082795,FALSE
165814,18,righth,3+,yes,1,"""1-5""",63,225,125.9975435,2547,134,"{""first_y"": 345, ""first_time"": 33, ""last_y"": 187, ""count"": 4, ""first_x"": 677, ""last_x"": 569, ""last_time"": 133}",Q3 (180-270<U+00B0>),Q2 (90-180<U+00B0>),TRUE,FALSE,Frequency,135,9.002456499999994,9.002456499999994,99.0024565,99.0024565,FALSE
165814,18,righth,3+,yes,1,"""1-5""",64,225,336.4451857,5465,3267,"{""count"": 79, ""last_x"": 977, ""sample_0_y"": 456, ""sample_3_y"": 321, ""sample_1_y"": 583, ""sample_2_time"": 1332, ""sample_4_y"": 521, ""first_y"": 456, ""sample_4_time"": 3266, ""sample_3_time"": 2633, ""first_x"": 729, ""sample_3_x"": 673, ""last_y"": 521, ""first_time"": 33, ""sample_1_time"": 666, ""sample_0_time"": 33, ""sample_1_x"": 561, ""sample_4_x"": 977, ""sample_2_y"": 413, ""sample_2_x"": 743, ""sample_0_x"": 729, ""last_time"": 3266}",Q3 (180-270<U+00B0>),Q4 (270-360<U+00B0>),FALSE,TRUE,Formant,315,21.445185700000025,21.445185700000025,111.44518570000002,111.44518570000002,FALSE
165814,18,righth,3+,yes,1,"""1-5""",65,45,224.0340148,2820,368,"{""sample_1_x"": 600, ""sample_4_x"": 539, ""sample_4_time"": 367, ""last_time"": 367, ""sample_0_time"": 33, ""last_y"": 605, ""sample_2_time"": 200, ""last_x"": 539, ""first_x"": 641, ""sample_0_x"": 641, ""sample_3_y"": 584, ""sample_1_y"": 547, ""sample_1_time"": 101, ""sample_3_x"": 549, ""count"": 11, ""sample_0_y"": 509, ""sample_3_time"": 300, ""sample_2_y"": 567, ""first_y"": 509, ""first_time"": 33, ""sample_2_x"": 568, ""sample_4_y"": 605}",Q1 (0-90<U+00B0>),Q3 (180-270<U+00B0>),FALSE,FALSE,Both,225,0.9659852000000058,0.9659852000000058,179.0340148,179.0340148,FALSE
165814,18,righth,3+,yes,1,"""1-5""",66,315,226.682534,2641,467,"{""count"": 14, ""sample_0_y"": 445, ""first_y"": 445, ""sample_1_y"": 503, ""sample_0_time"": 32, ""first_x"": 677, ""sample_3_time"": 367, ""sample_3_x"": 576, ""sample_4_y"": 617, ""sample_4_x"": 545, ""sample_0_x"": 677, ""sample_2_y"": 550, ""first_time"": 32, ""last_y"": 617, ""sample_1_time"": 133, ""sample_2_time"": 267, ""sample_2_x"": 604, ""last_time"": 466, ""sample_3_y"": 584, ""sample_1_x"": 624, ""last_x"": 545, ""sample_4_time"": 466}",Q4 (270-360<U+00B0>),Q3 (180-270<U+00B0>),FALSE,TRUE,Formant,225,1.682534000000004,1.682534000000004,88.317466,88.317466,FALSE
165814,18,righth,3+,yes,1,"""1-5""",67,315,319.6934341,2663,500,"{""sample_1_x"": 808, ""first_y"": 444, ""sample_2_y"": 528, ""sample_1_time"": 133, ""count"": 15, ""sample_4_y"": 586, ""last_x"": 936, ""sample_0_y"": 444, ""sample_0_time"": 33, ""sample_4_time"": 500, ""last_y"": 586, ""sample_4_x"": 936, ""sample_3_x"": 909, ""first_time"": 33, ""sample_2_time"": 267, ""first_x"": 752, ""sample_0_x"": 752, ""sample_3_time"": 400, ""last_time"": 500, ""sample_3_y"": 550, ""sample_2_x"": 862, ""sample_1_y"": 489}",Q4 (270-360<U+00B0>),Q4 (270-360<U+00B0>),TRUE,TRUE,Correct,315,4.69343409999999,4.69343409999999,4.69343409999999,4.69343409999999,TRUE
165814,18,righth,3+,yes,1,"""1-5""",68,135,36.48057784,2723,500,"{""first_y"": 396, ""sample_2_x"": 908, ""last_y"": 258, ""last_x"": 948, ""sample_3_x"": 932, ""last_time"": 500, ""first_time"": 32, ""sample_3_y"": 279, ""sample_4_y"": 258, ""sample_3_time"": 400, ""count"": 15, ""sample_2_time"": 267, ""sample_0_y"": 396, ""sample_4_time"": 500, ""first_x"": 763, ""sample_1_x"": 817, ""sample_0_time"": 32, ""sample_4_x"": 948, ""sample_2_y"": 305, ""sample_1_time"": 133, ""sample_0_x"": 763, ""sample_1_y"": 348}",Q2 (90-180<U+00B0>),Q1 (0-90<U+00B0>),FALSE,TRUE,Formant,45,8.519422159999998,8.519422159999998,98.51942216,98.51942216,FALSE
165814,18,righth,3+,yes,1,"""1-5""",69,225,130.7890336,3494,1667,"{""sample_4_y"": 215, ""sample_0_time"": 33, ""sample_0_x"": 739, ""sample_2_time"": 866, ""first_x"": 739, ""sample_0_y"": 372, ""sample_3_y"": 201, ""sample_4_x"": 562, ""sample_2_y"": 213, ""count"": 50, ""sample_4_time"": 1666, ""first_time"": 33, ""last_y"": 215, ""last_x"": 562, ""sample_3_x"": 640, ""sample_2_x"": 739, ""sample_1_time"": 433, ""sample_1_y"": 237, ""first_y"": 372, ""last_time"": 1666, ""sample_3_time"": 1266, ""sample_1_x"": 749}",Q3 (180-270<U+00B0>),Q2 (90-180<U+00B0>),TRUE,FALSE,Frequency,135,4.21096639999999,4.21096639999999,94.21096639999999,94.21096639999999,FALSE
165814,18,righth,3+,yes,1,"""1-5""",70,45,235.8941073,2418,235,"{""first_y"": 465, ""first_time"": 33, ""last_y"": 637, ""last_x"": 585, ""first_x"": 706, ""last_time"": 234, ""count"": 7}",Q1 (0-90<U+00B0>),Q3 (180-270<U+00B0>),FALSE,FALSE,Both,225,10.894107300000002,10.894107300000002,190.8941073,169.1058927,FALSE
165814,18,righth,3+,yes,1,"""1-5""",71,225,322.8556806,2514,168,"{""first_time"": 33, ""last_x"": 968, ""count"": 5, ""last_y"": 592, ""last_time"": 167, ""first_x"": 779, ""first_y"": 446}",Q3 (180-270<U+00B0>),Q4 (270-360<U+00B0>),FALSE,TRUE,Formant,315,7.855680600000028,7.855680600000028,97.85568060000003,97.85568060000003,FALSE
165814,18,righth,3+,yes,1,"""1-5""",72,315,46.35543801,2831,133,"{""count"": 4, ""last_x"": 931, ""first_x"": 778, ""last_y"": 210, ""first_time"": 34, ""first_y"": 402, ""last_time"": 133}",Q4 (270-360<U+00B0>),Q1 (0-90<U+00B0>),TRUE,FALSE,Frequency,45,1.3554380100000003,1.3554380100000003,268.64456199,91.35543801,FALSE
165814,18,righth,3+,yes,1,"""1-5""",73,45,227.9108378,2572,267,"{""count"": 8, ""first_y"": 491, ""last_time"": 266, ""last_y"": 617, ""first_time"": 33, ""first_x"": 675, ""last_x"": 553}",Q1 (0-90<U+00B0>),Q3 (180-270<U+00B0>),FALSE,FALSE,Both,225,2.910837799999996,2.910837799999996,182.9108378,177.0891622,FALSE
165814,18,righth,3+,yes,1,"""1-5""",74,315,134.4743654,2464,334,"{""last_y"": 223, ""count"": 10, ""first_time"": 34, ""first_y"": 375, ""last_x"": 546, ""first_x"": 674, ""last_time"": 334}",Q4 (270-360<U+00B0>),Q2 (90-180<U+00B0>),FALSE,FALSE,Both,135,0.5256345999999894,0.5256345999999894,180.5256346,179.4743654,FALSE
165814,18,righth,3+,yes,1,"""1-5""",75,315,230.0528628,2513,234,"{""first_y"": 454, ""count"": 7, ""last_y"": 634, ""first_x"": 726, ""last_x"": 552, ""last_time"": 234, ""first_time"": 34}",Q4 (270-360<U+00B0>),Q3 (180-270<U+00B0>),FALSE,TRUE,Formant,225,5.052862800000014,5.052862800000014,84.94713719999999,84.94713719999999,FALSE
165814,18,righth,3+,yes,1,"""1-5""",76,225,33.65827187,2481,34,"{""last_time"": 34, ""last_x"": 1359, ""last_y"": 0, ""first_x"": 1359, ""first_time"": 34, ""first_y"": 0, ""count"": 1}",Q3 (180-270<U+00B0>),Q1 (0-90<U+00B0>),FALSE,FALSE,Both,45,11.34172813,11.34172813,191.34172813,168.65827187,FALSE
165814,18,righth,3+,yes,1,"""1-5""",77,45,222.6299653,2486,333,"{""first_time"": 33, ""last_y"": 595, ""first_x"": 669, ""count"": 10, ""first_y"": 459, ""last_time"": 333, ""last_x"": 540}",Q1 (0-90<U+00B0>),Q3 (180-270<U+00B0>),FALSE,FALSE,Both,225,2.370034699999991,2.370034699999991,177.6299653,177.6299653,FALSE
165814,18,righth,3+,yes,1,"""1-5""",78,45,127.52051,2978,201,"{""last_time"": 200, ""first_y"": 328, ""first_x"": 678, ""last_y"": 185, ""count"": 6, ""last_x"": 558, ""first_time"": 33}",Q1 (0-90<U+00B0>),Q2 (90-180<U+00B0>),FALSE,TRUE,Formant,135,7.479489999999998,7.479489999999998,82.52051,82.52051,FALSE
165814,18,righth,3+,yes,1,"""1-5""",79,225,313.2551053,2782,534,"{""sample_2_y"": 540, ""sample_3_y"": 569, ""last_time"": 533, ""sample_0_time"": 34, ""sample_0_x"": 758, ""sample_4_y"": 610, ""sample_3_time"": 434, ""sample_4_x"": 918, ""sample_1_x"": 787, ""sample_1_time"": 167, ""first_x"": 758, ""last_y"": 610, ""count"": 16, ""sample_2_x"": 849, ""first_time"": 34, ""first_y"": 444, ""sample_4_time"": 533, ""sample_2_time"": 300, ""last_x"": 918, ""sample_0_y"": 444, ""sample_1_y"": 474, ""sample_3_x"": 883}",Q3 (180-270<U+00B0>),Q4 (270-360<U+00B0>),FALSE,TRUE,Formant,315,1.7448946999999748,1.7448946999999748,88.25510530000003,88.25510530000003,FALSE
165814,18,righth,3+,yes,1,"""1-5""",80,315,321.1643403,2479,434,"{""sample_1_x"": 909, ""first_y"": 481, ""sample_4_x"": 953, ""last_x"": 953, ""sample_0_x"": 803, ""sample_4_time"": 434, ""sample_4_y"": 591, ""first_x"": 803, ""sample_3_y"": 560, ""sample_3_x"": 924, ""last_time"": 434, ""sample_1_y"": 549, ""first_time"": 34, ""sample_1_time"": 134, ""sample_2_time"": 234, ""sample_2_x"": 921, ""sample_0_y"": 481, ""count"": 13, ""sample_0_time"": 34, ""last_y"": 591, ""sample_3_time"": 334, ""sample_2_y"": 556}",Q4 (270-360<U+00B0>),Q4 (270-360<U+00B0>),TRUE,TRUE,Correct,315,6.164340299999992,6.164340299999992,6.164340299999992,6.164340299999992,TRUE
165814,18,righth,3+,yes,1,"""1-5""",81,45,42.32187141,2726,334,"{""last_y"": 227, ""first_y"": 370, ""first_x"": 786, ""first_time"": 33, ""count"": 10, ""last_time"": 333, ""last_x"": 942}",Q1 (0-90<U+00B0>),Q1 (0-90<U+00B0>),TRUE,TRUE,Correct,45,2.67812859,2.67812859,2.67812859,2.67812859,TRUE
165814,18,righth,3+,yes,1,"""1-5""",82,135,229.8566039,2575,401,"{""sample_4_y"": 623, ""sample_2_y"": 591, ""first_y"": 455, ""sample_1_x"": 639, ""sample_3_y"": 607, ""first_x"": 711, ""sample_0_time"": 34, ""sample_3_time"": 334, ""count"": 12, ""sample_3_x"": 571, ""first_time"": 34, ""sample_2_time"": 234, ""last_x"": 560, ""sample_2_x"": 590, ""sample_0_y"": 455, ""sample_0_x"": 711, ""sample_4_x"": 560, ""sample_1_time"": 134, ""sample_4_time"": 400, ""sample_1_y"": 532, ""last_time"": 400, ""last_y"": 623}",Q2 (90-180<U+00B0>),Q3 (180-270<U+00B0>),TRUE,FALSE,Frequency,225,4.85660390000001,4.85660390000001,94.85660390000001,94.85660390000001,FALSE
165814,18,righth,3+,yes,1,"""1-5""",83,225,134.4715954,2795,301,"{""count"": 9, ""last_x"": 547, ""last_time"": 300, ""last_y"": 224, ""first_x"": 676, ""first_y"": 373, ""first_time"": 34}",Q3 (180-270<U+00B0>),Q2 (90-180<U+00B0>),TRUE,FALSE,Frequency,135,0.5284045999999876,0.5284045999999876,90.52840459999999,90.52840459999999,FALSE
165814,18,righth,3+,yes,1,"""1-5""",84,135,316.5601997,2577,268,"{""first_y"": 444, ""first_time"": 34, ""last_y"": 603, ""first_x"": 793, ""count"": 8, ""last_x"": 933, ""last_time"": 267}",Q2 (90-180<U+00B0>),Q4 (270-360<U+00B0>),FALSE,FALSE,Both,315,1.5601996999999983,1.5601996999999983,181.5601997,178.4398003,FALSE
165814,18,righth,3+,yes,1,"""1-5""",85,315,128.6598083,2603,367,"{""first_time"": 33, ""sample_4_y"": 208, ""sample_4_x"": 569, ""sample_0_y"": 357, ""sample_3_x"": 575, ""sample_0_x"": 684, ""sample_3_y"": 213, ""sample_3_time"": 300, ""sample_0_time"": 33, ""first_y"": 357, ""last_y"": 208, ""sample_1_time"": 100, ""sample_2_time"": 200, ""sample_1_y"": 275, ""count"": 11, ""sample_2_x"": 587, ""last_x"": 569, ""sample_2_y"": 234, ""sample_1_x"": 620, ""last_time"": 367, ""sample_4_time"": 367, ""first_x"": 684}",Q4 (270-360<U+00B0>),Q2 (90-180<U+00B0>),FALSE,FALSE,Both,135,6.340191699999991,6.340191699999991,186.3401917,173.6598083,FALSE
165814,18,righth,3+,yes,1,"""1-5""",86,225,216.7864674,2977,267,"{""first_y"": 445, ""first_time"": 33, ""count"": 8, ""first_x"": 707, ""last_x"": 515, ""last_time"": 267, ""last_y"": 580}",Q3 (180-270<U+00B0>),Q3 (180-270<U+00B0>),TRUE,TRUE,Correct,225,8.213532600000008,8.213532600000008,8.213532600000008,8.213532600000008,TRUE
165814,18,righth,3+,yes,1,"""1-5""",87,135,312.0272571,3917,568,"{""sample_3_x"": 893, ""last_time"": 567, ""count"": 17, ""sample_3_time"": 434, ""sample_1_x"": 762, ""sample_2_time"": 301, ""sample_0_x"": 738, ""first_time"": 34, ""last_y"": 613, ""sample_4_y"": 613, ""sample_0_time"": 34, ""sample_1_time"": 167, ""first_y"": 434, ""sample_3_y"": 586, ""sample_1_y"": 456, ""sample_4_x"": 913, ""last_x"": 913, ""sample_4_time"": 567, ""sample_2_y"": 519, ""sample_0_y"": 434, ""first_x"": 738, ""sample_2_x"": 824}",Q2 (90-180<U+00B0>),Q4 (270-360<U+00B0>),FALSE,FALSE,Both,315,2.9727429000000143,2.9727429000000143,177.02725709999999,177.02725709999999,FALSE
165814,18,righth,3+,yes,1,"""1-5""",88,135,209.439413,2499,67,"{""count"": 2, ""first_time"": 33, ""last_time"": 67, ""first_x"": 569, ""last_y"": 547, ""first_y"": 501, ""last_x"": 502}",Q2 (90-180<U+00B0>),Q3 (180-270<U+00B0>),TRUE,FALSE,Frequency,225,15.560586999999998,15.560586999999998,74.439413,74.439413,FALSE
165814,18,righth,3+,yes,1,"""1-5""",89,45,133.7656812,2544,201,"{""last_x"": 542, ""last_y"": 214, ""count"": 6, ""last_time"": 200, ""first_x"": 673, ""first_time"": 33, ""first_y"": 375}",Q1 (0-90<U+00B0>),Q2 (90-180<U+00B0>),FALSE,TRUE,Formant,135,1.2343188000000112,1.2343188000000112,88.76568119999999,88.76568119999999,FALSE
165814,18,righth,3+,yes,1,"""1-5""",90,135,45.97867634,2844,667,"{""sample_4_time"": 667, ""count"": 20, ""last_time"": 667, ""sample_2_y"": 289, ""sample_1_x"": 823, ""first_y"": 402, ""sample_3_time"": 533, ""sample_2_x"": 868, ""sample_1_time"": 200, ""last_x"": 922, ""sample_4_x"": 922, ""sample_2_time"": 367, ""first_time"": 33, ""sample_0_x"": 770, ""sample_1_y"": 344, ""first_x"": 770, ""sample_3_x"": 888, ""sample_0_time"": 33, ""sample_3_y"": 252, ""sample_0_y"": 402, ""last_y"": 222, ""sample_4_y"": 222}",Q2 (90-180<U+00B0>),Q1 (0-90<U+00B0>),FALSE,TRUE,Formant,45,0.9786763399999998,0.9786763399999998,89.02132366000001,89.02132366000001,FALSE
165814,18,righth,3+,yes,1,"""1-5""",91,315,134.4687961,5817,634,"{""sample_1_time"": 166, ""sample_0_time"": 33, ""sample_1_x"": 659, ""last_x"": 548, ""sample_2_x"": 596, ""sample_4_time"": 634, ""first_time"": 33, ""sample_0_y"": 398, ""sample_0_x"": 703, ""count"": 19, ""last_time"": 634, ""last_y"": 225, ""sample_1_y"": 349, ""sample_3_y"": 234, ""first_x"": 703, ""sample_2_y"": 275, ""sample_3_x"": 562, ""sample_4_y"": 225, ""sample_3_time"": 500, ""sample_2_time"": 333, ""first_y"": 398, ""sample_4_x"": 548}",Q4 (270-360<U+00B0>),Q2 (90-180<U+00B0>),FALSE,FALSE,Both,135,0.5312039000000084,0.5312039000000084,180.5312039,179.4687961,FALSE
165814,18,righth,3+,yes,1,"""1-5""",92,45,223.4151456,26509,400,"{""count"": 12, ""sample_3_y"": 576, ""sample_3_time"": 333, ""sample_0_y"": 463, ""first_time"": 33, ""first_x"": 683, ""first_y"": 463, ""sample_1_y"": 508, ""sample_4_time"": 400, ""sample_2_time"": 233, ""last_x"": 540, ""sample_1_x"": 624, ""sample_0_time"": 33, ""sample_3_x"": 555, ""sample_1_time"": 133, ""sample_4_y"": 600, ""sample_0_x"": 683, ""sample_4_x"": 540, ""sample_2_y"": 542, ""last_time"": 400, ""last_y"": 600, ""sample_2_x"": 587}",Q1 (0-90<U+00B0>),Q3 (180-270<U+00B0>),FALSE,FALSE,Both,225,1.5848544000000118,1.5848544000000118,178.4151456,178.4151456,FALSE
165814,18,righth,3+,yes,1,"""1-5""",93,225,135.5242605,2886,434,"{""last_y"": 226, ""sample_1_y"": 318, ""sample_2_y"": 298, ""first_x"": 714, ""sample_0_x"": 714, ""last_time"": 434, ""first_time"": 34, ""last_x"": 542, ""sample_4_y"": 226, ""first_y"": 384, ""sample_2_time"": 233, ""sample_3_x"": 569, ""sample_3_y"": 265, ""sample_0_y"": 384, ""sample_0_time"": 34, ""sample_4_time"": 434, ""sample_1_time"": 133, ""count"": 13, ""sample_2_x"": 610, ""sample_1_x"": 647, ""sample_3_time"": 333, ""sample_4_x"": 542}",Q3 (180-270<U+00B0>),Q2 (90-180<U+00B0>),TRUE,FALSE,Frequency,135,0.5242604999999969,0.5242604999999969,89.4757395,89.4757395,FALSE
165814,18,righth,3+,yes,1,"""1-5""",94,315,226.7266107,3464,2401,"{""sample_2_time"": 1267, ""sample_0_x"": 750, ""sample_4_x"": 550, ""first_y"": 433, ""sample_4_time"": 2400, ""last_x"": 550, ""sample_3_x"": 724, ""count"": 70, ""sample_0_y"": 433, ""first_x"": 750, ""sample_3_time"": 1833, ""sample_1_time"": 599, ""sample_0_time"": 33, ""sample_3_y"": 416, ""first_time"": 33, ""sample_1_y"": 578, ""last_time"": 2400, ""sample_1_x"": 859, ""sample_2_x"": 830, ""sample_4_y"": 612, ""last_y"": 612, ""sample_2_y"": 538}",Q4 (270-360<U+00B0>),Q3 (180-270<U+00B0>),FALSE,TRUE,Formant,225,1.726610700000009,1.726610700000009,88.27338929999999,88.27338929999999,FALSE
165814,18,righth,3+,yes,1,"""1-5""",95,45,226.4415763,92002,367,"{""sample_1_y"": 516, ""count"": 11, ""sample_3_time"": 300, ""last_y"": 609, ""sample_4_time"": 367, ""first_time"": 33, ""first_x"": 698, ""sample_2_y"": 577, ""sample_1_x"": 665, ""last_x"": 551, ""last_time"": 367, ""sample_2_x"": 612, ""sample_4_y"": 609, ""sample_0_time"": 33, ""sample_2_time"": 200, ""sample_0_y"": 474, ""sample_3_y"": 589, ""sample_3_x"": 579, ""sample_4_x"": 551, ""sample_1_time"": 100, ""first_y"": 474, ""sample_0_x"": 698}",Q1 (0-90<U+00B0>),Q3 (180-270<U+00B0>),FALSE,FALSE,Both,225,1.4415763000000084,1.4415763000000084,181.4415763,178.5584237,FALSE
165814,18,righth,3+,yes,1,"""1-5""",96,45,231.3401917,7623,268,"{""last_y"": 623, ""last_time"": 267, ""first_time"": 33, ""last_x"": 569, ""first_x"": 695, ""count"": 8, ""first_y"": 458}",Q1 (0-90<U+00B0>),Q3 (180-270<U+00B0>),FALSE,FALSE,Both,225,6.340191699999991,6.340191699999991,186.3401917,173.6598083,FALSE
165814,18,righth,3+,yes,1,"""1-5""",97,135,313.8737536,1356,367,"{""first_time"": 34, ""first_x"": 770, ""sample_4_time"": 367, ""sample_1_y"": 494, ""count"": 11, ""sample_2_y"": 564, ""first_y"": 449, ""sample_3_x"": 907, ""sample_1_time"": 100, ""sample_2_time"": 200, ""last_x"": 922, ""sample_0_y"": 449, ""sample_0_x"": 770, ""sample_1_x"": 804, ""sample_4_x"": 922, ""sample_3_time"": 300, ""sample_2_x"": 867, ""last_y"": 610, ""sample_4_y"": 610, ""last_time"": 367, ""sample_3_y"": 598, ""sample_0_time"": 34}",Q2 (90-180<U+00B0>),Q4 (270-360<U+00B0>),FALSE,FALSE,Both,315,1.1262464000000136,1.1262464000000136,178.8737536,178.8737536,FALSE
165814,18,righth,3+,yes,1,"""1-5""",98,315,141.1921835,2263,1934,"{""last_time"": 1934, ""sample_1_x"": 569, ""sample_1_time"": 467, ""first_time"": 33, ""last_y"": 245, ""sample_2_y"": 356, ""sample_2_x"": 648, ""last_x"": 523, ""sample_3_time"": 1500, ""sample_0_time"": 33, ""sample_2_time"": 934, ""sample_3_y"": 438, ""sample_1_y"": 270, ""sample_0_x"": 696, ""sample_0_y"": 383, ""count"": 55, ""sample_4_y"": 245, ""sample_4_x"": 523, ""sample_3_x"": 750, ""first_x"": 696, ""sample_4_time"": 1934, ""first_y"": 383}",Q4 (270-360<U+00B0>),Q2 (90-180<U+00B0>),FALSE,FALSE,Both,135,6.192183499999999,6.192183499999999,173.8078165,173.8078165,FALSE
165814,18,righth,3+,yes,1,"""1-5""",99,315,229.8207661,3091,467,"{""first_x"": 684, ""sample_3_y"": 597, ""sample_1_time"": 133, ""sample_3_x"": 575, ""sample_2_time"": 267, ""sample_1_y"": 523, ""sample_4_time"": 467, ""sample_4_y"": 618, ""last_y"": 618, ""sample_0_time"": 33, ""last_time"": 467, ""count"": 14, ""first_y"": 474, ""first_time"": 33, ""last_x"": 564, ""sample_1_x"": 615, ""sample_2_y"": 555, ""sample_4_x"": 564, ""sample_0_y"": 474, ""sample_2_x"": 582, ""sample_0_x"": 684, ""sample_3_time"": 366}",Q4 (270-360<U+00B0>),Q3 (180-270<U+00B0>),FALSE,TRUE,Formant,225,4.820766099999986,4.820766099999986,85.17923390000001,85.17923390000001,FALSE
165814,18,righth,3+,yes,1,"""1-5""",100,315,321.0356004,2093,134,"{""last_time"": 134, ""first_y"": 449, ""last_x"": 952, ""count"": 4, ""last_y"": 591, ""first_time"": 34, ""first_x"": 771}",Q4 (270-360<U+00B0>),Q4 (270-360<U+00B0>),TRUE,TRUE,Correct,315,6.035600400000021,6.035600400000021,6.035600400000021,6.035600400000021,TRUE
166054,20,righth,1,no,0,"""0-1""",21,315,137.3970285,2857,708,"{""first_y"": 471, ""first_x"": 845, ""sample_1_y"": 426, ""sample_0_y"": 471, ""sample_2_x"": 729, ""sample_0_time"": 8, ""sample_4_x"": 640, ""sample_3_x"": 672, ""last_time"": 708, ""sample_3_y"": 305, ""first_time"": 8, ""sample_2_y"": 364, ""sample_1_x"": 789, ""last_y"": 273, ""last_x"": 640, ""sample_1_time"": 190, ""sample_4_y"": 273, ""sample_3_time"": 541, ""count"": 84, ""sample_0_x"": 845, ""sample_2_time"": 367, ""sample_4_time"": 708}",Q4 (270-360<U+00B0>),Q2 (90-180<U+00B0>),FALSE,FALSE,Both,135,2.3970285000000047,2.3970285000000047,177.6029715,177.6029715,FALSE
166054,20,righth,1,no,0,"""0-1""",22,135,133.4014629,2556,825,"{""first_time"": 8, ""sample_2_y"": 374, ""count"": 99, ""first_y"": 469, ""sample_0_y"": 469, ""last_x"": 655, ""sample_4_time"": 825, ""sample_0_x"": 844, ""sample_1_time"": 208, ""sample_2_time"": 417, ""sample_0_time"": 8, ""sample_1_y"": 421, ""last_time"": 825, ""last_y"": 258, ""sample_4_y"": 258, ""sample_3_y"": 301, ""sample_1_x"": 798, ""sample_2_x"": 753, ""sample_3_time"": 625, ""first_x"": 844, ""sample_3_x"": 691, ""sample_4_x"": 655}",Q2 (90-180<U+00B0>),Q2 (90-180<U+00B0>),TRUE,TRUE,Correct,135,1.5985370999999873,1.5985370999999873,1.5985370999999873,1.5985370999999873,TRUE
166054,20,righth,1,no,0,"""0-1""",23,45,43.79816694,2539,643,"{""first_y"": 474, ""last_y"": 269, ""sample_4_y"": 269, ""count"": 77, ""sample_2_time"": 325, ""sample_4_time"": 642, ""sample_0_x"": 885, ""sample_3_time"": 483, ""sample_1_x"": 934, ""sample_4_x"": 1083, ""sample_0_time"": 9, ""sample_3_x"": 1046, ""last_time"": 642, ""first_time"": 9, ""sample_2_x"": 995, ""sample_2_y"": 365, ""first_x"": 885, ""last_x"": 1083, ""sample_1_time"": 167, ""sample_3_y"": 307, ""sample_1_y"": 423, ""sample_0_y"": 474}",Q1 (0-90<U+00B0>),Q1 (0-90<U+00B0>),TRUE,TRUE,Correct,45,1.2018330599999985,1.2018330599999985,1.2018330599999985,1.2018330599999985,TRUE
166054,20,righth,1,no,0,"""0-1""",24,225,229.9293957,2482,892,"{""last_x"": 668, ""sample_1_y"": 536, ""sample_1_time"": 225, ""sample_0_y"": 490, ""sample_1_x"": 801, ""sample_2_time"": 450, ""sample_4_y"": 712, ""first_y"": 490, ""sample_4_x"": 668, ""count"": 107, ""first_x"": 847, ""sample_0_time"": 8, ""sample_2_y"": 602, ""first_time"": 8, ""sample_3_time"": 675, ""sample_4_time"": 891, ""sample_3_x"": 703, ""sample_3_y"": 668, ""last_y"": 712, ""sample_2_x"": 752, ""sample_0_x"": 847, ""last_time"": 891}",Q3 (180-270<U+00B0>),Q3 (180-270<U+00B0>),TRUE,TRUE,Correct,225,4.929395699999986,4.929395699999986,4.929395699999986,4.929395699999986,TRUE
166054,20,righth,1,no,0,"""0-1""",25,45,136.4688007,3032,758,"{""sample_1_time"": 192, ""sample_0_x"": 842, ""first_x"": 842, ""sample_4_time"": 758, ""count"": 91, ""last_y"": 270, ""sample_3_y"": 306, ""sample_3_time"": 575, ""sample_1_y"": 425, ""sample_0_y"": 481, ""sample_2_time"": 383, ""sample_0_time"": 8, ""sample_3_x"": 678, ""last_time"": 758, ""first_time"": 8, ""sample_4_y"": 270, ""sample_1_x"": 783, ""sample_2_x"": 728, ""sample_2_y"": 363, ""last_x"": 644, ""first_y"": 481, ""sample_4_x"": 644}",Q1 (0-90<U+00B0>),Q2 (90-180<U+00B0>),FALSE,TRUE,Formant,135,1.4688007000000027,1.4688007000000027,91.4688007,91.4688007,FALSE
166054,20,righth,1,no,0,"""0-1""",26,45,132.4640819,3040,700,"{""sample_3_y"": 284, ""sample_0_x"": 845, ""sample_4_time"": 699, ""sample_1_x"": 763, ""sample_2_x"": 715, ""sample_0_y"": 462, ""last_y"": 255, ""sample_4_y"": 255, ""last_time"": 699, ""sample_2_y"": 323, ""count"": 84, ""first_time"": 6, ""sample_4_x"": 659, ""sample_2_time"": 356, ""sample_1_y"": 378, ""sample_3_time"": 532, ""first_y"": 462, ""sample_0_time"": 6, ""first_x"": 845, ""sample_3_x"": 682, ""sample_1_time"": 182, ""last_x"": 659}",Q1 (0-90<U+00B0>),Q2 (90-180<U+00B0>),FALSE,TRUE,Formant,135,2.5359181000000035,2.5359181000000035,87.4640819,87.4640819,FALSE
166054,20,righth,1,no,0,"""0-1""",27,45,45,2515,932,"{""first_y"": 471, ""sample_2_y"": 361, ""sample_3_x"": 1035, ""first_time"": 8, ""sample_1_y"": 420, ""sample_3_y"": 312, ""last_time"": 932, ""sample_4_y"": 264, ""count"": 112, ""sample_4_time"": 932, ""sample_2_time"": 475, ""sample_4_x"": 1079, ""sample_1_time"": 241, ""sample_3_time"": 708, ""sample_2_x"": 990, ""sample_0_time"": 8, ""sample_1_x"": 936, ""sample_0_y"": 471, ""last_y"": 264, ""first_x"": 883, ""last_x"": 1079, ""sample_0_x"": 883}",Q1 (0-90<U+00B0>),Q1 (0-90<U+00B0>),TRUE,TRUE,Correct,45,0,0,0,0,TRUE
166054,20,righth,1,no,0,"""0-1""",28,135,317.8024515,2490,842,"{""sample_4_time"": 842, ""last_y"": 683, ""first_x"": 883, ""count"": 101, ""sample_3_y"": 648, ""sample_0_time"": 8, ""sample_3_time"": 633, ""sample_2_time"": 425, ""sample_2_x"": 1038, ""sample_0_y"": 488, ""sample_4_y"": 683, ""first_y"": 488, ""sample_4_x"": 1089, ""sample_1_time"": 216, ""last_x"": 1089, ""first_time"": 8, ""sample_2_y"": 615, ""sample_0_x"": 883, ""sample_3_x"": 1066, ""last_time"": 842, ""sample_1_x"": 976, ""sample_1_y"": 561}",Q2 (90-180<U+00B0>),Q4 (270-360<U+00B0>),FALSE,FALSE,Both,315,2.802451500000018,2.802451500000018,182.80245150000002,177.19754849999998,FALSE
166054,20,righth,1,no,0,"""0-1""",29,225,228.8316395,2707,950,"{""sample_2_time"": 484, ""first_time"": 8, ""sample_0_y"": 499, ""sample_1_time"": 242, ""sample_3_x"": 704, ""sample_4_x"": 662, ""sample_4_y"": 710, ""sample_0_time"": 8, ""sample_1_x"": 806, ""last_x"": 662, ""sample_0_x"": 853, ""sample_2_x"": 747, ""last_time"": 949, ""last_y"": 710, ""sample_2_y"": 617, ""first_x"": 853, ""sample_4_time"": 949, ""sample_3_y"": 659, ""first_y"": 499, ""sample_1_y"": 556, ""sample_3_time"": 717, ""count"": 114}",Q3 (180-270<U+00B0>),Q3 (180-270<U+00B0>),TRUE,TRUE,Correct,225,3.8316394999999943,3.8316394999999943,3.8316394999999943,3.8316394999999943,TRUE
166054,20,righth,1,no,0,"""0-1""",30,225,225.3988041,2323,1208,"{""first_x"": 874, ""sample_0_y"": 498, ""sample_2_time"": 608, ""sample_1_time"": 308, ""sample_1_y"": 627, ""count"": 145, ""sample_3_time"": 908, ""last_y"": 696, ""sample_0_time"": 7, ""sample_3_x"": 803, ""sample_2_y"": 722, ""sample_2_x"": 883, ""first_time"": 7, ""first_y"": 498, ""sample_4_y"": 696, ""sample_1_x"": 879, ""sample_4_time"": 1208, ""sample_0_x"": 874, ""sample_4_x"": 650, ""last_x"": 650, ""last_time"": 1208, ""sample_3_y"": 619}",Q3 (180-270<U+00B0>),Q3 (180-270<U+00B0>),TRUE,TRUE,Correct,225,0.39880410000000666,0.39880410000000666,0.39880410000000666,0.39880410000000666,TRUE
166054,20,righth,1,no,0,"""0-1""",31,225,266.4118933,2053,4216,"{""sample_0_time"": 7, ""last_x"": 845, ""sample_2_y"": 686, ""sample_1_x"": 1065, ""first_time"": 7, ""last_time"": 4216, ""last_y"": 782, ""sample_0_x"": 882, ""sample_4_y"": 782, ""count"": 415, ""sample_1_y"": 654, ""sample_0_y"": 474, ""sample_2_time"": 1733, ""sample_3_y"": 462, ""first_y"": 474, ""sample_4_time"": 4216, ""sample_3_x"": 747, ""sample_4_x"": 845, ""sample_3_time"": 2750, ""sample_1_time"": 867, ""sample_2_x"": 660, ""first_x"": 882}",Q3 (180-270<U+00B0>),Q3 (180-270<U+00B0>),TRUE,TRUE,Correct,225,41.411893299999974,41.411893299999974,41.411893299999974,41.411893299999974,TRUE
166054,20,righth,1,no,0,"""0-1""",32,135,114.459537,2115,550,"{""sample_2_time"": 283, ""first_y"": 465, ""sample_3_y"": 239, ""sample_0_y"": 465, ""sample_1_y"": 406, ""count"": 66, ""sample_2_x"": 785, ""sample_4_time"": 550, ""sample_1_time"": 141, ""sample_2_y"": 314, ""last_y"": 202, ""last_x"": 738, ""sample_4_x"": 738, ""sample_3_time"": 416, ""sample_4_y"": 202, ""first_time"": 8, ""first_x"": 846, ""sample_3_x"": 753, ""sample_1_x"": 813, ""sample_0_x"": 846, ""last_time"": 550, ""sample_0_time"": 8}",Q2 (90-180<U+00B0>),Q2 (90-180<U+00B0>),TRUE,TRUE,Correct,135,20.540463000000003,20.540463000000003,20.540463000000003,20.540463000000003,TRUE
166054,20,righth,1,no,0,"""0-1""",33,135,137.5359181,2451,650,"{""first_x"": 841, ""sample_4_time"": 649, ""last_time"": 649, ""sample_2_y"": 355, ""sample_2_x"": 708, ""sample_1_time"": 166, ""count"": 78, ""last_x"": 640, ""sample_4_y"": 274, ""sample_1_x"": 759, ""sample_0_y"": 471, ""first_time"": 8, ""sample_0_x"": 841, ""last_y"": 274, ""sample_1_y"": 410, ""sample_0_time"": 8, ""sample_3_time"": 491, ""first_y"": 471, ""sample_3_x"": 661, ""sample_4_x"": 640, ""sample_2_time"": 333, ""sample_3_y"": 300}",Q2 (90-180<U+00B0>),Q2 (90-180<U+00B0>),TRUE,TRUE,Correct,135,2.5359181000000035,2.5359181000000035,2.5359181000000035,2.5359181000000035,TRUE
166054,20,righth,1,no,0,"""0-1""",34,315,224.6011959,2557,1175,"{""sample_1_time"": 300, ""last_time"": 1175, ""sample_0_time"": 8, ""sample_2_y"": 605, ""count"": 141, ""sample_1_y"": 549, ""sample_2_x"": 731, ""sample_0_x"": 849, ""first_y"": 494, ""last_x"": 647, ""sample_2_time"": 592, ""sample_3_x"": 691, ""sample_1_x"": 792, ""sample_4_y"": 693, ""first_time"": 8, ""sample_4_x"": 647, ""sample_3_y"": 647, ""first_x"": 849, ""sample_0_y"": 494, ""sample_3_time"": 883, ""sample_4_time"": 1175, ""last_y"": 693}",Q4 (270-360<U+00B0>),Q3 (180-270<U+00B0>),FALSE,TRUE,Formant,225,0.39880410000000666,0.39880410000000666,90.3988041,90.3988041,FALSE
166054,20,righth,1,no,0,"""0-1""",35,315,306.7193178,2707,1836,"{""sample_2_y"": 619, ""sample_4_time"": 1836, ""sample_0_y"": 469, ""sample_2_time"": 945, ""sample_4_x"": 1046, ""last_x"": 1046, ""sample_0_x"": 882, ""sample_3_time"": 1387, ""first_time"": 5, ""sample_3_x"": 1010, ""sample_3_y"": 684, ""sample_1_y"": 529, ""sample_1_time"": 504, ""last_time"": 1836, ""first_x"": 882, ""sample_2_x"": 975, ""last_y"": 723, ""count"": 212, ""sample_4_y"": 723, ""first_y"": 469, ""sample_0_time"": 5, ""sample_1_x"": 932}",Q4 (270-360<U+00B0>),Q4 (270-360<U+00B0>),TRUE,TRUE,Correct,315,8.280682200000001,8.280682200000001,8.280682200000001,8.280682200000001,TRUE
166054,20,righth,1,no,0,"""0-1""",36,315,313.5311993,2503,1100,"{""count"": 132, ""last_time"": 1099, ""sample_4_y"": 699, ""sample_2_time"": 558, ""sample_1_y"": 569, ""sample_1_time"": 283, ""first_time"": 8, ""sample_1_x"": 936, ""sample_3_x"": 1050, ""sample_3_y"": 673, ""sample_4_time"": 1099, ""sample_0_time"": 8, ""sample_0_x"": 871, ""first_y"": 497, ""sample_2_x"": 1000, ""sample_4_x"": 1073, ""sample_3_time"": 833, ""last_x"": 1073, ""first_x"": 871, ""sample_0_y"": 497, ""sample_2_y"": 627, ""last_y"": 699}",Q4 (270-360<U+00B0>),Q4 (270-360<U+00B0>),TRUE,TRUE,Correct,315,1.4688006999999743,1.4688006999999743,1.4688006999999743,1.4688006999999743,TRUE
166054,20,righth,1,no,0,"""0-1""",37,45,50.84248927,2390,801,"{""sample_4_x"": 1057, ""sample_0_y"": 459, ""sample_1_x"": 914, ""sample_3_x"": 1009, ""sample_4_time"": 800, ""sample_3_y"": 290, ""sample_4_y"": 242, ""sample_0_x"": 876, ""sample_2_x"": 956, ""first_x"": 876, ""last_time"": 800, ""last_y"": 242, ""sample_0_time"": 8, ""count"": 96, ""last_x"": 1057, ""first_time"": 8, ""sample_3_time"": 608, ""sample_1_y"": 406, ""sample_1_time"": 208, ""sample_2_time"": 408, ""sample_2_y"": 354, ""first_y"": 459}",Q1 (0-90<U+00B0>),Q1 (0-90<U+00B0>),TRUE,TRUE,Correct,45,5.8424892700000015,5.8424892700000015,5.8424892700000015,5.8424892700000015,TRUE
166054,20,righth,1,no,0,"""0-1""",38,225,231.516035,2891,840,"{""sample_3_y"": 658, ""sample_0_y"": 492, ""sample_3_x"": 704, ""sample_4_y"": 718, ""count"": 101, ""sample_1_x"": 798, ""sample_2_time"": 424, ""sample_0_time"": 8, ""sample_4_x"": 674, ""sample_1_time"": 216, ""sample_2_x"": 746, ""sample_3_time"": 633, ""last_x"": 674, ""first_time"": 8, ""first_x"": 845, ""sample_4_time"": 840, ""sample_0_x"": 845, ""last_time"": 840, ""first_y"": 492, ""last_y"": 718, ""sample_2_y"": 591, ""sample_1_y"": 526}",Q3 (180-270<U+00B0>),Q3 (180-270<U+00B0>),TRUE,TRUE,Correct,225,6.516034999999988,6.516034999999988,6.516034999999988,6.516034999999988,TRUE
166054,20,righth,1,no,0,"""0-1""",39,45,134.7335099,2332,600,"{""sample_2_y"": 329, ""sample_1_x"": 778, ""first_y"": 469, ""count"": 72, ""last_time"": 600, ""sample_1_y"": 403, ""sample_4_time"": 600, ""sample_2_x"": 711, ""sample_4_y"": 263, ""sample_3_x"": 669, ""sample_0_time"": 8, ""sample_0_x"": 845, ""sample_1_time"": 158, ""last_y"": 263, ""sample_4_x"": 650, ""sample_0_y"": 469, ""first_x"": 845, ""sample_3_time"": 458, ""sample_2_time"": 308, ""first_time"": 8, ""sample_3_y"": 283, ""last_x"": 650}",Q1 (0-90<U+00B0>),Q2 (90-180<U+00B0>),FALSE,TRUE,Formant,135,0.2664900999999986,0.2664900999999986,89.7335099,89.7335099,FALSE
166054,20,righth,1,no,0,"""0-1""",40,225,231.9594221,2573,934,"{""sample_4_time"": 933, ""sample_3_y"": 674, ""sample_1_time"": 242, ""sample_2_y"": 619, ""sample_3_x"": 699, ""sample_0_time"": 9, ""sample_1_y"": 543, ""sample_0_y"": 491, ""last_y"": 718, ""sample_4_y"": 718, ""first_y"": 491, ""sample_3_time"": 709, ""last_time"": 933, ""sample_2_x"": 731, ""sample_2_time"": 474, ""sample_4_x"": 677, ""count"": 112, ""sample_1_x"": 791, ""sample_0_x"": 846, ""last_x"": 677, ""first_time"": 9, ""first_x"": 846}",Q3 (180-270<U+00B0>),Q3 (180-270<U+00B0>),TRUE,TRUE,Correct,225,6.959422100000012,6.959422100000012,6.959422100000012,6.959422100000012,TRUE
166054,20,righth,1,no,0,"""0-1""",41,315,317.9288582,2892,1025,"{""sample_4_y"": 683, ""sample_4_x"": 1090, ""first_x"": 886, ""sample_1_y"": 542, ""sample_3_x"": 1056, ""sample_2_x"": 1017, ""last_time"": 1024, ""sample_1_x"": 961, ""sample_0_y"": 485, ""first_time"": 7, ""sample_3_y"": 645, ""sample_0_time"": 7, ""last_x"": 1090, ""sample_2_time"": 516, ""sample_4_time"": 1024, ""last_y"": 683, ""sample_2_y"": 605, ""sample_0_x"": 886, ""first_y"": 485, ""sample_3_time"": 773, ""sample_1_time"": 257, ""count"": 123}",Q4 (270-360<U+00B0>),Q4 (270-360<U+00B0>),TRUE,TRUE,Correct,315,2.928858199999979,2.928858199999979,2.928858199999979,2.928858199999979,TRUE
166054,20,righth,1,no,0,"""0-1""",42,225,228.4601832,4014,726,"{""sample_2_time"": 367, ""sample_4_y"": 707, ""sample_0_y"": 486, ""last_time"": 725, ""sample_3_y"": 656, ""sample_1_x"": 764, ""first_x"": 843, ""sample_3_time"": 550, ""first_time"": 9, ""sample_3_x"": 692, ""sample_1_time"": 183, ""first_y"": 486, ""sample_2_x"": 720, ""sample_4_time"": 725, ""sample_4_x"": 662, ""sample_1_y"": 561, ""count"": 87, ""last_x"": 662, ""sample_2_y"": 618, ""sample_0_time"": 9, ""sample_0_x"": 843, ""last_y"": 707}",Q3 (180-270<U+00B0>),Q3 (180-270<U+00B0>),TRUE,TRUE,Correct,225,3.460183199999989,3.460183199999989,3.460183199999989,3.460183199999989,TRUE
166054,20,righth,1,no,0,"""0-1""",43,315,317.5241658,2298,708,"{""sample_3_y"": 653, ""sample_1_time"": 183, ""sample_2_time"": 358, ""first_x"": 884, ""sample_2_y"": 616, ""first_time"": 8, ""sample_1_y"": 557, ""last_x"": 1089, ""sample_0_x"": 884, ""count"": 85, ""last_time"": 708, ""sample_0_y"": 491, ""sample_1_x"": 949, ""last_y"": 685, ""sample_2_x"": 1010, ""first_y"": 491, ""sample_4_y"": 685, ""sample_3_x"": 1054, ""sample_0_time"": 8, ""sample_3_time"": 533, ""sample_4_x"": 1089, ""sample_4_time"": 708}",Q4 (270-360<U+00B0>),Q4 (270-360<U+00B0>),TRUE,TRUE,Correct,315,2.5241657999999916,2.5241657999999916,2.5241657999999916,2.5241657999999916,TRUE
166054,20,righth,1,no,0,"""0-1""",44,225,50.57863626,2265,626,"{""sample_2_y"": 341, ""sample_3_y"": 293, ""sample_3_x"": 1007, ""first_x"": 873, ""sample_1_y"": 393, ""sample_0_time"": 8, ""first_y"": 454, ""first_time"": 8, ""count"": 75, ""sample_0_y"": 454, ""sample_4_x"": 1058, ""sample_4_y"": 243, ""sample_3_time"": 475, ""sample_1_x"": 919, ""sample_2_time"": 316, ""last_x"": 1058, ""sample_2_x"": 960, ""last_y"": 243, ""sample_0_x"": 873, ""sample_4_time"": 626, ""sample_1_time"": 159, ""last_time"": 626}",Q3 (180-270<U+00B0>),Q1 (0-90<U+00B0>),FALSE,FALSE,Both,45,5.578636260000003,5.578636260000003,174.42136374,174.42136374,FALSE
166054,20,righth,1,no,0,"""0-1""",45,135,136.3322199,2715,517,"{""sample_3_x"": 664, ""sample_4_y"": 269, ""count"": 62, ""sample_4_x"": 644, ""sample_2_y"": 332, ""first_time"": 9, ""sample_1_y"": 387, ""sample_0_x"": 844, ""first_y"": 471, ""last_x"": 644, ""sample_2_time"": 267, ""sample_0_y"": 471, ""sample_0_time"": 9, ""last_time"": 517, ""sample_3_y"": 298, ""sample_3_time"": 392, ""sample_4_time"": 517, ""sample_1_x"": 749, ""first_x"": 844, ""last_y"": 269, ""sample_1_time"": 133, ""sample_2_x"": 691}",Q2 (90-180<U+00B0>),Q2 (90-180<U+00B0>),TRUE,TRUE,Correct,135,1.3322199000000126,1.3322199000000126,1.3322199000000126,1.3322199000000126,TRUE
166054,20,righth,1,no,0,"""0-1""",46,135,51.86369191,2723,392,"{""sample_4_x"": 1054, ""last_x"": 1054, ""sample_2_y"": 352, ""first_y"": 452, ""sample_4_time"": 392, ""sample_3_time"": 300, ""sample_2_time"": 200, ""sample_3_y"": 306, ""last_y"": 237, ""sample_4_y"": 237, ""count"": 47, ""sample_0_x"": 866, ""first_x"": 866, ""sample_2_x"": 940, ""sample_1_time"": 100, ""sample_1_x"": 902, ""sample_0_time"": 9, ""sample_1_y"": 391, ""first_time"": 9, ""sample_0_y"": 452, ""sample_3_x"": 985, ""last_time"": 392}",Q2 (90-180<U+00B0>),Q1 (0-90<U+00B0>),FALSE,TRUE,Formant,45,6.86369191,6.86369191,83.13630809,83.13630809,FALSE
166054,20,righth,1,no,0,"""0-1""",47,45,225.2664901,3223,591,"{""sample_2_y"": 603, ""sample_4_x"": 650, ""sample_3_y"": 643, ""last_y"": 695, ""sample_3_x"": 691, ""sample_1_y"": 546, ""first_x"": 842, ""last_time"": 590, ""sample_0_x"": 842, ""first_y"": 485, ""sample_4_y"": 695, ""sample_0_time"": 8, ""last_x"": 650, ""sample_4_time"": 590, ""sample_0_y"": 485, ""sample_1_time"": 148, ""sample_2_x"": 731, ""sample_2_time"": 300, ""count"": 71, ""sample_3_time"": 449, ""sample_1_x"": 785, ""first_time"": 8}",Q1 (0-90<U+00B0>),Q3 (180-270<U+00B0>),FALSE,FALSE,Both,225,0.2664900999999986,0.2664900999999986,180.2664901,179.7335099,FALSE
166054,20,righth,1,no,0,"""0-1""",48,315,318.3351429,2865,825,"{""sample_1_y"": 567, ""sample_0_time"": 9, ""last_y"": 681, ""sample_2_x"": 1024, ""count"": 99, ""last_time"": 825, ""sample_1_x"": 977, ""first_y"": 489, ""sample_0_x"": 886, ""sample_4_time"": 825, ""sample_2_y"": 611, ""sample_3_x"": 1057, ""sample_1_time"": 209, ""sample_3_y"": 643, ""sample_4_y"": 681, ""sample_3_time"": 625, ""first_time"": 9, ""sample_2_time"": 416, ""first_x"": 886, ""sample_4_x"": 1091, ""sample_0_y"": 489, ""last_x"": 1091}",Q4 (270-360<U+00B0>),Q4 (270-360<U+00B0>),TRUE,TRUE,Correct,315,3.335142899999994,3.335142899999994,3.335142899999994,3.335142899999994,TRUE
166054,20,righth,1,no,0,"""0-1""",49,225,220.7241589,2757,625,"{""sample_4_time"": 625, ""first_time"": 9, ""sample_0_y"": 492, ""last_x"": 634, ""count"": 75, ""sample_1_time"": 158, ""sample_0_time"": 9, ""sample_1_x"": 752, ""sample_2_time"": 317, ""sample_1_y"": 554, ""sample_3_y"": 630, ""sample_2_y"": 587, ""last_time"": 625, ""last_y"": 677, ""sample_3_x"": 667, ""sample_4_y"": 677, ""sample_4_x"": 634, ""sample_0_x"": 846, ""sample_2_x"": 703, ""sample_3_time"": 475, ""first_y"": 492, ""first_x"": 846}",Q3 (180-270<U+00B0>),Q3 (180-270<U+00B0>),TRUE,TRUE,Correct,225,4.275841100000008,4.275841100000008,4.275841100000008,4.275841100000008,TRUE
166054,20,righth,1,no,0,"""0-1""",50,45,134.7347437,2496,467,"{""last_x"": 649, ""sample_0_y"": 452, ""sample_4_y"": 262, ""sample_1_x"": 765, ""last_y"": 262, ""sample_0_x"": 851, ""count"": 56, ""sample_3_time"": 358, ""sample_3_y"": 289, ""first_x"": 851, ""first_y"": 452, ""sample_1_y"": 367, ""sample_2_y"": 321, ""last_time"": 467, ""sample_3_x"": 680, ""sample_2_time"": 242, ""sample_1_time"": 125, ""sample_2_x"": 713, ""sample_4_x"": 649, ""first_time"": 8, ""sample_4_time"": 467, ""sample_0_time"": 8}",Q1 (0-90<U+00B0>),Q2 (90-180<U+00B0>),FALSE,TRUE,Formant,135,0.26525630000000433,0.26525630000000433,89.7347437,89.7347437,FALSE
166054,20,righth,1,no,0,"""0-1""",51,135,138.5680963,2374,458,"{""sample_0_x"": 842, ""sample_2_y"": 380, ""first_time"": 7, ""sample_2_time"": 232, ""sample_1_y"": 418, ""sample_3_time"": 349, ""count"": 55, ""sample_4_y"": 276, ""sample_2_x"": 739, ""last_x"": 634, ""first_y"": 463, ""sample_4_time"": 458, ""sample_0_y"": 463, ""first_x"": 842, ""last_time"": 458, ""sample_1_time"": 115, ""sample_0_time"": 7, ""last_y"": 276, ""sample_3_x"": 671, ""sample_3_y"": 323, ""sample_4_x"": 634, ""sample_1_x"": 792}",Q2 (90-180<U+00B0>),Q2 (90-180<U+00B0>),TRUE,TRUE,Correct,135,3.5680963000000077,3.5680963000000077,3.5680963000000077,3.5680963000000077,TRUE
166054,20,righth,1,no,0,"""0-1""",52,135,131.9311364,2599,692,"{""sample_2_time"": 350, ""count"": 83, ""last_time"": 692, ""sample_4_time"": 692, ""sample_4_x"": 661, ""sample_2_x"": 741, ""sample_0_x"": 848, ""first_x"": 848, ""first_y"": 457, ""sample_3_x"": 704, ""sample_1_y"": 393, ""last_y"": 253, ""sample_2_y"": 337, ""sample_4_y"": 253, ""sample_1_x"": 767, ""sample_0_y"": 457, ""sample_3_time"": 525, ""sample_0_time"": 9, ""first_time"": 9, ""sample_3_y"": 291, ""sample_1_time"": 175, ""last_x"": 661}",Q2 (90-180<U+00B0>),Q2 (90-180<U+00B0>),TRUE,TRUE,Correct,135,3.068863599999986,3.068863599999986,3.068863599999986,3.068863599999986,TRUE
166054,20,righth,1,no,0,"""0-1""",53,135,118.0835822,2456,434,"{""last_y"": 211, ""sample_3_y"": 279, ""last_time"": 433, ""sample_1_y"": 411, ""first_x"": 861, ""sample_2_time"": 225, ""sample_2_y"": 350, ""last_x"": 721, ""sample_4_x"": 721, ""sample_3_x"": 781, ""sample_1_x"": 854, ""sample_3_time"": 334, ""sample_0_x"": 861, ""sample_0_time"": 9, ""first_y"": 453, ""sample_2_x"": 833, ""sample_4_y"": 211, ""sample_4_time"": 433, ""sample_1_time"": 117, ""count"": 52, ""sample_0_y"": 453, ""first_time"": 9}",Q2 (90-180<U+00B0>),Q2 (90-180<U+00B0>),TRUE,TRUE,Correct,135,16.916417800000005,16.916417800000005,16.916417800000005,16.916417800000005,TRUE
166054,20,righth,1,no,0,"""0-1""",54,315,315.6646544,2423,434,"{""last_x"": 1082, ""sample_4_y"": 692, ""sample_2_x"": 1001, ""last_time"": 433, ""first_x"": 878, ""sample_0_x"": 878, ""sample_1_x"": 939, ""sample_3_y"": 669, ""first_time"": 8, ""first_y"": 499, ""sample_2_y"": 631, ""sample_3_x"": 1047, ""sample_0_time"": 8, ""sample_3_time"": 333, ""sample_4_x"": 1082, ""last_y"": 692, ""sample_0_y"": 499, ""sample_2_time"": 225, ""count"": 52, ""sample_1_time"": 117, ""sample_1_y"": 566, ""sample_4_time"": 433}",Q4 (270-360<U+00B0>),Q4 (270-360<U+00B0>),TRUE,TRUE,Correct,315,0.6646544000000176,0.6646544000000176,0.6646544000000176,0.6646544000000176,TRUE
166054,20,righth,1,no,0,"""0-1""",55,135,44.07382096,2366,417,"{""sample_4_y"": 266, ""sample_1_y"": 381, ""first_y"": 456, ""sample_0_x"": 882, ""sample_0_time"": 7, ""sample_4_time"": 416, ""sample_2_y"": 336, ""sample_2_x"": 1007, ""first_time"": 7, ""sample_0_y"": 456, ""sample_3_y"": 305, ""sample_4_x"": 1084, ""count"": 50, ""first_x"": 882, ""last_x"": 1084, ""sample_3_x"": 1045, ""sample_1_time"": 108, ""last_time"": 416, ""sample_3_time"": 316, ""sample_1_x"": 956, ""sample_2_time"": 216, ""last_y"": 266}",Q2 (90-180<U+00B0>),Q1 (0-90<U+00B0>),FALSE,TRUE,Formant,45,0.926179040000001,0.926179040000001,90.92617904,90.92617904,FALSE
166054,20,righth,1,no,0,"""0-1""",56,225,223.934155,2340,400,"{""count"": 48, ""sample_2_x"": 747, ""sample_0_time"": 8, ""sample_4_y"": 690, ""sample_3_y"": 630, ""sample_2_y"": 563, ""last_x"": 645, ""first_time"": 8, ""sample_1_y"": 518, ""sample_1_time"": 108, ""sample_0_y"": 481, ""sample_0_x"": 841, ""sample_2_time"": 208, ""last_y"": 690, ""sample_3_time"": 308, ""sample_4_x"": 645, ""last_time"": 400, ""sample_3_x"": 688, ""sample_4_time"": 400, ""first_y"": 481, ""sample_1_x"": 795, ""first_x"": 841}",Q3 (180-270<U+00B0>),Q3 (180-270<U+00B0>),TRUE,TRUE,Correct,225,1.065844999999996,1.065844999999996,1.065844999999996,1.065844999999996,TRUE
166054,20,righth,1,no,0,"""0-1""",57,45,131.1327422,3689,908,"{""sample_1_y"": 461, ""first_time"": 8, ""last_y"": 250, ""sample_2_y"": 391, ""last_time"": 907, ""count"": 62, ""sample_2_time"": 658, ""first_x"": 847, ""sample_3_y"": 295, ""sample_4_time"": 907, ""last_x"": 664, ""sample_1_time"": 524, ""first_y"": 470, ""sample_0_time"": 8, ""sample_3_x"": 699, ""sample_4_y"": 250, ""sample_2_x"": 783, ""sample_4_x"": 664, ""sample_1_x"": 845, ""sample_0_x"": 847, ""sample_0_y"": 470, ""sample_3_time"": 783}",Q1 (0-90<U+00B0>),Q2 (90-180<U+00B0>),FALSE,TRUE,Formant,135,3.8672578000000044,3.8672578000000044,86.1327422,86.1327422,FALSE
166054,20,righth,1,no,0,"""0-1""",58,225,224.4670314,3353,925,"{""last_x"": 647, ""sample_2_x"": 758, ""last_time"": 925, ""sample_0_x"": 852, ""sample_1_time"": 234, ""sample_4_y"": 692, ""sample_2_time"": 467, ""sample_4_x"": 647, ""first_y"": 499, ""sample_3_y"": 639, ""count"": 111, ""first_time"": 8, ""first_x"": 852, ""sample_2_y"": 580, ""sample_3_x"": 699, ""sample_0_time"": 8, ""sample_3_time"": 700, ""sample_4_time"": 925, ""sample_0_y"": 499, ""last_y"": 692, ""sample_1_x"": 812, ""sample_1_y"": 533}",Q3 (180-270<U+00B0>),Q3 (180-270<U+00B0>),TRUE,TRUE,Correct,225,0.5329686000000038,0.5329686000000038,0.5329686000000038,0.5329686000000038,TRUE
166054,20,righth,1,no,0,"""0-1""",59,45,132.3369992,2665,942,"{""sample_4_y"": 254, ""sample_3_y"": 285, ""sample_3_time"": 708, ""sample_4_time"": 941, ""sample_0_x"": 857, ""sample_0_time"": 8, ""first_y"": 457, ""first_time"": 8, ""sample_0_y"": 457, ""last_y"": 254, ""sample_3_x"": 681, ""sample_1_time"": 241, ""sample_2_x"": 727, ""sample_1_x"": 778, ""sample_4_x"": 659, ""sample_1_y"": 375, ""count"": 113, ""first_x"": 857, ""last_time"": 941, ""sample_2_y"": 328, ""sample_2_time"": 475, ""last_x"": 659}",Q1 (0-90<U+00B0>),Q2 (90-180<U+00B0>),FALSE,TRUE,Formant,135,2.663000799999992,2.663000799999992,87.33699920000001,87.33699920000001,FALSE
166054,20,righth,1,no,0,"""0-1""",60,135,38.51394355,3099,508,"{""sample_3_y"": 360, ""sample_4_y"": 288, ""sample_4_x"": 1104, ""last_time"": 508, ""sample_2_x"": 986, ""sample_2_time"": 259, ""sample_3_x"": 1040, ""sample_1_time"": 133, ""sample_1_y"": 444, ""sample_1_x"": 920, ""last_y"": 288, ""sample_2_y"": 405, ""sample_4_time"": 508, ""sample_3_time"": 384, ""last_x"": 1104, ""first_time"": 8, ""first_y"": 464, ""count"": 61, ""sample_0_time"": 8, ""first_x"": 881, ""sample_0_y"": 464, ""sample_0_x"": 881}",Q2 (90-180<U+00B0>),Q1 (0-90<U+00B0>),FALSE,TRUE,Formant,45,6.4860564499999995,6.4860564499999995,96.48605645,96.48605645,FALSE
166054,20,righth,1,no,0,"""0-1""",61,45,48.79667028,2815,434,"{""sample_3_x"": 1015, ""count"": 52, ""sample_0_time"": 9, ""last_y"": 246, ""last_time"": 433, ""sample_1_y"": 409, ""sample_1_x"": 921, ""sample_3_y"": 303, ""sample_0_y"": 458, ""sample_3_time"": 334, ""sample_0_x"": 877, ""sample_1_time"": 116, ""sample_4_x"": 1068, ""sample_2_y"": 355, ""sample_2_x"": 968, ""sample_2_time"": 226, ""first_y"": 458, ""first_time"": 9, ""sample_4_y"": 246, ""last_x"": 1068, ""sample_4_time"": 433, ""first_x"": 877}",Q1 (0-90<U+00B0>),Q1 (0-90<U+00B0>),TRUE,TRUE,Correct,45,3.7966702800000007,3.7966702800000007,3.7966702800000007,3.7966702800000007,TRUE
166054,20,righth,1,no,0,"""0-1""",62,225,313.2723448,2456,667,"{""sample_2_time"": 342, ""last_y"": 701, ""sample_2_y"": 596, ""sample_0_y"": 491, ""sample_1_y"": 546, ""sample_2_x"": 975, ""first_x"": 884, ""count"": 80, ""sample_1_time"": 175, ""sample_0_time"": 8, ""sample_3_x"": 1027, ""last_x"": 1073, ""last_time"": 666, ""first_y"": 491, ""sample_4_time"": 666, ""sample_4_y"": 701, ""first_time"": 8, ""sample_1_x"": 928, ""sample_4_x"": 1073, ""sample_0_x"": 884, ""sample_3_y"": 648, ""sample_3_time"": 508}",Q3 (180-270<U+00B0>),Q4 (270-360<U+00B0>),FALSE,TRUE,Formant,315,1.7276552000000152,1.7276552000000152,88.27234479999998,88.27234479999998,FALSE
166054,20,righth,1,no,0,"""0-1""",63,45,138.7256282,2807,542,"{""last_y"": 278, ""sample_4_time"": 542, ""sample_4_x"": 635, ""sample_1_x"": 817, ""sample_4_y"": 278, ""last_time"": 542, ""first_time"": 8, ""first_y"": 459, ""sample_2_time"": 275, ""sample_2_x"": 754, ""sample_1_y"": 427, ""sample_1_time"": 142, ""sample_0_y"": 459, ""sample_0_time"": 8, ""sample_3_x"": 684, ""sample_0_x"": 854, ""count"": 65, ""sample_3_y"": 314, ""first_x"": 854, ""sample_3_time"": 408, ""last_x"": 635, ""sample_2_y"": 374}",Q1 (0-90<U+00B0>),Q2 (90-180<U+00B0>),FALSE,TRUE,Formant,135,3.7256281999999885,3.7256281999999885,93.72562819999999,93.72562819999999,FALSE
166054,20,righth,1,no,0,"""0-1""",64,45,45.53296862,2523,567,"{""sample_0_y"": 476, ""sample_4_y"": 262, ""sample_4_time"": 567, ""sample_3_time"": 433, ""sample_1_time"": 150, ""sample_0_time"": 8, ""sample_1_x"": 924, ""sample_4_x"": 1077, ""last_time"": 567, ""count"": 68, ""last_x"": 1077, ""sample_3_y"": 294, ""sample_1_y"": 436, ""sample_2_time"": 291, ""first_y"": 476, ""first_x"": 884, ""sample_3_x"": 1053, ""last_y"": 262, ""first_time"": 8, ""sample_2_y"": 355, ""sample_2_x"": 1002, ""sample_0_x"": 884}",Q1 (0-90<U+00B0>),Q1 (0-90<U+00B0>),TRUE,TRUE,Correct,45,0.5329686199999983,0.5329686199999983,0.5329686199999983,0.5329686199999983,TRUE
166054,20,righth,1,no,0,"""0-1""",65,225,225.5280567,3041,450,"{""last_y"": 698, ""sample_2_time"": 233, ""last_x"": 649, ""sample_0_x"": 842, ""sample_1_time"": 116, ""sample_1_y"": 560, ""sample_3_x"": 665, ""sample_3_time"": 341, ""sample_2_y"": 619, ""first_y"": 499, ""sample_2_x"": 708, ""sample_4_y"": 698, ""sample_1_x"": 776, ""sample_4_x"": 649, ""sample_4_time"": 449, ""last_time"": 449, ""sample_0_time"": 8, ""first_x"": 842, ""sample_3_y"": 674, ""count"": 54, ""sample_0_y"": 499, ""first_time"": 8}",Q3 (180-270<U+00B0>),Q3 (180-270<U+00B0>),TRUE,TRUE,Correct,225,0.5280567000000076,0.5280567000000076,0.5280567000000076,0.5280567000000076,TRUE
166054,20,righth,1,no,0,"""0-1""",66,225,309.2761837,3465,1259,"{""count"": 151, ""sample_0_y"": 498, ""first_y"": 498, ""sample_1_y"": 525, ""first_x"": 869, ""sample_3_time"": 949, ""sample_4_x"": 1057, ""sample_2_y"": 571, ""last_y"": 715, ""sample_1_x"": 897, ""last_x"": 1057, ""sample_4_time"": 1259, ""sample_0_time"": 8, ""sample_3_x"": 1007, ""sample_4_y"": 715, ""sample_0_x"": 869, ""first_time"": 8, ""sample_1_time"": 317, ""sample_2_time"": 633, ""sample_2_x"": 942, ""last_time"": 1259, ""sample_3_y"": 653}",Q3 (180-270<U+00B0>),Q4 (270-360<U+00B0>),FALSE,TRUE,Formant,315,5.72381630000001,5.72381630000001,84.27618369999999,84.27618369999999,FALSE
166054,20,righth,1,no,0,"""0-1""",67,45,137.2587555,2499,1733,"{""sample_1_x"": 800, ""sample_2_y"": 344, ""sample_1_time"": 541, ""sample_4_y"": 272, ""last_x"": 640, ""sample_0_y"": 464, ""sample_4_time"": 1733, ""last_y"": 272, ""sample_3_x"": 678, ""first_time"": 8, ""first_x"": 848, ""sample_0_x"": 848, ""sample_3_y"": 314, ""sample_2_x"": 705, ""first_y"": 464, ""count"": 191, ""sample_0_time"": 8, ""sample_4_x"": 640, ""sample_2_time"": 941, ""sample_3_time"": 1341, ""last_time"": 1733, ""sample_1_y"": 424}",Q1 (0-90<U+00B0>),Q2 (90-180<U+00B0>),FALSE,TRUE,Formant,135,2.2587555000000066,2.2587555000000066,92.2587555,92.2587555,FALSE
166054,20,righth,1,no,0,"""0-1""",68,135,134.3322473,2374,1200,"{""sample_2_x"": 766, ""last_time"": 1200, ""sample_2_time"": 608, ""sample_4_time"": 1200, ""sample_1_x"": 815, ""sample_4_x"": 652, ""first_y"": 469, ""last_y"": 262, ""last_x"": 652, ""sample_3_x"": 684, ""first_time"": 7, ""sample_3_y"": 299, ""sample_4_y"": 262, ""sample_3_time"": 908, ""count"": 144, ""sample_0_y"": 469, ""first_x"": 848, ""sample_0_time"": 7, ""sample_2_y"": 396, ""sample_1_time"": 308, ""sample_0_x"": 848, ""sample_1_y"": 448}",Q2 (90-180<U+00B0>),Q2 (90-180<U+00B0>),TRUE,TRUE,Correct,135,0.6677526999999941,0.6677526999999941,0.6677526999999941,0.6677526999999941,TRUE
166054,20,righth,1,no,0,"""0-1""",69,135,132.3369992,2281,1575,"{""sample_0_x"": 853, ""sample_2_time"": 800, ""first_x"": 853, ""sample_3_y"": 346, ""sample_4_x"": 659, ""sample_2_y"": 390, ""sample_4_time"": 1575, ""first_time"": 9, ""last_x"": 659, ""sample_3_x"": 731, ""sample_1_time"": 409, ""last_time"": 1575, ""sample_4_y"": 254, ""sample_0_time"": 9, ""sample_0_y"": 462, ""count"": 187, ""last_y"": 254, ""sample_2_x"": 780, ""sample_1_y"": 432, ""first_y"": 462, ""sample_3_time"": 1191, ""sample_1_x"": 818}",Q2 (90-180<U+00B0>),Q2 (90-180<U+00B0>),TRUE,TRUE,Correct,135,2.663000799999992,2.663000799999992,2.663000799999992,2.663000799999992,TRUE
166054,20,righth,1,no,0,"""0-1""",70,225,225.2664901,2759,1073,"{""first_time"": 8, ""sample_3_y"": 642, ""first_x"": 842, ""last_time"": 1073, ""sample_3_time"": 814, ""sample_1_y"": 537, ""sample_4_x"": 650, ""count"": 127, ""first_y"": 480, ""sample_0_y"": 480, ""sample_2_x"": 741, ""sample_1_time"": 281, ""sample_2_y"": 587, ""sample_4_y"": 695, ""last_y"": 695, ""last_x"": 650, ""sample_1_x"": 777, ""sample_2_time"": 547, ""sample_4_time"": 1073, ""sample_3_x"": 703, ""sample_0_time"": 8, ""sample_0_x"": 842}",Q3 (180-270<U+00B0>),Q3 (180-270<U+00B0>),TRUE,TRUE,Correct,225,0.2664900999999986,0.2664900999999986,0.2664900999999986,0.2664900999999986,TRUE
166054,20,righth,1,no,0,"""0-1""",71,225,225.2664901,2434,1277,"{""first_time"": 25, ""last_x"": 650, ""sample_0_x"": 839, ""count"": 151, ""sample_2_x"": 713, ""sample_4_time"": 1277, ""last_y"": 695, ""sample_3_x"": 687, ""sample_1_time"": 336, ""sample_0_time"": 25, ""sample_4_y"": 695, ""sample_3_y"": 643, ""sample_2_time"": 652, ""sample_0_y"": 496, ""sample_3_time"": 969, ""sample_2_y"": 611, ""last_time"": 1277, ""sample_1_y"": 552, ""first_x"": 839, ""first_y"": 496, ""sample_4_x"": 650, ""sample_1_x"": 770}",Q3 (180-270<U+00B0>),Q3 (180-270<U+00B0>),TRUE,TRUE,Correct,225,0.2664900999999986,0.2664900999999986,0.2664900999999986,0.2664900999999986,TRUE
166054,20,righth,1,no,0,"""0-1""",72,315,46.4619879,3024,2191,"{""sample_1_y"": 372, ""sample_2_x"": 1017, ""count"": 245, ""last_x"": 1074, ""first_x"": 873, ""sample_0_y"": 460, ""first_y"": 460, ""last_time"": 2191, ""sample_0_time"": 8, ""sample_1_x"": 968, ""sample_4_time"": 2191, ""sample_0_x"": 873, ""sample_2_time"": 1025, ""sample_2_y"": 322, ""sample_4_y"": 258, ""sample_3_time"": 1683, ""sample_3_y"": 510, ""sample_3_x"": 832, ""last_y"": 258, ""first_time"": 8, ""sample_1_time"": 516, ""sample_4_x"": 1074}",Q4 (270-360<U+00B0>),Q1 (0-90<U+00B0>),TRUE,FALSE,Frequency,45,1.461987899999997,1.461987899999997,268.5380121,91.4619879,FALSE
166054,20,righth,1,no,0,"""0-1""",73,45,47.26927481,2767,929,"{""first_y"": 462, ""last_time"": 928, ""sample_1_y"": 408, ""sample_0_x"": 880, ""sample_4_x"": 1070, ""sample_1_x"": 929, ""sample_4_time"": 928, ""last_y"": 256, ""first_time"": 9, ""sample_3_x"": 1028, ""count"": 111, ""sample_4_y"": 256, ""sample_2_y"": 351, ""sample_2_time"": 470, ""sample_2_x"": 980, ""sample_3_time"": 704, ""sample_1_time"": 237, ""sample_0_y"": 462, ""sample_3_y"": 299, ""first_x"": 880, ""last_x"": 1070, ""sample_0_time"": 9}",Q1 (0-90<U+00B0>),Q1 (0-90<U+00B0>),TRUE,TRUE,Correct,45,2.269274809999999,2.269274809999999,2.269274809999999,2.269274809999999,TRUE
166054,20,righth,1,no,0,"""0-1""",74,315,314.8676774,2544,2769,"{""sample_0_time"": 12, ""sample_4_y"": 696, ""sample_4_x"": 1080, ""sample_1_y"": 572, ""count"": 312, ""sample_2_y"": 640, ""sample_4_time"": 2769, ""sample_0_x"": 882, ""sample_0_y"": 489, ""sample_1_x"": 954, ""sample_3_y"": 535, ""first_y"": 489, ""first_x"": 882, ""sample_2_time"": 1318, ""last_y"": 696, ""sample_1_time"": 667, ""sample_3_x"": 914, ""first_time"": 12, ""sample_3_time"": 2011, ""sample_2_x"": 1009, ""last_x"": 1080, ""last_time"": 2769}",Q4 (270-360<U+00B0>),Q4 (270-360<U+00B0>),TRUE,TRUE,Correct,315,0.13232260000000906,0.13232260000000906,0.13232260000000906,0.13232260000000906,TRUE
166054,20,righth,1,no,0,"""0-1""",75,45,47.62640564,3106,1963,"{""sample_2_y"": 286, ""sample_3_time"": 1320, ""sample_0_y"": 471, ""sample_2_time"": 853, ""first_y"": 471, ""count"": 202, ""last_y"": 251, ""first_x"": 884, ""sample_1_time"": 429, ""last_x"": 1072, ""sample_2_x"": 1048, ""last_time"": 1963, ""first_time"": 7, ""sample_1_y"": 384, ""sample_4_y"": 251, ""sample_1_x"": 960, ""sample_0_time"": 7, ""sample_4_x"": 1072, ""sample_3_y"": 364, ""sample_3_x"": 968, ""sample_4_time"": 1963, ""sample_0_x"": 884}",Q1 (0-90<U+00B0>),Q1 (0-90<U+00B0>),TRUE,TRUE,Correct,45,2.6264056400000015,2.6264056400000015,2.6264056400000015,2.6264056400000015,TRUE
166054,20,righth,1,no,0,"""0-1""",76,135,134.7335099,2440,1592,"{""last_x"": 650, ""sample_1_y"": 379, ""sample_0_x"": 849, ""first_x"": 849, ""last_y"": 263, ""sample_2_time"": 825, ""sample_4_y"": 263, ""sample_3_x"": 702, ""sample_4_x"": 650, ""count"": 172, ""last_time"": 1592, ""sample_3_time"": 1242, ""sample_0_time"": 9, ""sample_3_y"": 324, ""sample_1_x"": 750, ""sample_4_time"": 1592, ""sample_1_time"": 375, ""first_time"": 9, ""sample_2_x"": 695, ""sample_2_y"": 327, ""first_y"": 463, ""sample_0_y"": 463}",Q2 (90-180<U+00B0>),Q2 (90-180<U+00B0>),TRUE,TRUE,Correct,135,0.2664900999999986,0.2664900999999986,0.2664900999999986,0.2664900999999986,TRUE
166054,20,righth,1,no,0,"""0-1""",77,315,220.1082278,2416,2324,"{""last_y"": 682, ""sample_3_y"": 458, ""first_y"": 494, ""last_time"": 2324, ""sample_3_x"": 912, ""last_x"": 623, ""sample_1_time"": 524, ""sample_2_y"": 612, ""first_time"": 8, ""sample_2_x"": 725, ""first_x"": 848, ""sample_4_time"": 2324, ""count"": 251, ""sample_4_y"": 682, ""sample_3_time"": 1749, ""sample_0_x"": 848, ""sample_1_y"": 569, ""sample_1_x"": 756, ""sample_4_x"": 623, ""sample_0_time"": 8, ""sample_2_time"": 1199, ""sample_0_y"": 494}",Q4 (270-360<U+00B0>),Q3 (180-270<U+00B0>),FALSE,TRUE,Formant,225,4.891772199999991,4.891772199999991,94.89177219999999,94.89177219999999,FALSE
166054,20,righth,1,no,0,"""0-1""",78,225,226.71968,3278,1683,"{""sample_2_y"": 610, ""last_time"": 1683, ""sample_2_time"": 616, ""sample_0_y"": 496, ""last_y"": 702, ""sample_0_x"": 844, ""last_x"": 654, ""sample_4_y"": 702, ""sample_3_y"": 666, ""sample_4_time"": 1683, ""sample_1_time"": 308, ""sample_0_time"": 8, ""sample_2_x"": 751, ""first_y"": 496, ""sample_1_y"": 566, ""sample_3_x"": 693, ""first_x"": 844, ""sample_4_x"": 654, ""sample_3_time"": 917, ""sample_1_x"": 788, ""count"": 146, ""first_time"": 8}",Q3 (180-270<U+00B0>),Q3 (180-270<U+00B0>),TRUE,TRUE,Correct,225,1.719680000000011,1.719680000000011,1.719680000000011,1.719680000000011,TRUE
166054,20,righth,1,no,0,"""0-1""",79,45,49.00950154,2625,1307,"{""sample_3_y"": 330, ""sample_0_x"": 878, ""sample_4_y"": 250, ""sample_4_x"": 1063, ""sample_1_x"": 926, ""sample_1_time"": 332, ""sample_2_x"": 961, ""first_y"": 463, ""sample_0_y"": 463, ""sample_1_y"": 403, ""sample_2_y"": 365, ""last_time"": 1307, ""sample_0_time"": 7, ""sample_3_time"": 982, ""first_x"": 878, ""last_y"": 250, ""count"": 157, ""first_time"": 7, ""sample_4_time"": 1307, ""sample_2_time"": 657, ""last_x"": 1063, ""sample_3_x"": 995}",Q1 (0-90<U+00B0>),Q1 (0-90<U+00B0>),TRUE,TRUE,Correct,45,4.009501540000002,4.009501540000002,4.009501540000002,4.009501540000002,TRUE
166054,20,righth,1,no,0,"""0-1""",80,135,134.8670634,2261,2041,"{""sample_1_x"": 818, ""last_x"": 649, ""sample_4_time"": 2041, ""first_x"": 860, ""first_time"": 4, ""sample_1_time"": 548, ""sample_0_y"": 461, ""last_y"": 263, ""sample_2_y"": 402, ""first_y"": 461, ""sample_4_x"": 649, ""sample_0_x"": 860, ""sample_4_y"": 263, ""sample_3_y"": 338, ""sample_3_x"": 710, ""last_time"": 2041, ""sample_1_y"": 436, ""sample_2_time"": 1049, ""sample_2_x"": 775, ""count"": 240, ""sample_0_time"": 4, ""sample_3_time"": 1549}",Q2 (90-180<U+00B0>),Q2 (90-180<U+00B0>),TRUE,TRUE,Correct,135,0.13293659999999363,0.13293659999999363,0.13293659999999363,0.13293659999999363,TRUE
166054,20,righth,1,no,0,"""0-1""",81,315,307.5457012,3223,1076,"{""sample_2_y"": 566, ""sample_0_time"": 9, ""first_y"": 492, ""first_x"": 878, ""sample_3_time"": 816, ""sample_0_y"": 492, ""sample_1_time"": 283, ""count"": 127, ""sample_4_time"": 1076, ""sample_4_x"": 1050, ""sample_3_y"": 642, ""sample_3_x"": 1002, ""sample_2_time"": 551, ""last_y"": 721, ""sample_4_y"": 721, ""first_time"": 9, ""sample_0_x"": 878, ""sample_1_y"": 526, ""last_time"": 1076, ""sample_2_x"": 952, ""sample_1_x"": 914, ""last_x"": 1050}",Q4 (270-360<U+00B0>),Q4 (270-360<U+00B0>),TRUE,TRUE,Correct,315,7.454298800000004,7.454298800000004,7.454298800000004,7.454298800000004,TRUE
166054,20,righth,1,no,0,"""0-1""",82,315,310.6012946,2449,1309,"{""sample_2_y"": 629, ""sample_3_y"": 659, ""sample_1_x"": 927, ""sample_3_time"": 983, ""count"": 157, ""sample_3_x"": 1023, ""sample_2_time"": 658, ""last_x"": 1062, ""sample_4_x"": 1062, ""sample_1_y"": 558, ""last_time"": 1308, ""sample_4_y"": 710, ""first_y"": 498, ""first_x"": 871, ""sample_0_time"": 8, ""first_time"": 8, ""sample_2_x"": 998, ""sample_0_y"": 498, ""sample_0_x"": 871, ""sample_1_time"": 333, ""sample_4_time"": 1308, ""last_y"": 710}",Q4 (270-360<U+00B0>),Q4 (270-360<U+00B0>),TRUE,TRUE,Correct,315,4.398705399999983,4.398705399999983,4.398705399999983,4.398705399999983,TRUE
166054,20,righth,1,no,0,"""0-1""",83,225,226.8647853,3531,1732,"{""sample_0_time"": 8, ""sample_0_x"": 854, ""sample_1_time"": 391, ""sample_0_y"": 495, ""sample_4_y"": 701, ""sample_2_y"": 590, ""sample_3_time"": 1175, ""sample_1_y"": 531, ""last_time"": 1732, ""sample_2_x"": 763, ""first_y"": 495, ""count"": 187, ""last_x"": 656, ""sample_4_x"": 656, ""last_y"": 701, ""sample_3_x"": 704, ""sample_2_time"": 784, ""sample_1_x"": 825, ""sample_4_time"": 1732, ""first_x"": 854, ""sample_3_y"": 627, ""first_time"": 8}",Q3 (180-270<U+00B0>),Q3 (180-270<U+00B0>),TRUE,TRUE,Correct,225,1.864785299999994,1.864785299999994,1.864785299999994,1.864785299999994,TRUE
166054,20,righth,1,no,0,"""0-1""",84,225,222.7307252,2615,1276,"{""sample_3_x"": 694, ""sample_2_y"": 608, ""sample_3_y"": 632, ""sample_2_time"": 642, ""first_y"": 473, ""sample_1_time"": 325, ""sample_2_x"": 716, ""sample_4_x"": 641, ""first_time"": 9, ""sample_4_time"": 1276, ""first_x"": 846, ""sample_0_x"": 846, ""sample_3_time"": 959, ""last_x"": 641, ""last_time"": 1276, ""sample_4_y"": 685, ""sample_0_y"": 473, ""sample_0_time"": 9, ""sample_1_y"": 544, ""last_y"": 685, ""count"": 153, ""sample_1_x"": 769}",Q3 (180-270<U+00B0>),Q3 (180-270<U+00B0>),TRUE,TRUE,Correct,225,2.269274800000005,2.269274800000005,2.269274800000005,2.269274800000005,TRUE
166054,20,righth,1,no,0,"""0-1""",85,135,133.7981669,2640,1600,"{""first_time"": 8, ""sample_0_y"": 463, ""sample_3_x"": 704, ""sample_3_y"": 317, ""sample_3_time"": 1234, ""last_y"": 260, ""sample_2_time"": 858, ""sample_1_y"": 427, ""count"": 179, ""sample_2_x"": 794, ""last_time"": 1600, ""sample_4_y"": 260, ""sample_4_x"": 654, ""sample_0_x"": 852, ""sample_0_time"": 8, ""first_y"": 463, ""sample_1_time"": 375, ""last_x"": 654, ""sample_2_y"": 405, ""sample_1_x"": 814, ""sample_4_time"": 1600, ""first_x"": 852}",Q2 (90-180<U+00B0>),Q2 (90-180<U+00B0>),TRUE,TRUE,Correct,135,1.2018330999999876,1.2018330999999876,1.2018330999999876,1.2018330999999876,TRUE
166054,20,righth,1,no,0,"""0-1""",86,135,132.8690471,2766,1117,"{""first_y"": 464, ""sample_3_time"": 842, ""sample_0_time"": 8, ""sample_3_y"": 333, ""sample_4_x"": 657, ""sample_1_y"": 412, ""sample_0_y"": 464, ""count"": 134, ""last_x"": 657, ""sample_2_y"": 376, ""sample_1_time"": 283, ""sample_4_y"": 256, ""sample_1_x"": 791, ""first_time"": 8, ""sample_3_x"": 725, ""sample_2_time"": 567, ""sample_0_x"": 849, ""first_x"": 849, ""last_time"": 1117, ""sample_2_x"": 760, ""last_y"": 256, ""sample_4_time"": 1117}",Q2 (90-180<U+00B0>),Q2 (90-180<U+00B0>),TRUE,TRUE,Correct,135,2.130952900000011,2.130952900000011,2.130952900000011,2.130952900000011,TRUE
166054,20,righth,1,no,0,"""0-1""",87,135,134.4670314,2882,984,"{""sample_3_x"": 708, ""last_time"": 983, ""count"": 117, ""sample_3_time"": 742, ""sample_1_x"": 796, ""sample_2_time"": 499, ""first_time"": 8, ""sample_0_time"": 8, ""sample_1_time"": 258, ""sample_3_y"": 322, ""sample_4_x"": 651, ""sample_2_y"": 374, ""sample_2_x"": 756, ""sample_0_x"": 848, ""last_y"": 262, ""sample_4_y"": 262, ""first_y"": 463, ""sample_1_y"": 409, ""last_x"": 651, ""sample_4_time"": 983, ""sample_0_y"": 463, ""first_x"": 848}",Q2 (90-180<U+00B0>),Q2 (90-180<U+00B0>),TRUE,TRUE,Correct,135,0.5329686000000038,0.5329686000000038,0.5329686000000038,0.5329686000000038,TRUE
166054,20,righth,1,no,0,"""0-1""",88,315,312.9974669,2715,1209,"{""sample_2_y"": 570, ""count"": 144, ""first_time"": 9, ""first_x"": 884, ""sample_2_x"": 956, ""last_y"": 701, ""sample_3_time"": 918, ""first_y"": 487, ""sample_3_x"": 1003, ""sample_1_time"": 309, ""sample_0_time"": 9, ""last_x"": 1071, ""sample_2_time"": 609, ""sample_0_x"": 884, ""sample_3_y"": 615, ""last_time"": 1208, ""sample_1_y"": 559, ""sample_0_y"": 487, ""sample_1_x"": 943, ""sample_4_x"": 1071, ""sample_4_y"": 701, ""sample_4_time"": 1208}",Q4 (270-360<U+00B0>),Q4 (270-360<U+00B0>),TRUE,TRUE,Correct,315,2.0025330999999937,2.0025330999999937,2.0025330999999937,2.0025330999999937,TRUE
166054,20,righth,1,no,0,"""0-1""",89,135,135,2474,1250,"{""sample_3_x"": 729, ""sample_2_x"": 755, ""sample_2_y"": 363, ""last_time"": 1249, ""sample_3_time"": 949, ""sample_1_time"": 308, ""sample_2_time"": 624, ""sample_0_x"": 857, ""last_x"": 648, ""sample_4_y"": 263, ""last_y"": 263, ""sample_1_x"": 781, ""sample_3_y"": 344, ""count"": 147, ""sample_0_time"": 7, ""sample_1_y"": 387, ""sample_0_y"": 459, ""sample_4_time"": 1249, ""sample_4_x"": 648, ""first_x"": 857, ""first_time"": 7, ""first_y"": 459}",Q2 (90-180<U+00B0>),Q2 (90-180<U+00B0>),TRUE,TRUE,Correct,135,0,0,0,0,TRUE
166054,20,righth,1,no,0,"""0-1""",90,315,310.8669294,2916,941,"{""sample_4_time"": 941, ""count"": 112, ""last_time"": 941, ""first_y"": 496, ""last_x"": 1063, ""sample_2_time"": 483, ""sample_0_x"": 874, ""first_x"": 874, ""sample_0_time"": 8, ""sample_0_y"": 496, ""last_y"": 709, ""sample_4_y"": 709, ""sample_2_y"": 550, ""sample_1_x"": 888, ""sample_3_time"": 716, ""sample_2_x"": 911, ""sample_1_time"": 249, ""sample_4_x"": 1063, ""first_time"": 8, ""sample_1_y"": 528, ""sample_3_x"": 984, ""sample_3_y"": 620}",Q4 (270-360<U+00B0>),Q4 (270-360<U+00B0>),TRUE,TRUE,Correct,315,4.133070599999996,4.133070599999996,4.133070599999996,4.133070599999996,TRUE
166054,20,righth,1,no,0,"""0-1""",91,45,45.6646544,2625,1166,"{""sample_4_time"": 1166, ""sample_0_x"": 879, ""count"": 140, ""last_y"": 261, ""sample_1_y"": 411, ""sample_3_x"": 1006, ""sample_1_time"": 299, ""sample_0_time"": 7, ""sample_1_x"": 940, ""last_x"": 1077, ""sample_2_x"": 973, ""first_time"": 7, ""sample_0_y"": 461, ""last_time"": 1166, ""sample_3_y"": 340, ""first_x"": 879, ""sample_2_y"": 378, ""sample_4_y"": 261, ""sample_3_time"": 882, ""sample_2_time"": 591, ""first_y"": 461, ""sample_4_x"": 1077}",Q1 (0-90<U+00B0>),Q1 (0-90<U+00B0>),TRUE,TRUE,Correct,45,0.6646544000000034,0.6646544000000034,0.6646544000000034,0.6646544000000034,TRUE
166054,20,righth,1,no,0,"""0-1""",92,45,48.58461052,3248,1108,"{""sample_3_y"": 333, ""sample_3_time"": 842, ""sample_0_y"": 466, ""sample_1_y"": 452, ""sample_4_time"": 1108, ""last_x"": 1066, ""sample_1_x"": 893, ""sample_1_time"": 282, ""sample_4_y"": 250, ""sample_0_x"": 877, ""sample_4_x"": 1066, ""sample_2_y"": 399, ""count"": 132, ""first_time"": 8, ""first_x"": 877, ""first_y"": 466, ""sample_2_time"": 558, ""sample_0_time"": 8, ""sample_3_x"": 1000, ""last_time"": 1108, ""last_y"": 250, ""sample_2_x"": 942}",Q1 (0-90<U+00B0>),Q1 (0-90<U+00B0>),TRUE,TRUE,Correct,45,3.5846105199999982,3.5846105199999982,3.5846105199999982,3.5846105199999982,TRUE
166054,20,righth,1,no,0,"""0-1""",93,315,316.7357046,2827,1234,"{""last_y"": 687, ""sample_1_y"": 527, ""sample_2_y"": 557, ""sample_4_y"": 687, ""first_y"": 491, ""sample_2_time"": 625, ""sample_3_x"": 1027, ""sample_0_time"": 9, ""sample_4_time"": 1234, ""sample_1_time"": 317, ""sample_2_x"": 934, ""sample_3_time"": 933, ""first_x"": 880, ""sample_0_x"": 880, ""last_time"": 1234, ""first_time"": 9, ""last_x"": 1085, ""sample_3_y"": 638, ""sample_0_y"": 491, ""count"": 148, ""sample_1_x"": 912, ""sample_4_x"": 1085}",Q4 (270-360<U+00B0>),Q4 (270-360<U+00B0>),TRUE,TRUE,Correct,315,1.7357046000000196,1.7357046000000196,1.7357046000000196,1.7357046000000196,TRUE
166054,20,righth,1,no,0,"""0-1""",94,225,228.6012781,3166,1033,"{""sample_0_x"": 843, ""first_y"": 485, ""sample_3_x"": 710, ""count"": 124, ""sample_1_time"": 266, ""sample_0_time"": 8, ""first_time"": 8, ""sample_1_y"": 521, ""sample_1_x"": 808, ""sample_2_y"": 562, ""sample_2_time"": 525, ""sample_4_x"": 663, ""sample_4_time"": 1033, ""last_x"": 663, ""sample_0_y"": 485, ""first_x"": 843, ""sample_3_time"": 783, ""sample_3_y"": 640, ""last_time"": 1033, ""sample_2_x"": 776, ""sample_4_y"": 707, ""last_y"": 707}",Q3 (180-270<U+00B0>),Q3 (180-270<U+00B0>),TRUE,TRUE,Correct,225,3.601278100000002,3.601278100000002,3.601278100000002,3.601278100000002,TRUE
166054,20,righth,1,no,0,"""0-1""",95,45,50.07370473,2806,984,"{""sample_1_y"": 397, ""count"": 118, ""first_time"": 8, ""last_time"": 983, ""sample_0_time"": 8, ""sample_2_time"": 500, ""sample_3_y"": 307, ""sample_3_x"": 1004, ""first_y"": 464, ""sample_0_x"": 877, ""sample_3_time"": 742, ""last_y"": 246, ""sample_4_time"": 983, ""first_x"": 877, ""sample_2_y"": 354, ""sample_1_x"": 920, ""last_x"": 1059, ""sample_2_x"": 961, ""sample_4_y"": 246, ""sample_0_y"": 464, ""sample_4_x"": 1059, ""sample_1_time"": 250}",Q1 (0-90<U+00B0>),Q1 (0-90<U+00B0>),TRUE,TRUE,Correct,45,5.073704730000003,5.073704730000003,5.073704730000003,5.073704730000003,TRUE
166054,20,righth,1,no,0,"""0-1""",96,135,133.8037423,2565,1158,"{""sample_2_x"": 761, ""sample_3_time"": 874, ""sample_2_y"": 403, ""sample_4_x"": 653, ""sample_0_y"": 479, ""sample_3_y"": 338, ""sample_2_time"": 583, ""sample_1_x"": 801, ""sample_4_y"": 259, ""sample_0_time"": 8, ""first_x"": 844, ""sample_0_x"": 844, ""sample_1_y"": 446, ""last_y"": 259, ""last_time"": 1158, ""first_time"": 8, ""sample_3_x"": 714, ""last_x"": 653, ""sample_4_time"": 1158, ""count"": 139, ""sample_1_time"": 291, ""first_y"": 479}",Q2 (90-180<U+00B0>),Q2 (90-180<U+00B0>),TRUE,TRUE,Correct,135,1.1962576999999897,1.1962576999999897,1.1962576999999897,1.1962576999999897,TRUE
166054,20,righth,1,no,0,"""0-1""",97,315,314.3322473,2416,1292,"{""first_time"": 7, ""first_x"": 881, ""sample_4_time"": 1291, ""count"": 155, ""sample_1_time"": 325, ""sample_2_time"": 649, ""sample_0_y"": 489, ""sample_0_x"": 881, ""sample_1_x"": 940, ""sample_3_time"": 975, ""last_y"": 696, ""sample_4_y"": 696, ""last_time"": 1291, ""sample_1_y"": 552, ""sample_2_y"": 606, ""first_y"": 489, ""sample_3_x"": 1030, ""last_x"": 1076, ""sample_4_x"": 1076, ""sample_2_x"": 995, ""sample_3_y"": 640, ""sample_0_time"": 7}",Q4 (270-360<U+00B0>),Q4 (270-360<U+00B0>),TRUE,TRUE,Correct,315,0.6677526999999941,0.6677526999999941,0.6677526999999941,0.6677526999999941,TRUE
166054,20,righth,1,no,0,"""0-1""",98,315,309.3954609,2806,1516,"{""last_time"": 1516, ""sample_1_x"": 905, ""sample_2_y"": 597, ""sample_2_x"": 960, ""last_x"": 1057, ""sample_0_time"": 8, ""sample_3_y"": 671, ""sample_1_y"": 528, ""sample_0_y"": 490, ""sample_4_y"": 714, ""sample_3_x"": 1021, ""sample_4_time"": 1516, ""first_y"": 490, ""sample_1_time"": 368, ""first_time"": 8, ""last_y"": 714, ""sample_3_time"": 1083, ""sample_2_time"": 725, ""sample_0_x"": 880, ""count"": 172, ""sample_4_x"": 1057, ""first_x"": 880}",Q4 (270-360<U+00B0>),Q4 (270-360<U+00B0>),TRUE,TRUE,Correct,315,5.604539100000011,5.604539100000011,5.604539100000011,5.604539100000011,TRUE
166054,20,righth,1,no,0,"""0-1""",99,315,305.888643,2720,2136,"{""first_x"": 879, ""sample_1_time"": 499, ""sample_3_x"": 1013, ""sample_2_time"": 992, ""last_y"": 725, ""first_y"": 490, ""sample_1_x"": 919, ""sample_0_y"": 490, ""sample_2_x"": 974, ""sample_3_y"": 676, ""sample_1_y"": 542, ""sample_4_time"": 2136, ""sample_4_y"": 725, ""sample_0_time"": 8, ""last_time"": 2136, ""count"": 236, ""first_time"": 8, ""last_x"": 1042, ""sample_4_x"": 1042, ""sample_2_y"": 602, ""sample_0_x"": 879, ""sample_3_time"": 1482}",Q4 (270-360<U+00B0>),Q4 (270-360<U+00B0>),TRUE,TRUE,Correct,315,9.111356999999998,9.111356999999998,9.111356999999998,9.111356999999998,TRUE
166054,20,righth,1,no,0,"""0-1""",100,315,312.4640819,2541,1534,"{""count"": 182, ""sample_0_x"": 884, ""sample_2_time"": 766, ""sample_4_time"": 1533, ""sample_4_x"": 1069, ""sample_3_x"": 1007, ""first_time"": 8, ""sample_3_time"": 1158, ""first_x"": 884, ""sample_1_x"": 920, ""sample_2_x"": 961, ""sample_3_y"": 623, ""last_time"": 1533, ""first_y"": 486, ""sample_1_y"": 533, ""sample_2_y"": 582, ""sample_0_time"": 8, ""last_x"": 1069, ""sample_0_y"": 486, ""sample_4_y"": 703, ""last_y"": 703, ""sample_1_time"": 383}",Q4 (270-360<U+00B0>),Q4 (270-360<U+00B0>),TRUE,TRUE,Correct,315,2.5359181000000035,2.5359181000000035,2.5359181000000035,2.5359181000000035,TRUE
166090,19,righth,3+,yes,2,"""5-10""",21,45,134.8376894,4542,4200,"{""first_y"": 414, ""first_x"": 726.5, ""sample_1_y"": 551, ""sample_0_y"": 414, ""sample_2_x"": 709.5, ""sample_0_time"": 17, ""sample_4_x"": 533.5, ""sample_3_x"": 633.5, ""last_time"": 4200, ""sample_3_y"": 326, ""first_time"": 17, ""sample_2_y"": 415, ""sample_1_x"": 854.5, ""last_y"": 217, ""last_x"": 533.5, ""sample_1_time"": 783, ""sample_4_y"": 217, ""sample_3_time"": 3450, ""count"": 184, ""sample_0_x"": 726.5, ""sample_2_time"": 2067, ""sample_4_time"": 4200}",Q1 (0-90<U+00B0>),Q2 (90-180<U+00B0>),FALSE,TRUE,Formant,135,0.16231060000001207,0.16231060000001207,89.83768939999999,89.83768939999999,FALSE
166090,19,righth,3+,yes,2,"""5-10""",22,315,313.2151567,4115,1401,"{""first_time"": 17, ""sample_2_y"": 515, ""count"": 84, ""first_y"": 413, ""sample_0_y"": 413, ""last_x"": 880.5, ""sample_4_time"": 1400, ""sample_0_x"": 719.5, ""sample_1_time"": 367, ""sample_2_time"": 717, ""sample_0_time"": 17, ""sample_1_y"": 466, ""last_time"": 1400, ""last_y"": 576, ""sample_4_y"": 576, ""sample_3_y"": 558, ""sample_1_x"": 760.5, ""sample_2_x"": 812.5, ""sample_3_time"": 1067, ""first_x"": 719.5, ""sample_3_x"": 856.5, ""sample_4_x"": 880.5}",Q4 (270-360<U+00B0>),Q4 (270-360<U+00B0>),TRUE,TRUE,Correct,315,1.7848432999999773,1.7848432999999773,1.7848432999999773,1.7848432999999773,TRUE
166090,19,righth,3+,yes,2,"""5-10""",23,315,313.2151567,2650,2866,"{""first_y"": 405, ""last_y"": 576, ""sample_4_y"": 576, ""count"": 153, ""sample_2_time"": 1282, ""sample_4_time"": 2865, ""sample_0_x"": 726.5, ""sample_3_time"": 2182, ""sample_1_x"": 814.5, ""sample_4_x"": 880.5, ""sample_0_time"": 15, ""sample_3_x"": 830.5, ""last_time"": 2865, ""first_time"": 15, ""sample_2_x"": 859.5, ""sample_2_y"": 551, ""first_x"": 726.5, ""last_x"": 880.5, ""sample_1_time"": 649, ""sample_3_y"": 539, ""sample_1_y"": 498, ""sample_0_y"": 405}",Q4 (270-360<U+00B0>),Q4 (270-360<U+00B0>),TRUE,TRUE,Correct,315,1.7848432999999773,1.7848432999999773,1.7848432999999773,1.7848432999999773,TRUE
166090,19,righth,3+,yes,2,"""5-10""",24,315,228.0809359,2898,1451,"{""last_x"": 542.5, ""sample_1_y"": 475, ""sample_1_time"": 367, ""sample_0_y"": 413, ""sample_1_x"": 637.5, ""sample_2_time"": 733, ""sample_4_y"": 580, ""first_y"": 413, ""sample_4_x"": 542.5, ""count"": 87, ""first_x"": 699.5, ""sample_0_time"": 17, ""sample_2_y"": 506, ""first_time"": 17, ""sample_3_time"": 1100, ""sample_4_time"": 1450, ""sample_3_x"": 564.5, ""sample_3_y"": 542, ""last_y"": 580, ""sample_2_x"": 601.5, ""sample_0_x"": 699.5, ""last_time"": 1450}",Q4 (270-360<U+00B0>),Q3 (180-270<U+00B0>),FALSE,TRUE,Formant,225,3.080935899999986,3.080935899999986,86.91906410000001,86.91906410000001,FALSE
166090,19,righth,3+,yes,2,"""5-10""",25,315,310.9489891,2715,2017,"{""sample_1_time"": 517, ""sample_0_x"": 717.5, ""first_x"": 717.5, ""sample_4_time"": 2017, ""count"": 121, ""last_y"": 583, ""sample_3_y"": 548, ""sample_3_time"": 1517, ""sample_1_y"": 435, ""sample_0_y"": 409, ""sample_2_time"": 1017, ""sample_0_time"": 17, ""sample_3_x"": 848.5, ""last_time"": 2017, ""first_time"": 17, ""sample_4_y"": 583, ""sample_1_x"": 743.5, ""sample_2_x"": 792.5, ""sample_2_y"": 485, ""last_x"": 873.5, ""first_y"": 409, ""sample_4_x"": 873.5}",Q4 (270-360<U+00B0>),Q4 (270-360<U+00B0>),TRUE,TRUE,Correct,315,4.051010899999994,4.051010899999994,4.051010899999994,4.051010899999994,TRUE
166090,19,righth,3+,yes,2,"""5-10""",26,225,230.1944289,2549,1767,"{""sample_3_y"": 548, ""sample_0_x"": 690.5, ""sample_4_time"": 1767, ""sample_1_x"": 637.5, ""sample_2_x"": 594.5, ""sample_0_y"": 402, ""last_y"": 586, ""sample_4_y"": 586, ""last_time"": 1767, ""sample_2_y"": 508, ""count"": 106, ""first_time"": 17, ""sample_4_x"": 549.5, ""sample_2_time"": 900, ""sample_1_y"": 453, ""sample_3_time"": 1334, ""first_y"": 402, ""sample_0_time"": 17, ""first_x"": 690.5, ""sample_3_x"": 564.5, ""sample_1_time"": 450, ""last_x"": 549.5}",Q3 (180-270<U+00B0>),Q3 (180-270<U+00B0>),TRUE,TRUE,Correct,225,5.194428899999991,5.194428899999991,5.194428899999991,5.194428899999991,TRUE
166090,19,righth,3+,yes,2,"""5-10""",27,135,133.5395175,3066,1566,"{""first_y"": 379, ""sample_2_y"": 305, ""sample_3_x"": 575.5, ""first_time"": 16, ""sample_1_y"": 347, ""sample_3_y"": 254, ""last_time"": 1566, ""sample_4_y"": 213, ""count"": 94, ""sample_4_time"": 1566, ""sample_2_time"": 799, ""sample_4_x"": 537.5, ""sample_1_time"": 399, ""sample_3_time"": 1183, ""sample_2_x"": 624.5, ""sample_0_time"": 16, ""sample_1_x"": 667.5, ""sample_0_y"": 379, ""last_y"": 213, ""first_x"": 698.5, ""last_x"": 537.5, ""sample_0_x"": 698.5}",Q2 (90-180<U+00B0>),Q2 (90-180<U+00B0>),TRUE,TRUE,Correct,135,1.460482500000012,1.460482500000012,1.460482500000012,1.460482500000012,TRUE
166090,19,righth,3+,yes,2,"""5-10""",28,45,47.10908974,2765,1801,"{""sample_4_time"": 1800, ""last_y"": 211, ""first_x"": 724.5, ""count"": 106, ""sample_3_y"": 258, ""sample_0_time"": 17, ""sample_3_time"": 1367, ""sample_2_time"": 934, ""sample_2_x"": 819.5, ""sample_0_y"": 385, ""sample_4_y"": 211, ""first_y"": 385, ""sample_4_x"": 879.5, ""sample_1_time"": 484, ""last_x"": 879.5, ""first_time"": 17, ""sample_2_y"": 287, ""sample_0_x"": 724.5, ""sample_3_x"": 848.5, ""last_time"": 1800, ""sample_1_x"": 748.5, ""sample_1_y"": 361}",Q1 (0-90<U+00B0>),Q1 (0-90<U+00B0>),TRUE,TRUE,Correct,45,2.1090897400000017,2.1090897400000017,2.1090897400000017,2.1090897400000017,TRUE
166090,19,righth,3+,yes,2,"""5-10""",29,225,229.0510109,2413,1968,"{""sample_2_time"": 1001, ""first_time"": 24, ""sample_0_y"": 409, ""sample_1_time"": 518, ""sample_3_x"": 583.5, ""sample_4_x"": 545.5, ""sample_4_y"": 583, ""sample_0_time"": 24, ""sample_1_x"": 664.5, ""last_x"": 545.5, ""sample_0_x"": 708.5, ""sample_2_x"": 632.5, ""last_time"": 1968, ""last_y"": 583, ""sample_2_y"": 496, ""first_x"": 708.5, ""sample_4_time"": 1968, ""sample_3_y"": 547, ""first_y"": 409, ""sample_1_y"": 467, ""sample_3_time"": 1484, ""count"": 117}",Q3 (180-270<U+00B0>),Q3 (180-270<U+00B0>),TRUE,TRUE,Correct,225,4.051010899999994,4.051010899999994,4.051010899999994,4.051010899999994,TRUE
166090,19,righth,3+,yes,2,"""5-10""",30,225,317.2647545,2798,1483,"{""first_x"": 726.5, ""sample_0_y"": 400, ""sample_2_time"": 750, ""sample_1_time"": 383, ""sample_1_y"": 457, ""count"": 89, ""sample_3_time"": 1116, ""last_y"": 564, ""sample_0_time"": 17, ""sample_3_x"": 864.5, ""sample_2_y"": 507, ""sample_2_x"": 842.5, ""first_time"": 17, ""first_y"": 400, ""sample_4_y"": 564, ""sample_1_x"": 791.5, ""sample_4_time"": 1483, ""sample_0_x"": 726.5, ""sample_4_x"": 893.5, ""last_x"": 893.5, ""last_time"": 1483, ""sample_3_y"": 529}",Q3 (180-270<U+00B0>),Q4 (270-360<U+00B0>),FALSE,TRUE,Formant,315,2.264754499999981,2.264754499999981,92.26475449999998,92.26475449999998,FALSE
166090,19,righth,3+,yes,2,"""5-10""",31,315,317.5878785,2716,1667,"{""sample_0_time"": 16, ""last_x"": 894.5, ""sample_2_y"": 481, ""sample_1_x"": 772.5, ""first_time"": 16, ""last_time"": 1666, ""last_y"": 563, ""sample_0_x"": 726.5, ""sample_4_y"": 563, ""count"": 100, ""sample_1_y"": 415, ""sample_0_y"": 394, ""sample_2_time"": 850, ""sample_3_y"": 519, ""first_y"": 394, ""sample_4_time"": 1666, ""sample_3_x"": 868.5, ""sample_4_x"": 894.5, ""sample_3_time"": 1266, ""sample_1_time"": 433, ""sample_2_x"": 836.5, ""first_x"": 726.5}",Q4 (270-360<U+00B0>),Q4 (270-360<U+00B0>),TRUE,TRUE,Correct,315,2.587878499999988,2.587878499999988,2.587878499999988,2.587878499999988,TRUE
166090,19,righth,3+,yes,2,"""5-10""",32,225,223.3819055,2414,1702,"{""sample_2_time"": 884, ""first_y"": 396, ""sample_3_y"": 515, ""sample_0_y"": 396, ""sample_1_y"": 445, ""count"": 99, ""sample_2_x"": 572.5, ""sample_4_time"": 1700, ""sample_1_time"": 467, ""sample_2_y"": 476, ""last_y"": 566, ""last_x"": 527.5, ""sample_4_x"": 527.5, ""sample_3_time"": 1301, ""sample_4_y"": 566, ""first_time"": 16, ""first_x"": 690.5, ""sample_3_x"": 548.5, ""sample_1_x"": 598.5, ""sample_0_x"": 690.5, ""last_time"": 1700, ""sample_0_time"": 16}",Q3 (180-270<U+00B0>),Q3 (180-270<U+00B0>),TRUE,TRUE,Correct,225,1.6180945000000122,1.6180945000000122,1.6180945000000122,1.6180945000000122,TRUE
166090,19,righth,3+,yes,2,"""5-10""",33,315,320.1944289,2915,2249,"{""first_x"": 721.5, ""sample_4_time"": 2249, ""last_time"": 2249, ""sample_2_y"": 458, ""sample_2_x"": 832.5, ""sample_1_time"": 566, ""count"": 135, ""last_x"": 901.5, ""sample_4_y"": 554, ""sample_1_x"": 766.5, ""sample_0_y"": 405, ""first_time"": 16, ""sample_0_x"": 721.5, ""last_y"": 554, ""sample_1_y"": 415, ""sample_0_time"": 16, ""sample_3_time"": 1699, ""first_y"": 405, ""sample_3_x"": 881.5, ""sample_4_x"": 901.5, ""sample_2_time"": 1133, ""sample_3_y"": 513}",Q4 (270-360<U+00B0>),Q4 (270-360<U+00B0>),TRUE,TRUE,Correct,315,5.194428899999991,5.194428899999991,5.194428899999991,5.194428899999991,TRUE
166090,19,righth,3+,yes,2,"""5-10""",34,135,140.8067269,2667,1717,"{""sample_1_time"": 433, ""last_time"": 1716, ""sample_0_time"": 16, ""sample_2_y"": 343, ""count"": 103, ""sample_1_y"": 368, ""sample_2_x"": 600.5, ""sample_0_x"": 692.5, ""first_y"": 385, ""last_x"": 514.5, ""sample_2_time"": 866, ""sample_3_x"": 559.5, ""sample_1_x"": 646.5, ""sample_4_y"": 235, ""first_time"": 16, ""sample_4_x"": 514.5, ""sample_3_y"": 309, ""first_x"": 692.5, ""sample_0_y"": 385, ""sample_3_time"": 1300, ""sample_4_time"": 1716, ""last_y"": 235}",Q2 (90-180<U+00B0>),Q2 (90-180<U+00B0>),TRUE,TRUE,Correct,135,5.806726900000001,5.806726900000001,5.806726900000001,5.806726900000001,TRUE
166090,19,righth,3+,yes,2,"""5-10""",35,315,319.9628151,2431,1334,"{""sample_2_y"": 456, ""sample_4_time"": 1334, ""sample_0_y"": 401, ""sample_2_time"": 684, ""sample_4_x"": 903.5, ""last_x"": 903.5, ""sample_0_x"": 728.5, ""sample_3_time"": 1017, ""first_time"": 17, ""sample_3_x"": 862.5, ""sample_3_y"": 505, ""sample_1_y"": 423, ""sample_1_time"": 350, ""last_time"": 1334, ""first_x"": 728.5, ""sample_2_x"": 816.5, ""last_y"": 557, ""count"": 79, ""sample_4_y"": 557, ""first_y"": 401, ""sample_0_time"": 17, ""sample_1_x"": 776.5}",Q4 (270-360<U+00B0>),Q4 (270-360<U+00B0>),TRUE,TRUE,Correct,315,4.9628151,4.9628151,4.9628151,4.9628151,TRUE
166090,19,righth,3+,yes,2,"""5-10""",36,45,42.25835288,2598,1417,"{""count"": 85, ""last_time"": 1417, ""sample_4_y"": 225, ""sample_2_time"": 716, ""sample_1_y"": 363, ""sample_1_time"": 367, ""first_time"": 17, ""sample_1_x"": 801.5, ""sample_3_x"": 871.5, ""sample_3_y"": 286, ""sample_4_time"": 1417, ""sample_0_time"": 17, ""sample_0_x"": 734.5, ""first_y"": 392, ""sample_2_x"": 845.5, ""sample_4_x"": 895.5, ""sample_3_time"": 1067, ""last_x"": 895.5, ""first_x"": 734.5, ""sample_0_y"": 392, ""sample_2_y"": 324, ""last_y"": 225}",Q1 (0-90<U+00B0>),Q1 (0-90<U+00B0>),TRUE,TRUE,Correct,45,2.741647120000003,2.741647120000003,2.741647120000003,2.741647120000003,TRUE
166090,19,righth,3+,yes,2,"""5-10""",37,45,44.02897807,2665,2817,"{""sample_4_x"": 889.5, ""sample_0_y"": 393, ""sample_1_x"": 796.5, ""sample_3_x"": 867.5, ""sample_4_time"": 2816, ""sample_3_y"": 276, ""sample_4_y"": 220, ""sample_0_x"": 728.5, ""sample_2_x"": 847.5, ""first_x"": 728.5, ""last_time"": 2816, ""last_y"": 220, ""sample_0_time"": 16, ""count"": 145, ""last_x"": 889.5, ""first_time"": 16, ""sample_3_time"": 1816, ""sample_1_y"": 371, ""sample_1_time"": 616, ""sample_2_time"": 1216, ""sample_2_y"": 319, ""first_y"": 393}",Q1 (0-90<U+00B0>),Q1 (0-90<U+00B0>),TRUE,TRUE,Correct,45,0.9710219299999991,0.9710219299999991,0.9710219299999991,0.9710219299999991,TRUE
166090,19,righth,3+,yes,2,"""5-10""",38,135,142.4453248,2465,951,"{""sample_3_y"": 280, ""sample_0_y"": 392, ""sample_3_x"": 526.5, ""sample_4_y"": 241, ""count"": 56, ""sample_1_x"": 572.5, ""sample_2_time"": 500, ""sample_0_time"": 46, ""sample_4_x"": 510.5, ""sample_1_time"": 267, ""sample_2_x"": 547.5, ""sample_3_time"": 734, ""last_x"": 510.5, ""first_time"": 46, ""first_x"": 686.5, ""sample_4_time"": 950, ""sample_0_x"": 686.5, ""last_time"": 950, ""first_y"": 392, ""last_y"": 241, ""sample_2_y"": 311, ""sample_1_y"": 333}",Q2 (90-180<U+00B0>),Q2 (90-180<U+00B0>),TRUE,TRUE,Correct,135,7.445324800000009,7.445324800000009,7.445324800000009,7.445324800000009,TRUE
166090,19,righth,3+,yes,2,"""5-10""",39,135,128.3375229,2466,1733,"{""sample_2_y"": 308, ""sample_1_x"": 626.5, ""first_y"": 402, ""count"": 103, ""last_time"": 1733, ""sample_1_y"": 379, ""sample_4_time"": 1733, ""sample_2_x"": 555.5, ""sample_4_y"": 198, ""sample_3_x"": 545.5, ""sample_0_time"": 27, ""sample_0_x"": 692.5, ""sample_1_time"": 449, ""last_y"": 198, ""sample_4_x"": 554.5, ""sample_0_y"": 402, ""first_x"": 692.5, ""sample_3_time"": 1316, ""sample_2_time"": 883, ""first_time"": 27, ""sample_3_y"": 258, ""last_x"": 554.5}",Q2 (90-180<U+00B0>),Q2 (90-180<U+00B0>),TRUE,TRUE,Correct,135,6.66247709999999,6.66247709999999,6.66247709999999,6.66247709999999,TRUE
166090,19,righth,3+,yes,2,"""5-10""",40,45,44.67991518,2600,3650,"{""sample_4_time"": 3650, ""sample_3_y"": 388, ""sample_1_time"": 650, ""sample_2_y"": 234, ""sample_3_x"": 682.5, ""sample_0_time"": 16, ""sample_1_y"": 341, ""sample_0_y"": 406, ""last_y"": 216, ""sample_4_y"": 216, ""first_y"": 406, ""sample_3_time"": 2916, ""last_time"": 3650, ""sample_2_x"": 887.5, ""sample_2_time"": 1283, ""sample_4_x"": 889.5, ""count"": 152, ""sample_1_x"": 824.5, ""sample_0_x"": 724.5, ""last_x"": 889.5, ""first_time"": 16, ""first_x"": 724.5}",Q1 (0-90<U+00B0>),Q1 (0-90<U+00B0>),TRUE,TRUE,Correct,45,0.32008481999999816,0.32008481999999816,0.32008481999999816,0.32008481999999816,TRUE
166090,19,righth,3+,yes,2,"""5-10""",41,225,222.9027818,1632,1800,"{""sample_4_y"": 565, ""sample_4_x"": 525.5, ""first_x"": 680.5, ""sample_1_y"": 447, ""sample_3_x"": 593.5, ""sample_2_x"": 668.5, ""last_time"": 1800, ""sample_1_x"": 595.5, ""sample_0_y"": 404, ""first_time"": 17, ""sample_3_y"": 479, ""sample_0_time"": 17, ""last_x"": 525.5, ""sample_2_time"": 933, ""sample_4_time"": 1800, ""last_y"": 565, ""sample_2_y"": 431, ""sample_0_x"": 680.5, ""first_y"": 404, ""sample_3_time"": 1367, ""sample_1_time"": 450, ""count"": 105}",Q3 (180-270<U+00B0>),Q3 (180-270<U+00B0>),TRUE,TRUE,Correct,225,2.097218199999986,2.097218199999986,2.097218199999986,2.097218199999986,TRUE
166090,19,righth,3+,yes,2,"""5-10""",42,315,316.9305874,2432,1250,"{""sample_2_time"": 650, ""sample_4_y"": 566, ""sample_0_y"": 397, ""last_time"": 1250, ""sample_3_y"": 522, ""sample_1_x"": 787.5, ""first_x"": 730.5, ""sample_3_time"": 950, ""first_time"": 16, ""sample_3_x"": 872.5, ""sample_1_time"": 332, ""first_y"": 397, ""sample_2_x"": 852.5, ""sample_4_time"": 1250, ""sample_4_x"": 893.5, ""sample_1_y"": 422, ""count"": 74, ""last_x"": 893.5, ""sample_2_y"": 490, ""sample_0_time"": 16, ""sample_0_x"": 730.5, ""last_y"": 566}",Q4 (270-360<U+00B0>),Q4 (270-360<U+00B0>),TRUE,TRUE,Correct,315,1.930587399999979,1.930587399999979,1.930587399999979,1.930587399999979,TRUE
166090,19,righth,3+,yes,2,"""5-10""",43,315,316.136028,2549,1550,"{""sample_3_y"": 526, ""sample_1_time"": 400, ""sample_2_time"": 783, ""first_x"": 731.5, ""sample_2_y"": 489, ""first_time"": 17, ""sample_1_y"": 452, ""last_x"": 889.5, ""sample_0_x"": 731.5, ""count"": 93, ""last_time"": 1550, ""sample_0_y"": 402, ""sample_1_x"": 783.5, ""last_y"": 567, ""sample_2_x"": 821.5, ""first_y"": 402, ""sample_4_y"": 567, ""sample_3_x"": 854.5, ""sample_0_time"": 17, ""sample_3_time"": 1167, ""sample_4_x"": 889.5, ""sample_4_time"": 1550}",Q4 (270-360<U+00B0>),Q4 (270-360<U+00B0>),TRUE,TRUE,Correct,315,1.1360280000000103,1.1360280000000103,1.1360280000000103,1.1360280000000103,TRUE
166090,19,righth,3+,yes,2,"""5-10""",44,315,315.4869212,2540,2892,"{""sample_2_y"": 556, ""sample_3_y"": 436, ""sample_3_x"": 765.5, ""first_x"": 724.5, ""sample_1_y"": 482, ""sample_0_time"": 9, ""first_y"": 402, ""first_time"": 9, ""count"": 138, ""sample_0_y"": 402, ""sample_4_x"": 887.5, ""sample_4_y"": 569, ""sample_3_time"": 1841, ""sample_1_x"": 797.5, ""sample_2_time"": 1158, ""last_x"": 887.5, ""sample_2_x"": 854.5, ""last_y"": 569, ""sample_0_x"": 724.5, ""sample_4_time"": 2892, ""sample_1_time"": 575, ""last_time"": 2892}",Q4 (270-360<U+00B0>),Q4 (270-360<U+00B0>),TRUE,TRUE,Correct,315,0.4869211999999834,0.4869211999999834,0.4869211999999834,0.4869211999999834,TRUE
166090,19,righth,3+,yes,2,"""5-10""",45,225,216.2783022,2348,1285,"{""sample_3_x"": 535.5, ""sample_4_y"": 543, ""count"": 76, ""sample_4_x"": 506.5, ""sample_2_y"": 474, ""first_time"": 16, ""sample_1_y"": 444, ""sample_0_x"": 682.5, ""first_y"": 406, ""last_x"": 506.5, ""sample_2_time"": 667, ""sample_0_y"": 406, ""sample_0_time"": 16, ""last_time"": 1284, ""sample_3_y"": 498, ""sample_3_time"": 984, ""sample_4_time"": 1284, ""sample_1_x"": 581.5, ""first_x"": 682.5, ""last_y"": 543, ""sample_1_time"": 350, ""sample_2_x"": 553.5}",Q3 (180-270<U+00B0>),Q3 (180-270<U+00B0>),TRUE,TRUE,Correct,225,8.721697799999987,8.721697799999987,8.721697799999987,8.721697799999987,TRUE
166090,19,righth,3+,yes,2,"""5-10""",46,225,227.2647545,2308,1840,"{""sample_4_x"": 539.5, ""last_x"": 539.5, ""sample_2_y"": 468, ""first_y"": 399, ""sample_4_time"": 1840, ""sample_3_time"": 1273, ""sample_2_time"": 857, ""sample_3_y"": 515, ""last_y"": 578, ""sample_4_y"": 578, ""count"": 100, ""sample_0_x"": 691.5, ""first_x"": 691.5, ""sample_2_x"": 590.5, ""sample_1_time"": 440, ""sample_1_x"": 622.5, ""sample_0_time"": 9, ""sample_1_y"": 429, ""first_time"": 9, ""sample_0_y"": 399, ""sample_3_x"": 565.5, ""last_time"": 1840}",Q3 (180-270<U+00B0>),Q3 (180-270<U+00B0>),TRUE,TRUE,Correct,225,2.2647545000000093,2.2647545000000093,2.2647545000000093,2.2647545000000093,TRUE
166090,19,righth,3+,yes,2,"""5-10""",47,45,41.61461735,2299,1250,"{""sample_2_y"": 326, ""sample_4_x"": 897.5, ""sample_3_y"": 279, ""last_y"": 227, ""sample_3_x"": 879.5, ""sample_1_y"": 359, ""first_x"": 735.5, ""last_time"": 1250, ""sample_0_x"": 735.5, ""first_y"": 395, ""sample_4_y"": 227, ""sample_0_time"": 16, ""last_x"": 897.5, ""sample_4_time"": 1250, ""sample_0_y"": 395, ""sample_1_time"": 317, ""sample_2_x"": 845.5, ""sample_2_time"": 633, ""count"": 75, ""sample_3_time"": 950, ""sample_1_x"": 805.5, ""first_time"": 16}",Q1 (0-90<U+00B0>),Q1 (0-90<U+00B0>),TRUE,TRUE,Correct,45,3.385382649999997,3.385382649999997,3.385382649999997,3.385382649999997,TRUE
166090,19,righth,3+,yes,2,"""5-10""",48,45,44.51582184,2365,3334,"{""sample_1_y"": 349, ""sample_0_time"": 17, ""last_y"": 218, ""sample_2_x"": 865.5, ""count"": 154, ""last_time"": 3334, ""sample_1_x"": 806.5, ""first_y"": 394, ""sample_0_x"": 726.5, ""sample_4_time"": 3334, ""sample_2_y"": 278, ""sample_3_x"": 884.5, ""sample_1_time"": 667, ""sample_3_y"": 232, ""sample_4_y"": 218, ""sample_3_time"": 2300, ""first_time"": 17, ""sample_2_time"": 1317, ""first_x"": 726.5, ""sample_4_x"": 888.5, ""sample_0_y"": 394, ""last_x"": 888.5}",Q1 (0-90<U+00B0>),Q1 (0-90<U+00B0>),TRUE,TRUE,Correct,45,0.484178159999999,0.484178159999999,0.484178159999999,0.484178159999999,TRUE
166090,19,righth,3+,yes,2,"""5-10""",49,45,39.337622090000004,2598,1334,"{""sample_4_time"": 1333, ""first_time"": 17, ""sample_0_y"": 394, ""last_x"": 903.5, ""count"": 80, ""sample_1_time"": 350, ""sample_0_time"": 17, ""sample_1_x"": 799.5, ""sample_2_time"": 683, ""sample_1_y"": 375, ""sample_3_y"": 277, ""sample_2_y"": 322, ""last_time"": 1333, ""last_y"": 235, ""sample_3_x"": 886.5, ""sample_4_y"": 235, ""sample_4_x"": 903.5, ""sample_0_x"": 728.5, ""sample_2_x"": 858.5, ""sample_3_time"": 1017, ""first_y"": 394, ""first_x"": 728.5}",Q1 (0-90<U+00B0>),Q1 (0-90<U+00B0>),TRUE,TRUE,Correct,45,5.6623779099999965,5.6623779099999965,5.6623779099999965,5.6623779099999965,TRUE
166090,19,righth,3+,yes,2,"""5-10""",50,135,135,2615,1434,"{""last_x"": 532.5, ""sample_0_y"": 392, ""sample_4_y"": 217, ""sample_1_x"": 624.5, ""last_y"": 217, ""sample_0_x"": 689.5, ""count"": 86, ""sample_3_time"": 1083, ""sample_3_y"": 274, ""first_x"": 689.5, ""first_y"": 392, ""sample_1_y"": 371, ""sample_2_y"": 339, ""last_time"": 1433, ""sample_3_x"": 549.5, ""sample_2_time"": 733, ""sample_1_time"": 367, ""sample_2_x"": 586.5, ""sample_4_x"": 532.5, ""first_time"": 17, ""sample_4_time"": 1433, ""sample_0_time"": 17}",Q2 (90-180<U+00B0>),Q2 (90-180<U+00B0>),TRUE,TRUE,Correct,135,0,0,0,0,TRUE
166090,19,righth,3+,yes,2,"""5-10""",51,315,322.6267179,2448,1233,"{""sample_0_x"": 723.5, ""sample_2_y"": 469, ""first_time"": 17, ""sample_2_time"": 633, ""sample_1_y"": 425, ""sample_3_time"": 933, ""count"": 73, ""sample_4_y"": 546, ""sample_2_x"": 839.5, ""last_x"": 908.5, ""first_y"": 405, ""sample_4_time"": 1233, ""sample_0_y"": 405, ""first_x"": 723.5, ""last_time"": 1233, ""sample_1_time"": 333, ""sample_0_time"": 17, ""last_y"": 546, ""sample_3_x"": 874.5, ""sample_3_y"": 509, ""sample_4_x"": 908.5, ""sample_1_x"": 783.5}",Q4 (270-360<U+00B0>),Q4 (270-360<U+00B0>),TRUE,TRUE,Correct,315,7.626717900000017,7.626717900000017,7.626717900000017,7.626717900000017,TRUE
166090,19,righth,3+,yes,2,"""5-10""",52,135,142.765166,2765,3150,"{""sample_2_time"": 1150, ""count"": 127, ""last_time"": 3150, ""sample_4_time"": 3150, ""sample_4_x"": 509.5, ""sample_2_x"": 705.5, ""sample_0_x"": 730.5, ""first_x"": 730.5, ""first_y"": 393, ""sample_3_x"": 620.5, ""sample_1_y"": 369, ""last_y"": 242, ""sample_2_y"": 395, ""sample_4_y"": 242, ""sample_1_x"": 781.5, ""sample_0_y"": 393, ""sample_3_time"": 2633, ""sample_0_time"": 17, ""first_time"": 17, ""sample_3_y"": 363, ""sample_1_time"": 533, ""last_x"": 509.5}",Q2 (90-180<U+00B0>),Q2 (90-180<U+00B0>),TRUE,TRUE,Correct,135,7.765165999999994,7.765165999999994,7.765165999999994,7.765165999999994,TRUE
166090,19,righth,3+,yes,2,"""5-10""",53,135,138.3853827,2349,567,"{""last_y"": 227, ""sample_3_y"": 287, ""last_time"": 566, ""sample_1_y"": 369, ""first_x"": 688.5, ""sample_2_time"": 316, ""sample_2_y"": 338, ""last_x"": 521.5, ""sample_4_x"": 521.5, ""sample_3_x"": 554.5, ""sample_1_x"": 642.5, ""sample_3_time"": 450, ""sample_0_x"": 688.5, ""sample_0_time"": 16, ""first_y"": 388, ""sample_2_x"": 601.5, ""sample_4_y"": 227, ""sample_4_time"": 566, ""sample_1_time"": 183, ""count"": 32, ""sample_0_y"": 388, ""first_time"": 16}",Q2 (90-180<U+00B0>),Q2 (90-180<U+00B0>),TRUE,TRUE,Correct,135,3.385382700000008,3.385382700000008,3.385382700000008,3.385382700000008,TRUE
166090,19,righth,3+,yes,2,"""5-10""",54,225,225.1595979,2648,484,"{""last_x"": 530.5, ""sample_4_y"": 574, ""sample_2_x"": 591.5, ""last_time"": 484, ""first_x"": 683.5, ""sample_0_x"": 683.5, ""sample_1_x"": 629.5, ""sample_3_y"": 527, ""first_time"": 17, ""first_y"": 408, ""sample_2_y"": 484, ""sample_3_x"": 558.5, ""sample_0_time"": 17, ""sample_3_time"": 367, ""sample_4_x"": 530.5, ""last_y"": 574, ""sample_0_y"": 408, ""sample_2_time"": 250, ""count"": 29, ""sample_1_time"": 134, ""sample_1_y"": 447, ""sample_4_time"": 484}",Q3 (180-270<U+00B0>),Q3 (180-270<U+00B0>),TRUE,TRUE,Correct,225,0.1595978999999943,0.1595978999999943,0.1595978999999943,0.1595978999999943,TRUE
166090,19,righth,3+,yes,2,"""5-10""",55,315,317.7416471,1579,367,"{""sample_4_y"": 563, ""sample_1_y"": 445, ""first_y"": 417, ""sample_0_x"": 735.5, ""sample_0_time"": 17, ""sample_4_time"": 366, ""sample_2_y"": 489, ""sample_2_x"": 831.5, ""first_time"": 17, ""sample_0_y"": 417, ""sample_3_y"": 540, ""sample_4_x"": 895.5, ""count"": 22, ""first_x"": 735.5, ""last_x"": 895.5, ""sample_3_x"": 871.5, ""sample_1_time"": 100, ""last_time"": 366, ""sample_3_time"": 283, ""sample_1_x"": 787.5, ""sample_2_time"": 199, ""last_y"": 563}",Q4 (270-360<U+00B0>),Q4 (270-360<U+00B0>),TRUE,TRUE,Correct,315,2.741647100000023,2.741647100000023,2.741647100000023,2.741647100000023,TRUE
166090,19,righth,3+,yes,2,"""5-10""",56,45,41.65225122,2565,584,"{""count"": 35, ""sample_2_x"": 830.5, ""sample_0_time"": 17, ""sample_4_y"": 225, ""sample_3_y"": 263, ""sample_2_y"": 303, ""last_x"": 899.5, ""first_time"": 17, ""sample_1_y"": 337, ""sample_1_time"": 150, ""sample_0_y"": 379, ""sample_0_x"": 738.5, ""sample_2_time"": 300, ""last_y"": 225, ""sample_3_time"": 449, ""sample_4_x"": 899.5, ""last_time"": 583, ""sample_3_x"": 872.5, ""sample_4_time"": 583, ""first_y"": 379, ""sample_1_x"": 788.5, ""first_x"": 738.5}",Q1 (0-90<U+00B0>),Q1 (0-90<U+00B0>),TRUE,TRUE,Correct,45,3.3477487800000034,3.3477487800000034,3.3477487800000034,3.3477487800000034,TRUE
166090,19,righth,3+,yes,2,"""5-10""",57,225,225.8115007,2432,1084,"{""sample_1_y"": 468, ""first_time"": 17, ""last_y"": 573, ""sample_2_y"": 503, ""last_time"": 1084, ""count"": 63, ""sample_2_time"": 567, ""first_x"": 688.5, ""sample_3_y"": 539, ""sample_4_time"": 1084, ""last_x"": 535.5, ""sample_1_time"": 300, ""first_y"": 402, ""sample_0_time"": 17, ""sample_3_x"": 550.5, ""sample_4_y"": 573, ""sample_2_x"": 571.5, ""sample_4_x"": 535.5, ""sample_1_x"": 603.5, ""sample_0_x"": 688.5, ""sample_0_y"": 402, ""sample_3_time"": 834}",Q3 (180-270<U+00B0>),Q3 (180-270<U+00B0>),TRUE,TRUE,Correct,225,0.8115007000000105,0.8115007000000105,0.8115007000000105,0.8115007000000105,TRUE
166090,19,righth,3+,yes,2,"""5-10""",58,225,219.3376221,2915,917,"{""last_x"": 515.5, ""sample_2_x"": 557.5, ""last_time"": 916, ""sample_0_x"": 680.5, ""sample_1_time"": 233, ""sample_4_y"": 553, ""sample_2_time"": 466, ""sample_4_x"": 515.5, ""first_y"": 408, ""sample_3_y"": 509, ""count"": 55, ""first_time"": 16, ""first_x"": 680.5, ""sample_2_y"": 487, ""sample_3_x"": 544.5, ""sample_0_time"": 16, ""sample_3_time"": 700, ""sample_4_time"": 916, ""sample_0_y"": 408, ""last_y"": 553, ""sample_1_x"": 572.5, ""sample_1_y"": 467}",Q3 (180-270<U+00B0>),Q3 (180-270<U+00B0>),TRUE,TRUE,Correct,225,5.662377899999996,5.662377899999996,5.662377899999996,5.662377899999996,TRUE
166090,19,righth,3+,yes,2,"""5-10""",59,135,143.0394446,2415,467,"{""sample_4_y"": 242, ""sample_3_y"": 270, ""sample_3_time"": 367, ""sample_4_time"": 467, ""sample_0_x"": 662.5, ""sample_0_time"": 17, ""first_y"": 393, ""first_time"": 17, ""sample_0_y"": 393, ""last_y"": 242, ""sample_3_x"": 517.5, ""sample_1_time"": 150, ""sample_2_x"": 534.5, ""sample_1_x"": 560.5, ""sample_4_x"": 507.5, ""sample_1_y"": 315, ""count"": 26, ""first_x"": 662.5, ""last_time"": 467, ""sample_2_y"": 290, ""sample_2_time"": 267, ""last_x"": 507.5}",Q2 (90-180<U+00B0>),Q2 (90-180<U+00B0>),TRUE,TRUE,Correct,135,8.039444599999996,8.039444599999996,8.039444599999996,8.039444599999996,TRUE
166090,19,righth,3+,yes,2,"""5-10""",60,225,224.1930705,2865,1433,"{""sample_3_y"": 514, ""sample_4_y"": 569, ""sample_4_x"": 529.5, ""last_time"": 1433, ""sample_2_x"": 571.5, ""sample_2_time"": 733, ""sample_3_x"": 555.5, ""sample_1_time"": 366, ""sample_1_y"": 457, ""sample_1_x"": 596.5, ""last_y"": 569, ""sample_2_y"": 489, ""sample_4_time"": 1433, ""sample_3_time"": 1083, ""last_x"": 529.5, ""first_time"": 16, ""first_y"": 406, ""count"": 86, ""sample_0_time"": 16, ""first_x"": 689.5, ""sample_0_y"": 406, ""sample_0_x"": 689.5}",Q3 (180-270<U+00B0>),Q3 (180-270<U+00B0>),TRUE,TRUE,Correct,225,0.8069294999999954,0.8069294999999954,0.8069294999999954,0.8069294999999954,TRUE
166090,19,righth,3+,yes,2,"""5-10""",61,315,318.0636117,2332,1384,"{""sample_3_x"": 878.5, ""count"": 81, ""sample_0_time"": 17, ""last_y"": 562, ""last_time"": 1384, ""sample_1_y"": 438, ""sample_1_x"": 805.5, ""sample_3_y"": 522, ""sample_0_y"": 397, ""sample_3_time"": 1050, ""sample_0_x"": 728.5, ""sample_1_time"": 384, ""sample_4_x"": 896.5, ""sample_2_y"": 487, ""sample_2_x"": 857.5, ""sample_2_time"": 717, ""first_y"": 397, ""first_time"": 17, ""sample_4_y"": 562, ""last_x"": 896.5, ""sample_4_time"": 1384, ""first_x"": 728.5}",Q4 (270-360<U+00B0>),Q4 (270-360<U+00B0>),TRUE,TRUE,Correct,315,3.063611700000024,3.063611700000024,3.063611700000024,3.063611700000024,TRUE
166090,19,righth,3+,yes,2,"""5-10""",62,135,137.9108378,2800,733,"{""sample_2_time"": 383, ""last_y"": 226, ""sample_2_y"": 263, ""sample_0_y"": 373, ""sample_1_y"": 287, ""sample_2_x"": 539.5, ""first_x"": 680.5, ""count"": 44, ""sample_1_time"": 199, ""sample_0_time"": 16, ""sample_3_x"": 532.5, ""last_x"": 523.5, ""last_time"": 733, ""first_y"": 373, ""sample_4_time"": 733, ""sample_4_y"": 226, ""first_time"": 16, ""sample_1_x"": 564.5, ""sample_4_x"": 523.5, ""sample_0_x"": 680.5, ""sample_3_y"": 251, ""sample_3_time"": 566}",Q2 (90-180<U+00B0>),Q2 (90-180<U+00B0>),TRUE,TRUE,Correct,135,2.910837799999996,2.910837799999996,2.910837799999996,2.910837799999996,TRUE
166090,19,righth,3+,yes,2,"""5-10""",63,225,222.9752349,2398,2534,"{""last_y"": 585, ""sample_4_time"": 2534, ""sample_4_x"": 504.5, ""sample_1_x"": 609.5, ""sample_4_y"": 585, ""last_time"": 2534, ""first_time"": 17, ""first_y"": 410, ""sample_2_time"": 1267, ""sample_2_x"": 565.5, ""sample_1_y"": 473, ""sample_1_time"": 634, ""sample_0_y"": 410, ""sample_0_time"": 17, ""sample_3_x"": 672.5, ""sample_0_x"": 698.5, ""count"": 150, ""sample_3_y"": 448, ""first_x"": 698.5, ""sample_3_time"": 1884, ""last_x"": 504.5, ""sample_2_y"": 528}",Q3 (180-270<U+00B0>),Q3 (180-270<U+00B0>),TRUE,TRUE,Correct,225,2.024765099999996,2.024765099999996,2.024765099999996,2.024765099999996,TRUE
166090,19,righth,3+,yes,2,"""5-10""",64,135,144.1217477,2283,382,"{""sample_0_y"": 394, ""sample_4_y"": 245, ""sample_4_time"": 382, ""sample_3_time"": 298, ""sample_1_time"": 98, ""sample_0_time"": 15, ""sample_1_x"": 575.5, ""sample_4_x"": 503.5, ""last_time"": 382, ""count"": 21, ""last_x"": 503.5, ""sample_3_y"": 291, ""sample_1_y"": 360, ""sample_2_time"": 182, ""first_y"": 394, ""first_x"": 658.5, ""sample_3_x"": 519.5, ""last_y"": 245, ""first_time"": 15, ""sample_2_y"": 341, ""sample_2_x"": 549.5, ""sample_0_x"": 658.5}",Q2 (90-180<U+00B0>),Q2 (90-180<U+00B0>),TRUE,TRUE,Correct,135,9.121747699999986,9.121747699999986,9.121747699999986,9.121747699999986,TRUE
166090,19,righth,3+,yes,2,"""5-10""",65,315,310.1559996,2565,250,"{""last_y"": 586, ""sample_2_time"": 133, ""last_x"": 871.5, ""sample_0_x"": 748.5, ""sample_1_time"": 67, ""sample_1_y"": 482, ""sample_3_x"": 853.5, ""sample_3_time"": 200, ""sample_2_y"": 524, ""first_y"": 437, ""sample_2_x"": 827.5, ""sample_4_y"": 586, ""sample_1_x"": 791.5, ""sample_4_x"": 871.5, ""sample_4_time"": 250, ""last_time"": 250, ""sample_0_time"": 17, ""first_x"": 748.5, ""sample_3_y"": 561, ""count"": 15, ""sample_0_y"": 437, ""first_time"": 17}",Q4 (270-360<U+00B0>),Q4 (270-360<U+00B0>),TRUE,TRUE,Correct,315,4.844000400000027,4.844000400000027,4.844000400000027,4.844000400000027,TRUE
166090,19,righth,3+,yes,2,"""5-10""",66,45,41.27211657,2278,437,"{""count"": 26, ""sample_0_y"": 377, ""first_y"": 377, ""sample_1_y"": 364, ""first_x"": 756.5, ""sample_3_time"": 337, ""sample_4_x"": 897.5, ""sample_2_y"": 328, ""last_y"": 229, ""sample_1_x"": 799.5, ""last_x"": 897.5, ""sample_4_time"": 437, ""sample_0_time"": 9, ""sample_3_x"": 874.5, ""sample_4_y"": 229, ""sample_0_x"": 756.5, ""first_time"": 9, ""sample_1_time"": 104, ""sample_2_time"": 236, ""sample_2_x"": 835.5, ""last_time"": 437, ""sample_3_y"": 267}",Q1 (0-90<U+00B0>),Q1 (0-90<U+00B0>),TRUE,TRUE,Correct,45,3.7278834299999986,3.7278834299999986,3.7278834299999986,3.7278834299999986,TRUE
166090,19,righth,3+,yes,2,"""5-10""",67,45,34.39031441,1964,234,"{""sample_1_x"": 806.5, ""sample_2_y"": 324, ""sample_1_time"": 67, ""sample_4_y"": 253, ""last_x"": 915.5, ""sample_0_y"": 396, ""sample_4_time"": 234, ""last_y"": 253, ""sample_3_x"": 892.5, ""first_time"": 17, ""first_x"": 741.5, ""sample_0_x"": 741.5, ""sample_3_y"": 284, ""sample_2_x"": 864.5, ""first_y"": 396, ""count"": 14, ""sample_0_time"": 17, ""sample_4_x"": 915.5, ""sample_2_time"": 134, ""sample_3_time"": 184, ""last_time"": 234, ""sample_1_y"": 376}",Q1 (0-90<U+00B0>),Q1 (0-90<U+00B0>),TRUE,TRUE,Correct,45,10.609685589999998,10.609685589999998,10.609685589999998,10.609685589999998,TRUE
166090,19,righth,3+,yes,2,"""5-10""",68,45,39.83475896,17697,1734,"{""sample_2_x"": 705.5, ""last_time"": 1734, ""sample_2_time"": 1000, ""sample_4_time"": 1734, ""sample_1_x"": 714.5, ""sample_4_x"": 902.5, ""first_y"": 424, ""last_y"": 233, ""last_x"": 902.5, ""sample_3_x"": 714.5, ""first_time"": 17, ""sample_3_y"": 368, ""sample_4_y"": 233, ""sample_3_time"": 1450, ""count"": 71, ""sample_0_y"": 424, ""first_x"": 715.5, ""sample_0_time"": 17, ""sample_2_y"": 395, ""sample_1_time"": 300, ""sample_0_x"": 715.5, ""sample_1_y"": 419}",Q1 (0-90<U+00B0>),Q1 (0-90<U+00B0>),TRUE,TRUE,Correct,45,5.165241039999998,5.165241039999998,5.165241039999998,5.165241039999998,TRUE
166090,19,righth,3+,yes,2,"""5-10""",69,45,43.2351422,2199,250,"{""sample_0_x"": 739.5, ""sample_2_time"": 150, ""first_x"": 739.5, ""sample_3_y"": 252, ""sample_4_x"": 893.5, ""sample_2_y"": 290, ""sample_4_time"": 250, ""first_time"": 17, ""last_x"": 893.5, ""sample_3_x"": 880.5, ""sample_1_time"": 79, ""last_time"": 250, ""sample_4_y"": 221, ""sample_0_time"": 17, ""sample_0_y"": 390, ""count"": 14, ""last_y"": 221, ""sample_2_x"": 856.5, ""sample_1_y"": 370, ""first_y"": 390, ""sample_3_time"": 199, ""sample_1_x"": 775.5}",Q1 (0-90<U+00B0>),Q1 (0-90<U+00B0>),TRUE,TRUE,Correct,45,1.7648578000000015,1.7648578000000015,1.7648578000000015,1.7648578000000015,TRUE
166090,19,righth,3+,yes,2,"""5-10""",70,315,314.2320061,1665,117,"{""first_time"": 17, ""first_x"": 745.5, ""last_time"": 117, ""count"": 7, ""first_y"": 415, ""last_y"": 583, ""last_x"": 893.5}",Q4 (270-360<U+00B0>),Q4 (270-360<U+00B0>),TRUE,TRUE,Correct,315,0.7679939000000218,0.7679939000000218,0.7679939000000218,0.7679939000000218,TRUE
166090,19,righth,3+,yes,2,"""5-10""",71,225,220.7755968,1374,267,"{""first_time"": 17, ""last_x"": 520.5, ""sample_0_x"": 675.5, ""count"": 16, ""sample_2_x"": 550.5, ""sample_4_time"": 267, ""last_y"": 557, ""sample_3_x"": 525.5, ""sample_1_time"": 84, ""sample_0_time"": 17, ""sample_4_y"": 557, ""sample_3_y"": 549, ""sample_2_time"": 150, ""sample_0_y"": 422, ""sample_3_time"": 217, ""sample_2_y"": 527, ""last_time"": 267, ""sample_1_y"": 480, ""first_x"": 675.5, ""first_y"": 422, ""sample_4_x"": 520.5, ""sample_1_x"": 605.5}",Q3 (180-270<U+00B0>),Q3 (180-270<U+00B0>),TRUE,TRUE,Correct,225,4.224403200000012,4.224403200000012,4.224403200000012,4.224403200000012,TRUE
166090,19,righth,3+,yes,2,"""5-10""",72,135,140.2519837,1748,117,"{""count"": 7, ""last_x"": 513.5, ""first_x"": 668.5, ""first_y"": 362, ""last_time"": 117, ""last_y"": 231, ""first_time"": 17}",Q2 (90-180<U+00B0>),Q2 (90-180<U+00B0>),TRUE,TRUE,Correct,135,5.251983700000011,5.251983700000011,5.251983700000011,5.251983700000011,TRUE
166090,19,righth,3+,yes,2,"""5-10""",73,135,131.143199,1531,167,"{""first_y"": 354, ""last_time"": 167, ""last_y"": 204, ""first_time"": 17, ""count"": 10, ""first_x"": 647.5, ""last_x"": 543.5}",Q2 (90-180<U+00B0>),Q2 (90-180<U+00B0>),TRUE,TRUE,Correct,135,3.85680099999999,3.85680099999999,3.85680099999999,3.85680099999999,TRUE
166090,19,righth,3+,yes,2,"""5-10""",74,225,221.4438189,898,367,"{""sample_0_time"": 17, ""sample_4_y"": 560, ""sample_4_x"": 521.5, ""sample_1_y"": 462, ""count"": 22, ""sample_2_y"": 530, ""sample_4_time"": 367, ""sample_0_x"": 688.5, ""sample_0_y"": 412, ""sample_1_x"": 616.5, ""sample_3_y"": 549, ""first_y"": 412, ""first_x"": 688.5, ""sample_2_time"": 200, ""last_y"": 560, ""sample_1_time"": 100, ""sample_3_x"": 526.5, ""first_time"": 17, ""sample_3_time"": 283, ""sample_2_x"": 540.5, ""last_x"": 521.5, ""last_time"": 367}",Q3 (180-270<U+00B0>),Q3 (180-270<U+00B0>),TRUE,TRUE,Correct,225,3.5561811000000034,3.5561811000000034,3.5561811000000034,3.5561811000000034,TRUE
166090,19,righth,3+,yes,2,"""5-10""",75,315,323.9055552,1715,217,"{""sample_2_y"": 473, ""sample_3_time"": 167, ""sample_0_y"": 399, ""sample_2_time"": 117, ""first_y"": 399, ""count"": 13, ""last_y"": 542, ""first_x"": 745.5, ""sample_1_time"": 67, ""last_x"": 912.5, ""sample_2_x"": 856.5, ""last_time"": 217, ""first_time"": 16, ""sample_1_y"": 425, ""sample_4_y"": 542, ""sample_1_x"": 807.5, ""sample_0_time"": 16, ""sample_4_x"": 912.5, ""sample_3_y"": 518, ""sample_3_x"": 893.5, ""sample_4_time"": 217, ""sample_0_x"": 745.5}",Q4 (270-360<U+00B0>),Q4 (270-360<U+00B0>),TRUE,TRUE,Correct,315,8.90555519999998,8.90555519999998,8.90555519999998,8.90555519999998,TRUE
166090,19,righth,3+,yes,2,"""5-10""",76,45,42.19972083,5231,184,"{""last_x"": 902.5, ""sample_1_y"": 354, ""sample_0_x"": 744.5, ""first_x"": 744.5, ""last_y"": 219, ""sample_2_time"": 100, ""sample_4_y"": 219, ""sample_3_x"": 881.5, ""sample_4_x"": 902.5, ""count"": 11, ""last_time"": 184, ""sample_3_time"": 149, ""sample_0_time"": 16, ""sample_3_y"": 249, ""sample_1_x"": 775.5, ""sample_4_time"": 184, ""sample_1_time"": 50, ""first_time"": 16, ""sample_2_x"": 833.5, ""sample_2_y"": 299, ""first_y"": 381, ""sample_0_y"": 381}",Q1 (0-90<U+00B0>),Q1 (0-90<U+00B0>),TRUE,TRUE,Correct,45,2.800279170000003,2.800279170000003,2.800279170000003,2.800279170000003,TRUE
166090,19,righth,3+,yes,2,"""5-10""",77,135,143.2671733,2509,289,"{""last_y"": 244, ""sample_3_y"": 274, ""first_y"": 380, ""last_time"": 289, ""sample_3_x"": 533.5, ""last_x"": 508.5, ""sample_1_time"": 72, ""sample_2_y"": 321, ""first_time"": 22, ""sample_2_x"": 567.5, ""first_x"": 631.5, ""sample_4_time"": 289, ""count"": 18, ""sample_4_y"": 244, ""sample_3_time"": 222, ""sample_0_x"": 631.5, ""sample_1_y"": 365, ""sample_1_x"": 602.5, ""sample_4_x"": 508.5, ""sample_0_time"": 22, ""sample_2_time"": 155, ""sample_0_y"": 380}",Q2 (90-180<U+00B0>),Q2 (90-180<U+00B0>),TRUE,TRUE,Correct,135,8.267173299999996,8.267173299999996,8.267173299999996,8.267173299999996,TRUE
166090,19,righth,3+,yes,2,"""5-10""",78,315,322.9471955,2464,1034,"{""sample_2_y"": 462, ""last_time"": 1033, ""sample_2_time"": 534, ""sample_0_y"": 391, ""last_y"": 545, ""sample_0_x"": 730.5, ""last_x"": 909.5, ""sample_4_y"": 545, ""sample_3_y"": 517, ""sample_4_time"": 1033, ""sample_1_time"": 267, ""sample_0_time"": 30, ""sample_2_x"": 848.5, ""first_y"": 391, ""sample_1_y"": 407, ""sample_3_x"": 890.5, ""first_x"": 730.5, ""sample_4_x"": 909.5, ""sample_3_time"": 784, ""sample_1_x"": 786.5, ""count"": 62, ""first_time"": 30}",Q4 (270-360<U+00B0>),Q4 (270-360<U+00B0>),TRUE,TRUE,Correct,315,7.947195500000021,7.947195500000021,7.947195500000021,7.947195500000021,TRUE
166090,19,righth,3+,yes,2,"""5-10""",79,315,316.2945995,2398,651,"{""sample_3_y"": 527, ""sample_0_x"": 735.5, ""sample_4_y"": 567, ""sample_4_x"": 890.5, ""sample_1_x"": 800.5, ""sample_1_time"": 184, ""sample_2_x"": 829.5, ""first_y"": 408, ""sample_0_y"": 408, ""sample_1_y"": 451, ""sample_2_y"": 484, ""last_time"": 650, ""sample_0_time"": 17, ""sample_3_time"": 500, ""first_x"": 735.5, ""last_y"": 567, ""count"": 38, ""first_time"": 17, ""sample_4_time"": 650, ""sample_2_time"": 350, ""last_x"": 890.5, ""sample_3_x"": 863.5}",Q4 (270-360<U+00B0>),Q4 (270-360<U+00B0>),TRUE,TRUE,Correct,315,1.294599500000004,1.294599500000004,1.294599500000004,1.294599500000004,TRUE
166090,19,righth,3+,yes,2,"""5-10""",80,45,135.4869212,1432,367,"{""sample_1_x"": 644.5, ""last_x"": 531.5, ""sample_4_time"": 367, ""first_x"": 688.5, ""first_time"": 17, ""sample_1_time"": 100, ""sample_0_y"": 392, ""last_y"": 219, ""sample_2_y"": 294, ""first_y"": 392, ""sample_4_x"": 531.5, ""sample_0_x"": 688.5, ""sample_4_y"": 219, ""sample_3_y"": 250, ""sample_3_x"": 548.5, ""last_time"": 367, ""sample_1_y"": 359, ""sample_2_time"": 200, ""sample_2_x"": 582.5, ""count"": 22, ""sample_0_time"": 17, ""sample_3_time"": 283}",Q1 (0-90<U+00B0>),Q2 (90-180<U+00B0>),FALSE,TRUE,Formant,135,0.4869212000000118,0.4869212000000118,90.48692120000001,90.48692120000001,FALSE
166090,19,righth,3+,yes,2,"""5-10""",81,45,32.4365306,2149,582,"{""sample_2_y"": 337, ""sample_0_time"": 15, ""first_y"": 401, ""first_x"": 728.5, ""sample_3_time"": 449, ""sample_0_y"": 401, ""sample_1_time"": 166, ""count"": 34, ""sample_4_time"": 582, ""sample_4_x"": 923.5, ""sample_3_y"": 305, ""sample_3_x"": 882.5, ""sample_2_time"": 318, ""last_y"": 258, ""sample_4_y"": 258, ""first_time"": 15, ""sample_0_x"": 728.5, ""sample_1_y"": 377, ""last_time"": 582, ""sample_2_x"": 844.5, ""sample_1_x"": 783.5, ""last_x"": 923.5}",Q1 (0-90<U+00B0>),Q1 (0-90<U+00B0>),TRUE,TRUE,Correct,45,12.563469400000002,12.563469400000002,12.563469400000002,12.563469400000002,TRUE
166090,19,righth,3+,yes,2,"""5-10""",82,315,318.70694,2599,1267,"{""sample_2_y"": 471, ""sample_3_y"": 501, ""sample_1_x"": 785.5, ""sample_3_time"": 966, ""count"": 76, ""sample_3_x"": 858.5, ""sample_2_time"": 650, ""last_x"": 898.5, ""sample_4_x"": 898.5, ""sample_1_y"": 441, ""last_time"": 1266, ""sample_4_y"": 560, ""first_y"": 408, ""first_x"": 723.5, ""sample_0_time"": 16, ""first_time"": 16, ""sample_2_x"": 830.5, ""sample_0_y"": 408, ""sample_0_x"": 723.5, ""sample_1_time"": 333, ""sample_4_time"": 1266, ""last_y"": 560}",Q4 (270-360<U+00B0>),Q4 (270-360<U+00B0>),TRUE,TRUE,Correct,315,3.7069399999999746,3.7069399999999746,3.7069399999999746,3.7069399999999746,TRUE
166090,19,righth,3+,yes,2,"""5-10""",83,225,222.0891622,2381,1217,"{""sample_0_time"": 17, ""sample_0_x"": 687.5, ""sample_1_time"": 317, ""sample_0_y"": 402, ""sample_4_y"": 562, ""sample_2_y"": 476, ""sample_3_time"": 917, ""sample_1_y"": 442, ""last_time"": 1217, ""sample_2_x"": 577.5, ""first_y"": 402, ""count"": 73, ""last_x"": 523.5, ""sample_4_x"": 523.5, ""last_y"": 562, ""sample_3_x"": 552.5, ""sample_2_time"": 617, ""sample_1_x"": 620.5, ""sample_4_time"": 1217, ""first_x"": 687.5, ""sample_3_y"": 512, ""first_time"": 17}",Q3 (180-270<U+00B0>),Q3 (180-270<U+00B0>),TRUE,TRUE,Correct,225,2.910837799999996,2.910837799999996,2.910837799999996,2.910837799999996,TRUE
166090,19,righth,3+,yes,2,"""5-10""",84,225,221.5954817,2530,1620,"{""sample_3_x"": 535.5, ""sample_2_y"": 514, ""sample_3_y"": 531, ""sample_2_time"": 819, ""first_y"": 401, ""sample_1_time"": 403, ""sample_2_x"": 546.5, ""sample_4_x"": 522.5, ""first_time"": 9, ""sample_4_time"": 1619, ""first_x"": 682.5, ""sample_0_x"": 682.5, ""sample_3_time"": 1219, ""last_x"": 522.5, ""last_time"": 1619, ""sample_4_y"": 560, ""sample_0_y"": 401, ""sample_0_time"": 9, ""sample_1_y"": 464, ""last_y"": 560, ""count"": 98, ""sample_1_x"": 576.5}",Q3 (180-270<U+00B0>),Q3 (180-270<U+00B0>),TRUE,TRUE,Correct,225,3.4045183000000065,3.4045183000000065,3.4045183000000065,3.4045183000000065,TRUE
166090,19,righth,3+,yes,2,"""5-10""",85,135,134.5185342,2832,1967,"{""first_time"": 16, ""sample_0_y"": 395, ""sample_3_x"": 610.5, ""sample_3_y"": 301, ""sample_3_time"": 1550, ""last_y"": 214, ""sample_2_time"": 1133, ""sample_1_y"": 391, ""count"": 101, ""sample_2_x"": 704.5, ""last_time"": 1966, ""sample_4_y"": 214, ""sample_4_x"": 532.5, ""sample_0_x"": 725.5, ""sample_0_time"": 16, ""first_y"": 395, ""sample_1_time"": 633, ""last_x"": 532.5, ""sample_2_y"": 375, ""sample_1_x"": 762.5, ""sample_4_time"": 1966, ""first_x"": 725.5}",Q2 (90-180<U+00B0>),Q2 (90-180<U+00B0>),TRUE,TRUE,Correct,135,0.48146579999999517,0.48146579999999517,0.48146579999999517,0.48146579999999517,TRUE
166090,19,righth,3+,yes,2,"""5-10""",86,135,136.7648578,2715,1217,"{""first_y"": 391, ""sample_3_time"": 916, ""sample_0_time"": 16, ""sample_3_y"": 266, ""sample_4_x"": 525.5, ""sample_1_y"": 368, ""sample_0_y"": 391, ""count"": 73, ""last_x"": 525.5, ""sample_2_y"": 314, ""sample_1_time"": 316, ""sample_4_y"": 221, ""sample_1_x"": 650.5, ""first_time"": 16, ""sample_3_x"": 539.5, ""sample_2_time"": 616, ""sample_0_x"": 690.5, ""first_x"": 690.5, ""last_time"": 1216, ""sample_2_x"": 579.5, ""last_y"": 221, ""sample_4_time"": 1216}",Q2 (90-180<U+00B0>),Q2 (90-180<U+00B0>),TRUE,TRUE,Correct,135,1.7648577999999873,1.7648577999999873,1.7648577999999873,1.7648577999999873,TRUE
166090,19,righth,3+,yes,2,"""5-10""",87,135,132.8909103,2682,1716,"{""sample_3_x"": 551.5, ""last_time"": 1716, ""count"": 103, ""sample_3_time"": 1300, ""sample_1_x"": 621.5, ""sample_2_time"": 866, ""first_time"": 16, ""sample_0_time"": 16, ""sample_1_time"": 433, ""sample_3_y"": 251, ""sample_4_x"": 539.5, ""sample_2_y"": 291, ""sample_2_x"": 570.5, ""sample_0_x"": 689.5, ""last_y"": 211, ""sample_4_y"": 211, ""first_y"": 390, ""sample_1_y"": 342, ""last_x"": 539.5, ""sample_4_time"": 1716, ""sample_0_y"": 390, ""first_x"": 689.5}",Q2 (90-180<U+00B0>),Q2 (90-180<U+00B0>),TRUE,TRUE,Correct,135,2.1090896999999984,2.1090896999999984,2.1090896999999984,2.1090896999999984,TRUE
166090,19,righth,3+,yes,2,"""5-10""",88,45,38.05484424,2488,1277,"{""sample_2_y"": 340, ""count"": 77, ""first_time"": 15, ""first_x"": 722.5, ""sample_2_x"": 824.5, ""last_y"": 239, ""sample_3_time"": 961, ""first_y"": 402, ""sample_3_x"": 856.5, ""sample_1_time"": 327, ""sample_0_time"": 15, ""last_x"": 907.5, ""sample_2_time"": 644, ""sample_0_x"": 722.5, ""sample_3_y"": 306, ""last_time"": 1277, ""sample_1_y"": 376, ""sample_0_y"": 402, ""sample_1_x"": 777.5, ""sample_4_x"": 907.5, ""sample_4_y"": 239, ""sample_4_time"": 1277}",Q1 (0-90<U+00B0>),Q1 (0-90<U+00B0>),TRUE,TRUE,Correct,45,6.945155759999999,6.945155759999999,6.945155759999999,6.945155759999999,TRUE
166090,19,righth,3+,yes,2,"""5-10""",89,225,40.7993778,13097,467,"{""sample_3_x"": 866.5, ""sample_2_x"": 825.5, ""sample_2_y"": 325, ""last_time"": 467, ""sample_3_time"": 367, ""sample_1_time"": 134, ""sample_2_time"": 250, ""sample_0_x"": 727.5, ""last_x"": 899.5, ""sample_4_y"": 230, ""last_y"": 230, ""sample_1_x"": 778.5, ""sample_3_y"": 270, ""count"": 28, ""sample_0_time"": 17, ""sample_1_y"": 375, ""sample_0_y"": 400, ""sample_4_time"": 467, ""sample_4_x"": 899.5, ""first_x"": 727.5, ""first_time"": 17, ""first_y"": 400}",Q3 (180-270<U+00B0>),Q1 (0-90<U+00B0>),FALSE,FALSE,Both,45,4.200622199999998,4.200622199999998,184.2006222,175.7993778,FALSE
166090,19,righth,3+,yes,2,"""5-10""",90,45,40.6261195,948,3117,"{""sample_4_time"": 3117, ""count"": 84, ""last_time"": 3117, ""first_y"": 403, ""last_x"": 899.5, ""sample_2_time"": 2433, ""sample_0_x"": 696.5, ""first_x"": 696.5, ""sample_0_time"": 33, ""sample_0_y"": 403, ""last_y"": 231, ""sample_4_y"": 231, ""sample_2_y"": 341, ""sample_1_x"": 747.5, ""sample_3_time"": 2783, ""sample_2_x"": 816.5, ""sample_1_time"": 2083, ""sample_4_x"": 899.5, ""first_time"": 33, ""sample_1_y"": 388, ""sample_3_x"": 866.5, ""sample_3_y"": 280}",Q1 (0-90<U+00B0>),Q1 (0-90<U+00B0>),TRUE,TRUE,Correct,45,4.3738804999999985,4.3738804999999985,4.3738804999999985,4.3738804999999985,TRUE
166090,19,righth,3+,yes,2,"""5-10""",91,225,226.452258,1082,350,"{""sample_4_time"": 350, ""sample_0_x"": 682.5, ""count"": 21, ""last_y"": 576, ""sample_1_y"": 477, ""sample_3_x"": 552.5, ""sample_1_time"": 100, ""sample_0_time"": 17, ""sample_1_x"": 628.5, ""last_x"": 536.5, ""sample_2_x"": 576.5, ""first_time"": 17, ""sample_0_y"": 425, ""last_time"": 350, ""sample_3_y"": 564, ""first_x"": 682.5, ""sample_2_y"": 538, ""sample_4_y"": 576, ""sample_3_time"": 267, ""sample_2_time"": 183, ""first_y"": 425, ""sample_4_x"": 536.5}",Q3 (180-270<U+00B0>),Q3 (180-270<U+00B0>),TRUE,TRUE,Correct,225,1.4522580000000005,1.4522580000000005,1.4522580000000005,1.4522580000000005,TRUE
166090,19,righth,3+,yes,2,"""5-10""",92,135,42.25835288,2582,817,"{""sample_3_y"": 263, ""sample_3_time"": 617, ""sample_0_y"": 384, ""sample_1_y"": 355, ""sample_4_time"": 817, ""last_x"": 895.5, ""sample_1_x"": 788.5, ""sample_1_time"": 217, ""sample_4_y"": 225, ""sample_0_x"": 730.5, ""sample_4_x"": 895.5, ""sample_2_y"": 321, ""count"": 49, ""first_time"": 17, ""first_x"": 730.5, ""first_y"": 384, ""sample_2_time"": 417, ""sample_0_time"": 17, ""sample_3_x"": 869.5, ""last_time"": 817, ""last_y"": 225, ""sample_2_x"": 823.5}",Q2 (90-180<U+00B0>),Q1 (0-90<U+00B0>),FALSE,TRUE,Formant,45,2.741647120000003,2.741647120000003,92.74164712000001,92.74164712000001,FALSE
166090,19,righth,3+,yes,2,"""5-10""",93,315,330.08635399999997,2082,217,"{""last_y"": 520, ""sample_1_y"": 435, ""sample_2_y"": 460, ""sample_4_y"": 520, ""first_y"": 403, ""sample_2_time"": 117, ""sample_3_x"": 888.5, ""sample_0_time"": 17, ""sample_4_time"": 217, ""sample_1_time"": 67, ""sample_2_x"": 841.5, ""sample_3_time"": 167, ""first_x"": 739.5, ""sample_0_x"": 739.5, ""last_time"": 217, ""first_time"": 17, ""last_x"": 928.5, ""sample_3_y"": 490, ""sample_0_y"": 403, ""count"": 13, ""sample_1_x"": 800.5, ""sample_4_x"": 928.5}",Q4 (270-360<U+00B0>),Q4 (270-360<U+00B0>),TRUE,TRUE,Correct,315,15.086353999999972,15.086353999999972,15.086353999999972,15.086353999999972,TRUE
166090,19,righth,3+,yes,2,"""5-10""",94,225,229.2244032,1181,333,"{""sample_0_x"": 674.5, ""first_y"": 432, ""sample_3_x"": 556.5, ""count"": 20, ""sample_1_time"": 100, ""sample_0_time"": 16, ""first_time"": 16, ""sample_1_y"": 540, ""sample_1_x"": 577.5, ""sample_2_y"": 559, ""sample_2_time"": 183, ""sample_4_x"": 546.5, ""sample_4_time"": 333, ""last_x"": 546.5, ""sample_0_y"": 432, ""first_x"": 674.5, ""sample_3_time"": 266, ""sample_3_y"": 568, ""last_time"": 333, ""sample_2_x"": 563.5, ""sample_4_y"": 583, ""last_y"": 583}",Q3 (180-270<U+00B0>),Q3 (180-270<U+00B0>),TRUE,TRUE,Correct,225,4.224403200000012,4.224403200000012,4.224403200000012,4.224403200000012,TRUE
166090,19,righth,3+,yes,2,"""5-10""",95,135,142.5840114,1698,267,"{""sample_1_y"": 310, ""count"": 16, ""first_time"": 16, ""last_time"": 267, ""sample_0_time"": 16, ""sample_2_time"": 150, ""sample_3_y"": 249, ""sample_3_x"": 513.5, ""first_y"": 395, ""sample_0_x"": 680.5, ""sample_3_time"": 217, ""last_y"": 241, ""sample_4_time"": 267, ""first_x"": 680.5, ""sample_2_y"": 264, ""sample_1_x"": 564.5, ""last_x"": 509.5, ""sample_2_x"": 520.5, ""sample_4_y"": 241, ""sample_0_y"": 395, ""sample_4_x"": 509.5, ""sample_1_time"": 84}",Q2 (90-180<U+00B0>),Q2 (90-180<U+00B0>),TRUE,TRUE,Correct,135,7.5840114000000085,7.5840114000000085,7.5840114000000085,7.5840114000000085,TRUE
166090,19,righth,3+,yes,2,"""5-10""",96,45,47.75715663,1298,150,"{""first_x"": 733.5, ""last_y"": 209, ""last_time"": 150, ""first_time"": 16, ""last_x"": 877.5, ""count"": 9, ""first_y"": 381}",Q1 (0-90<U+00B0>),Q1 (0-90<U+00B0>),TRUE,TRUE,Correct,45,2.7571566299999972,2.7571566299999972,2.7571566299999972,2.7571566299999972,TRUE
166090,19,righth,3+,yes,2,"""5-10""",97,135,139.0282637,2064,233,"{""first_time"": 16, ""first_x"": 654.5, ""sample_4_time"": 233, ""count"": 13, ""sample_1_time"": 66, ""sample_2_time"": 116, ""sample_0_y"": 353, ""sample_0_x"": 654.5, ""sample_1_x"": 583.5, ""sample_3_time"": 171, ""last_y"": 229, ""sample_4_y"": 229, ""last_time"": 233, ""sample_1_y"": 285, ""sample_2_y"": 251, ""first_y"": 353, ""sample_3_x"": 530.5, ""last_x"": 519.5, ""sample_4_x"": 519.5, ""sample_2_x"": 547.5, ""sample_3_y"": 237, ""sample_0_time"": 16}",Q2 (90-180<U+00B0>),Q2 (90-180<U+00B0>),TRUE,TRUE,Correct,135,4.028263699999997,4.028263699999997,4.028263699999997,4.028263699999997,TRUE
166090,19,righth,3+,yes,2,"""5-10""",98,135,40.69553104,2301,182,"{""last_time"": 181, ""sample_1_x"": 799.5, ""sample_2_y"": 302, ""sample_2_x"": 857.5, ""last_x"": 909.5, ""sample_0_time"": 14, ""sample_3_y"": 250, ""sample_1_y"": 351, ""sample_0_y"": 380, ""sample_4_y"": 222, ""sample_3_x"": 895.5, ""sample_4_time"": 181, ""first_y"": 380, ""sample_1_time"": 48, ""first_time"": 14, ""last_y"": 222, ""sample_3_time"": 147, ""sample_2_time"": 97, ""sample_0_x"": 743.5, ""count"": 11, ""sample_4_x"": 909.5, ""first_x"": 743.5}",Q2 (90-180<U+00B0>),Q1 (0-90<U+00B0>),FALSE,TRUE,Formant,45,4.304468960000001,4.304468960000001,94.30446896000001,94.30446896000001,FALSE
166090,19,righth,3+,yes,2,"""5-10""",99,225,220.4572754,1498,217,"{""first_x"": 671.5, ""sample_1_time"": 67, ""sample_3_x"": 523.5, ""sample_2_time"": 116, ""last_y"": 562, ""first_y"": 409, ""sample_1_x"": 591.5, ""sample_0_y"": 409, ""sample_2_x"": 547.5, ""sample_3_y"": 519, ""sample_1_y"": 447, ""sample_4_time"": 217, ""sample_4_y"": 562, ""sample_0_time"": 17, ""last_time"": 217, ""count"": 13, ""first_time"": 17, ""last_x"": 512.5, ""sample_4_x"": 512.5, ""sample_2_y"": 479, ""sample_0_x"": 671.5, ""sample_3_time"": 167}",Q3 (180-270<U+00B0>),Q3 (180-270<U+00B0>),TRUE,TRUE,Correct,225,4.542724600000014,4.542724600000014,4.542724600000014,4.542724600000014,TRUE
166090,19,righth,3+,yes,2,"""5-10""",100,45,40.15599962,2084,201,"{""count"": 9, ""first_time"": 15, ""first_x"": 746.5, ""last_time"": 150, ""first_y"": 379, ""last_x"": 901.5, ""last_y"": 232}",Q1 (0-90<U+00B0>),Q1 (0-90<U+00B0>),TRUE,TRUE,Correct,45,4.844000379999997,4.844000379999997,4.844000379999997,4.844000379999997,TRUE
166111,18,lefth,2,yes,2,"""5-10""",21,315,227.6087947,2966,2117,"{""first_y"": 483, ""first_x"": 850, ""sample_1_y"": 527, ""sample_0_y"": 483, ""sample_2_x"": 734, ""sample_0_time"": 16, ""sample_4_x"": 656, ""sample_3_x"": 693, ""last_time"": 2117, ""sample_3_y"": 646, ""first_time"": 16, ""sample_2_y"": 601, ""sample_1_x"": 799, ""last_y"": 683, ""last_x"": 656, ""sample_1_time"": 534, ""sample_4_y"": 683, ""sample_3_time"": 1600, ""count"": 127, ""sample_0_x"": 850, ""sample_2_time"": 1067, ""sample_4_time"": 2117}",Q4 (270-360<U+00B0>),Q3 (180-270<U+00B0>),FALSE,TRUE,Formant,225,2.6087947000000042,2.6087947000000042,87.3912053,87.3912053,FALSE
166111,18,lefth,2,yes,2,"""5-10""",22,225,224.8626003,2765,2417,"{""first_time"": 16, ""sample_2_y"": 572, ""count"": 145, ""first_y"": 484, ""sample_0_y"": 484, ""last_x"": 646, ""sample_4_time"": 2416, ""sample_0_x"": 843, ""sample_1_time"": 616, ""sample_2_time"": 1216, ""sample_0_time"": 16, ""sample_1_y"": 533, ""last_time"": 2416, ""last_y"": 673, ""sample_4_y"": 673, ""sample_3_y"": 645, ""sample_1_x"": 795, ""sample_2_x"": 746, ""sample_3_time"": 1816, ""first_x"": 843, ""sample_3_x"": 689, ""sample_4_x"": 646}",Q3 (180-270<U+00B0>),Q3 (180-270<U+00B0>),TRUE,TRUE,Correct,225,0.13739970000000312,0.13739970000000312,0.13739970000000312,0.13739970000000312,TRUE
166111,18,lefth,2,yes,2,"""5-10""",23,135,137.050286,2798,2117,"{""first_y"": 450, ""last_y"": 263, ""sample_4_y"": 263, ""count"": 127, ""sample_2_time"": 1067, ""sample_4_time"": 2116, ""sample_0_x"": 841, ""sample_3_time"": 1600, ""sample_1_x"": 813, ""sample_4_x"": 638, ""sample_0_time"": 17, ""sample_3_x"": 685, ""last_time"": 2116, ""first_time"": 17, ""sample_2_x"": 742, ""sample_2_y"": 363, ""first_x"": 841, ""last_x"": 638, ""sample_1_time"": 533, ""sample_3_y"": 303, ""sample_1_y"": 432, ""sample_0_y"": 450}",Q2 (90-180<U+00B0>),Q2 (90-180<U+00B0>),TRUE,TRUE,Correct,135,2.050286,2.050286,2.050286,2.050286,TRUE
166111,18,lefth,2,yes,2,"""5-10""",24,225,226.785621,2798,1984,"{""last_x"": 653, ""sample_1_y"": 519, ""sample_1_time"": 499, ""sample_0_y"": 484, ""sample_1_x"": 824, ""sample_2_time"": 1000, ""sample_4_y"": 680, ""first_y"": 484, ""sample_4_x"": 653, ""count"": 119, ""first_x"": 856, ""sample_0_time"": 17, ""sample_2_y"": 597, ""first_time"": 17, ""sample_3_time"": 1499, ""sample_4_time"": 1983, ""sample_3_x"": 692, ""sample_3_y"": 642, ""last_y"": 680, ""sample_2_x"": 751, ""sample_0_x"": 856, ""last_time"": 1983}",Q3 (180-270<U+00B0>),Q3 (180-270<U+00B0>),TRUE,TRUE,Correct,225,1.785620999999992,1.785620999999992,1.785620999999992,1.785620999999992,TRUE
166111,18,lefth,2,yes,2,"""5-10""",25,45,46.23050771,3266,2116,"{""sample_1_time"": 532, ""sample_0_x"": 868, ""first_x"": 868, ""sample_4_time"": 2116, ""count"": 127, ""last_y"": 251, ""sample_3_y"": 298, ""sample_3_time"": 1599, ""sample_1_y"": 409, ""sample_0_y"": 449, ""sample_2_time"": 1066, ""sample_0_time"": 16, ""sample_3_x"": 1007, ""last_time"": 2116, ""first_time"": 16, ""sample_4_y"": 251, ""sample_1_x"": 907, ""sample_2_x"": 957, ""sample_2_y"": 356, ""last_x"": 1060, ""first_y"": 449, ""sample_4_x"": 1060}",Q1 (0-90<U+00B0>),Q1 (0-90<U+00B0>),TRUE,TRUE,Correct,45,1.2305077099999977,1.2305077099999977,1.2305077099999977,1.2305077099999977,TRUE
166111,18,lefth,2,yes,2,"""5-10""",26,315,313.9035639,2781,2334,"{""sample_3_y"": 634, ""sample_0_x"": 866, ""sample_4_time"": 2333, ""sample_1_x"": 901, ""sample_2_x"": 970, ""sample_0_y"": 482, ""last_y"": 678, ""sample_4_y"": 678, ""last_time"": 2333, ""sample_2_y"": 576, ""count"": 140, ""first_time"": 17, ""sample_4_x"": 1060, ""sample_2_time"": 1183, ""sample_1_y"": 506, ""sample_3_time"": 1766, ""first_y"": 482, ""sample_0_time"": 17, ""first_x"": 866, ""sample_3_x"": 1022, ""sample_1_time"": 599, ""last_x"": 1060}",Q4 (270-360<U+00B0>),Q4 (270-360<U+00B0>),TRUE,TRUE,Correct,315,1.0964361000000054,1.0964361000000054,1.0964361000000054,1.0964361000000054,TRUE
166111,18,lefth,2,yes,2,"""5-10""",27,225,224.0382907,2782,2000,"{""first_y"": 483, ""sample_2_y"": 586, ""sample_3_x"": 682, ""first_time"": 16, ""sample_1_y"": 523, ""sample_3_y"": 635, ""last_time"": 1999, ""sample_4_y"": 670, ""count"": 120, ""sample_4_time"": 1999, ""sample_2_time"": 1016, ""sample_4_x"": 643, ""sample_1_time"": 516, ""sample_3_time"": 1516, ""sample_2_x"": 737, ""sample_0_time"": 16, ""sample_1_x"": 804, ""sample_0_y"": 483, ""last_y"": 670, ""first_x"": 843, ""last_x"": 643, ""sample_0_x"": 843}",Q3 (180-270<U+00B0>),Q3 (180-270<U+00B0>),TRUE,TRUE,Correct,225,0.9617092999999954,0.9617092999999954,0.9617092999999954,0.9617092999999954,TRUE
166111,18,lefth,2,yes,2,"""5-10""",28,225,227.3233754,2881,1951,"{""sample_4_time"": 1951, ""last_y"": 683, ""first_x"": 845, ""count"": 117, ""sample_3_y"": 637, ""sample_0_time"": 17, ""sample_3_time"": 1466, ""sample_2_time"": 984, ""sample_2_x"": 741, ""sample_0_y"": 482, ""sample_4_y"": 683, ""first_y"": 482, ""sample_4_x"": 654, ""sample_1_time"": 500, ""last_x"": 654, ""first_time"": 17, ""sample_2_y"": 573, ""sample_0_x"": 845, ""sample_3_x"": 696, ""last_time"": 1951, ""sample_1_x"": 801, ""sample_1_y"": 522}",Q3 (180-270<U+00B0>),Q3 (180-270<U+00B0>),TRUE,TRUE,Correct,225,2.3233754000000033,2.3233754000000033,2.3233754000000033,2.3233754000000033,TRUE
166111,18,lefth,2,yes,2,"""5-10""",29,45,48.95926497,2832,1900,"{""sample_2_time"": 966, ""first_time"": 16, ""sample_0_y"": 453, ""sample_1_time"": 482, ""sample_3_x"": 992, ""sample_4_x"": 1050, ""sample_4_y"": 241, ""sample_0_time"": 16, ""sample_1_x"": 911, ""last_x"": 1050, ""sample_0_x"": 872, ""sample_2_x"": 943, ""last_time"": 1900, ""last_y"": 241, ""sample_2_y"": 370, ""first_x"": 872, ""sample_4_time"": 1900, ""sample_3_y"": 306, ""first_y"": 453, ""sample_1_y"": 418, ""sample_3_time"": 1432, ""count"": 114}",Q1 (0-90<U+00B0>),Q1 (0-90<U+00B0>),TRUE,TRUE,Correct,45,3.9592649699999996,3.9592649699999996,3.9592649699999996,3.9592649699999996,TRUE
166111,18,lefth,2,yes,2,"""5-10""",30,225,227.0405541,3048,1601,"{""first_x"": 841, ""sample_0_y"": 488, ""sample_2_time"": 817, ""sample_1_time"": 417, ""sample_1_y"": 538, ""count"": 96, ""sample_3_time"": 1217, ""last_y"": 683, ""sample_0_time"": 17, ""sample_3_x"": 704, ""sample_2_y"": 572, ""sample_2_x"": 769, ""first_time"": 17, ""first_y"": 488, ""sample_4_y"": 683, ""sample_1_x"": 810, ""sample_4_time"": 1600, ""sample_0_x"": 841, ""sample_4_x"": 652, ""last_x"": 652, ""last_time"": 1600, ""sample_3_y"": 626}",Q3 (180-270<U+00B0>),Q3 (180-270<U+00B0>),TRUE,TRUE,Correct,225,2.0405541000000085,2.0405541000000085,2.0405541000000085,2.0405541000000085,TRUE
166111,18,lefth,2,yes,2,"""5-10""",31,45,136.2364076,3266,2500,"{""sample_0_time"": 16, ""last_x"": 642, ""sample_2_y"": 352, ""sample_1_x"": 781, ""first_time"": 16, ""last_time"": 2499, ""last_y"": 261, ""sample_0_x"": 836, ""sample_4_y"": 261, ""count"": 150, ""sample_1_y"": 425, ""sample_0_y"": 475, ""sample_2_time"": 1266, ""sample_3_y"": 280, ""first_y"": 475, ""sample_4_time"": 2499, ""sample_3_x"": 682, ""sample_4_x"": 642, ""sample_3_time"": 1883, ""sample_1_time"": 633, ""sample_2_x"": 728, ""first_x"": 836}",Q1 (0-90<U+00B0>),Q2 (90-180<U+00B0>),FALSE,TRUE,Formant,135,1.2364076000000068,1.2364076000000068,91.2364076,91.2364076,FALSE
166111,18,lefth,2,yes,2,"""5-10""",32,135,134.8632562,3265,2100,"{""sample_2_time"": 1066, ""first_y"": 452, ""sample_3_y"": 297, ""sample_0_y"": 452, ""sample_1_y"": 421, ""count"": 126, ""sample_2_x"": 770, ""sample_4_time"": 2099, ""sample_1_time"": 532, ""sample_2_y"": 370, ""last_y"": 255, ""last_x"": 646, ""sample_4_x"": 646, ""sample_3_time"": 1583, ""sample_4_y"": 255, ""first_time"": 16, ""first_x"": 841, ""sample_3_x"": 703, ""sample_1_x"": 813, ""sample_0_x"": 841, ""last_time"": 2099, ""sample_0_time"": 16}",Q2 (90-180<U+00B0>),Q2 (90-180<U+00B0>),TRUE,TRUE,Correct,135,0.13674380000000497,0.13674380000000497,0.13674380000000497,0.13674380000000497,TRUE
166111,18,lefth,2,yes,2,"""5-10""",33,315,317.8829635,2983,1565,"{""first_x"": 874, ""sample_4_time"": 1565, ""last_time"": 1565, ""sample_2_y"": 567, ""sample_2_x"": 973, ""sample_1_time"": 399, ""count"": 94, ""last_x"": 1074, ""sample_4_y"": 663, ""sample_1_x"": 924, ""sample_0_y"": 476, ""first_time"": 16, ""sample_0_x"": 874, ""last_y"": 663, ""sample_1_y"": 512, ""sample_0_time"": 16, ""sample_3_time"": 1183, ""first_y"": 476, ""sample_3_x"": 1016, ""sample_4_x"": 1074, ""sample_2_time"": 799, ""sample_3_y"": 614}",Q4 (270-360<U+00B0>),Q4 (270-360<U+00B0>),TRUE,TRUE,Correct,315,2.8829635000000167,2.8829635000000167,2.8829635000000167,2.8829635000000167,TRUE
166111,18,lefth,2,yes,2,"""5-10""",34,45,47.59635935,3331,2267,"{""sample_1_time"": 583, ""last_time"": 2267, ""sample_0_time"": 17, ""sample_2_y"": 308, ""count"": 136, ""sample_1_y"": 380, ""sample_2_x"": 942, ""sample_0_x"": 852, ""first_y"": 445, ""last_x"": 1055, ""sample_2_time"": 1150, ""sample_3_x"": 1003, ""sample_1_x"": 887, ""sample_4_y"": 246, ""first_time"": 17, ""sample_4_x"": 1055, ""sample_3_y"": 267, ""first_x"": 852, ""sample_0_y"": 445, ""sample_3_time"": 1717, ""sample_4_time"": 2267, ""last_y"": 246}",Q1 (0-90<U+00B0>),Q1 (0-90<U+00B0>),TRUE,TRUE,Correct,45,2.59635935,2.59635935,2.59635935,2.59635935,TRUE
166111,18,lefth,2,yes,2,"""5-10""",35,45,47.06011102,3249,1967,"{""sample_2_y"": 364, ""sample_4_time"": 1966, ""sample_0_y"": 452, ""sample_2_time"": 999, ""sample_4_x"": 1056, ""last_x"": 1056, ""sample_0_x"": 869, ""sample_3_time"": 1483, ""first_time"": 16, ""sample_3_x"": 996, ""sample_3_y"": 298, ""sample_1_y"": 410, ""sample_1_time"": 500, ""last_time"": 1966, ""first_x"": 869, ""sample_2_x"": 938, ""last_y"": 249, ""count"": 118, ""sample_4_y"": 249, ""first_y"": 452, ""sample_0_time"": 16, ""sample_1_x"": 893}",Q1 (0-90<U+00B0>),Q1 (0-90<U+00B0>),TRUE,TRUE,Correct,45,2.060111020000001,2.060111020000001,2.060111020000001,2.060111020000001,TRUE
166111,18,lefth,2,yes,2,"""5-10""",36,225,225.6869668,2949,1750,"{""count"": 105, ""last_time"": 1750, ""sample_4_y"": 676, ""sample_2_time"": 883, ""sample_1_y"": 514, ""sample_1_time"": 450, ""first_time"": 17, ""sample_1_x"": 809, ""sample_3_x"": 707, ""sample_3_y"": 616, ""sample_4_time"": 1750, ""sample_0_time"": 17, ""sample_0_x"": 842, ""first_y"": 480, ""sample_2_x"": 764, ""sample_4_x"": 649, ""sample_3_time"": 1316, ""last_x"": 649, ""first_x"": 842, ""sample_0_y"": 480, ""sample_2_y"": 552, ""last_y"": 676}",Q3 (180-270<U+00B0>),Q3 (180-270<U+00B0>),TRUE,TRUE,Correct,225,0.6869667999999933,0.6869667999999933,0.6869667999999933,0.6869667999999933,TRUE
166111,18,lefth,2,yes,2,"""5-10""",37,135,140.9155617,3233,2232,"{""sample_4_x"": 626, ""sample_0_y"": 449, ""sample_1_x"": 819, ""sample_3_x"": 692, ""sample_4_time"": 2232, ""sample_3_y"": 337, ""sample_4_y"": 279, ""sample_0_x"": 848, ""sample_2_x"": 769, ""first_x"": 848, ""last_time"": 2232, ""last_y"": 279, ""sample_0_time"": 15, ""count"": 134, ""last_x"": 626, ""first_time"": 15, ""sample_3_time"": 1682, ""sample_1_y"": 421, ""sample_1_time"": 565, ""sample_2_time"": 1132, ""sample_2_y"": 382, ""first_y"": 449}",Q2 (90-180<U+00B0>),Q2 (90-180<U+00B0>),TRUE,TRUE,Correct,135,5.915561700000012,5.915561700000012,5.915561700000012,5.915561700000012,TRUE
166111,18,lefth,2,yes,2,"""5-10""",38,135,136.2364076,2966,1933,"{""sample_3_y"": 315, ""sample_0_y"": 451, ""sample_3_x"": 692, ""sample_4_y"": 261, ""count"": 116, ""sample_1_x"": 825, ""sample_2_time"": 983, ""sample_0_time"": 16, ""sample_4_x"": 642, ""sample_1_time"": 498, ""sample_2_x"": 743, ""sample_3_time"": 1466, ""last_x"": 642, ""first_time"": 16, ""first_x"": 844, ""sample_4_time"": 1932, ""sample_0_x"": 844, ""last_time"": 1932, ""first_y"": 451, ""last_y"": 261, ""sample_2_y"": 355, ""sample_1_y"": 435}",Q2 (90-180<U+00B0>),Q2 (90-180<U+00B0>),TRUE,TRUE,Correct,135,1.2364076000000068,1.2364076000000068,1.2364076000000068,1.2364076000000068,TRUE
166111,18,lefth,2,yes,2,"""5-10""",39,45,55.02380736,3381,2067,"{""sample_2_y"": 331, ""sample_1_x"": 848, ""first_y"": 444, ""count"": 124, ""last_time"": 2067, ""sample_1_y"": 397, ""sample_4_time"": 2067, ""sample_2_x"": 871, ""sample_4_y"": 222, ""sample_3_x"": 923, ""sample_0_time"": 17, ""sample_0_x"": 855, ""sample_1_time"": 533, ""last_y"": 222, ""sample_4_x"": 1025, ""sample_0_y"": 444, ""first_x"": 855, ""sample_3_time"": 1567, ""sample_2_time"": 1049, ""first_time"": 17, ""sample_3_y"": 284, ""last_x"": 1025}",Q1 (0-90<U+00B0>),Q1 (0-90<U+00B0>),TRUE,TRUE,Correct,45,10.02380736,10.02380736,10.02380736,10.02380736,TRUE
166111,18,lefth,2,yes,2,"""5-10""",40,45,45.54826824,3366,2116,"{""sample_4_time"": 2116, ""sample_3_y"": 303, ""sample_1_time"": 533, ""sample_2_y"": 351, ""sample_3_x"": 1023, ""sample_0_time"": 15, ""sample_1_y"": 410, ""sample_0_y"": 450, ""last_y"": 254, ""sample_4_y"": 254, ""first_y"": 450, ""sample_3_time"": 1599, ""last_time"": 2116, ""sample_2_x"": 980, ""sample_2_time"": 1066, ""sample_4_x"": 1062, ""count"": 127, ""sample_1_x"": 916, ""sample_0_x"": 868, ""last_x"": 1062, ""first_time"": 15, ""first_x"": 868}",Q1 (0-90<U+00B0>),Q1 (0-90<U+00B0>),TRUE,TRUE,Correct,45,0.5482682399999987,0.5482682399999987,0.5482682399999987,0.5482682399999987,TRUE
166111,18,lefth,2,yes,2,"""5-10""",41,135,119.3890115,3900,3032,"{""sample_4_y"": 204, ""sample_4_x"": 708, ""first_x"": 856, ""sample_1_y"": 400, ""sample_3_x"": 765, ""sample_2_x"": 841, ""last_time"": 3032, ""sample_1_x"": 853, ""sample_0_y"": 444, ""first_time"": 15, ""sample_3_y"": 258, ""sample_0_time"": 15, ""last_x"": 708, ""sample_2_time"": 1399, ""sample_4_time"": 3032, ""last_y"": 204, ""sample_2_y"": 330, ""sample_0_x"": 856, ""first_y"": 444, ""sample_3_time"": 2099, ""sample_1_time"": 699, ""count"": 167}",Q2 (90-180<U+00B0>),Q2 (90-180<U+00B0>),TRUE,TRUE,Correct,135,15.610988500000005,15.610988500000005,15.610988500000005,15.610988500000005,TRUE
166111,18,lefth,2,yes,2,"""5-10""",42,45,49.10509851,3167,2533,"{""sample_2_time"": 1282, ""sample_4_y"": 241, ""sample_0_y"": 446, ""last_time"": 2532, ""sample_3_y"": 282, ""sample_1_x"": 857, ""first_x"": 850, ""sample_3_time"": 1915, ""first_time"": 16, ""sample_3_x"": 968, ""sample_1_time"": 648, ""first_y"": 446, ""sample_2_x"": 899, ""sample_4_time"": 2532, ""sample_4_x"": 1049, ""sample_1_y"": 403, ""count"": 152, ""last_x"": 1049, ""sample_2_y"": 350, ""sample_0_time"": 16, ""sample_0_x"": 850, ""last_y"": 241}",Q1 (0-90<U+00B0>),Q1 (0-90<U+00B0>),TRUE,TRUE,Correct,45,4.105098509999998,4.105098509999998,4.105098509999998,4.105098509999998,TRUE
166111,18,lefth,2,yes,2,"""5-10""",43,135,130.8752334,3032,2033,"{""sample_3_y"": 296, ""sample_1_time"": 516, ""sample_2_time"": 1033, ""first_x"": 844, ""sample_2_y"": 367, ""first_time"": 17, ""sample_1_y"": 413, ""last_x"": 662, ""sample_0_x"": 844, ""count"": 122, ""last_time"": 2033, ""sample_0_y"": 450, ""sample_1_x"": 829, ""last_y"": 242, ""sample_2_x"": 803, ""first_y"": 450, ""sample_4_y"": 242, ""sample_3_x"": 738, ""sample_0_time"": 17, ""sample_3_time"": 1533, ""sample_4_x"": 662, ""sample_4_time"": 2033}",Q2 (90-180<U+00B0>),Q2 (90-180<U+00B0>),TRUE,TRUE,Correct,135,4.124766599999987,4.124766599999987,4.124766599999987,4.124766599999987,TRUE
166111,18,lefth,2,yes,2,"""5-10""",44,45,43.62954898,3399,2133,"{""sample_2_y"": 376, ""sample_3_y"": 318, ""sample_3_x"": 1022, ""first_x"": 869, ""sample_1_y"": 417, ""sample_0_time"": 17, ""first_y"": 451, ""first_time"": 17, ""count"": 128, ""sample_0_y"": 451, ""sample_4_x"": 1069, ""sample_4_y"": 261, ""sample_3_time"": 1617, ""sample_1_x"": 931, ""sample_2_time"": 1084, ""last_x"": 1069, ""sample_2_x"": 982, ""last_y"": 261, ""sample_0_x"": 869, ""sample_4_time"": 2133, ""sample_1_time"": 550, ""last_time"": 2133}",Q1 (0-90<U+00B0>),Q1 (0-90<U+00B0>),TRUE,TRUE,Correct,45,1.3704510199999973,1.3704510199999973,1.3704510199999973,1.3704510199999973,TRUE
166111,18,lefth,2,yes,2,"""5-10""",45,45,49.39870535,3132,2233,"{""sample_3_x"": 1008, ""sample_4_y"": 241, ""count"": 134, ""sample_4_x"": 1047, ""sample_2_y"": 326, ""first_time"": 16, ""sample_1_y"": 402, ""sample_0_x"": 848, ""first_y"": 447, ""last_x"": 1047, ""sample_2_time"": 1132, ""sample_0_y"": 447, ""sample_0_time"": 16, ""last_time"": 2233, ""sample_3_y"": 269, ""sample_3_time"": 1682, ""sample_4_time"": 2233, ""sample_1_x"": 897, ""first_x"": 848, ""last_y"": 241, ""sample_1_time"": 566, ""sample_2_x"": 958}",Q1 (0-90<U+00B0>),Q1 (0-90<U+00B0>),TRUE,TRUE,Correct,45,4.39870535,4.39870535,4.39870535,4.39870535,TRUE
166111,18,lefth,2,yes,2,"""5-10""",46,225,222.949714,3050,1750,"{""sample_4_x"": 638, ""last_x"": 638, ""sample_2_y"": 560, ""first_y"": 478, ""sample_4_time"": 1750, ""sample_3_time"": 1316, ""sample_2_time"": 883, ""sample_3_y"": 629, ""last_y"": 667, ""sample_4_y"": 667, ""count"": 105, ""sample_0_x"": 839, ""first_x"": 839, ""sample_2_x"": 739, ""sample_1_time"": 449, ""sample_1_x"": 805, ""sample_0_time"": 15, ""sample_1_y"": 505, ""first_time"": 15, ""sample_0_y"": 478, ""sample_3_x"": 682, ""last_time"": 1750}",Q3 (180-270<U+00B0>),Q3 (180-270<U+00B0>),TRUE,TRUE,Correct,225,2.050286,2.050286,2.050286,2.050286,TRUE
166111,18,lefth,2,yes,2,"""5-10""",47,45,52.15908042,3166,1817,"{""sample_2_y"": 332, ""sample_4_x"": 1036, ""sample_3_y"": 267, ""last_y"": 232, ""sample_3_x"": 984, ""sample_1_y"": 371, ""first_x"": 860, ""last_time"": 1817, ""sample_0_x"": 860, ""first_y"": 443, ""sample_4_y"": 232, ""sample_0_time"": 17, ""last_x"": 1036, ""sample_4_time"": 1817, ""sample_0_y"": 443, ""sample_1_time"": 466, ""sample_2_x"": 928, ""sample_2_time"": 917, ""count"": 109, ""sample_3_time"": 1367, ""sample_1_x"": 905, ""first_time"": 17}",Q1 (0-90<U+00B0>),Q1 (0-90<U+00B0>),TRUE,TRUE,Correct,45,7.159080420000002,7.159080420000002,7.159080420000002,7.159080420000002,TRUE
166111,18,lefth,2,yes,2,"""5-10""",48,315,318.959265,3398,1450,"{""sample_1_y"": 509, ""sample_0_time"": 17, ""last_y"": 660, ""sample_2_x"": 983, ""count"": 87, ""last_time"": 1450, ""sample_1_x"": 945, ""first_y"": 480, ""sample_0_x"": 872, ""sample_4_time"": 1450, ""sample_2_y"": 545, ""sample_3_x"": 1038, ""sample_1_time"": 367, ""sample_3_y"": 598, ""sample_4_y"": 660, ""sample_3_time"": 1100, ""first_time"": 17, ""sample_2_time"": 733, ""first_x"": 872, ""sample_4_x"": 1079, ""sample_0_y"": 480, ""last_x"": 1079}",Q4 (270-360<U+00B0>),Q4 (270-360<U+00B0>),TRUE,TRUE,Correct,315,3.9592650000000162,3.9592650000000162,3.9592650000000162,3.9592650000000162,TRUE
166111,18,lefth,2,yes,2,"""5-10""",49,315,316.5038397,3016,1732,"{""sample_4_time"": 1732, ""first_time"": 15, ""sample_0_y"": 471, ""last_x"": 1070, ""count"": 104, ""sample_1_time"": 448, ""sample_0_time"": 15, ""sample_1_x"": 905, ""sample_2_time"": 882, ""sample_1_y"": 490, ""sample_3_y"": 611, ""sample_2_y"": 550, ""last_time"": 1732, ""last_y"": 669, ""sample_3_x"": 1032, ""sample_4_y"": 669, ""sample_4_x"": 1070, ""sample_0_x"": 873, ""sample_2_x"": 968, ""sample_3_time"": 1315, ""first_y"": 471, ""first_x"": 873}",Q4 (270-360<U+00B0>),Q4 (270-360<U+00B0>),TRUE,TRUE,Correct,315,1.5038397000000145,1.5038397000000145,1.5038397000000145,1.5038397000000145,TRUE
166111,18,lefth,2,yes,2,"""5-10""",50,135,130.6012946,2832,1800,"{""last_x"": 663, ""sample_0_y"": 450, ""sample_4_y"": 241, ""sample_1_x"": 821, ""last_y"": 241, ""sample_0_x"": 844, ""count"": 108, ""sample_3_time"": 1366, ""sample_3_y"": 300, ""first_x"": 844, ""first_y"": 450, ""sample_1_y"": 416, ""sample_2_y"": 369, ""last_time"": 1800, ""sample_3_x"": 723, ""sample_2_time"": 916, ""sample_1_time"": 466, ""sample_2_x"": 775, ""sample_4_x"": 663, ""first_time"": 16, ""sample_4_time"": 1800, ""sample_0_time"": 16}",Q2 (90-180<U+00B0>),Q2 (90-180<U+00B0>),TRUE,TRUE,Correct,135,4.398705400000011,4.398705400000011,4.398705400000011,4.398705400000011,TRUE
166111,18,lefth,2,yes,2,"""5-10""",51,45,49.37774093,2982,1933,"{""sample_0_x"": 862, ""sample_2_y"": 354, ""first_time"": 17, ""sample_2_time"": 983, ""sample_1_y"": 393, ""sample_3_time"": 1466, ""count"": 116, ""sample_4_y"": 240, ""sample_2_x"": 947, ""last_x"": 1048, ""first_y"": 444, ""sample_4_time"": 1933, ""sample_0_y"": 444, ""first_x"": 862, ""last_time"": 1933, ""sample_1_time"": 500, ""sample_0_time"": 17, ""last_y"": 240, ""sample_3_x"": 989, ""sample_3_y"": 291, ""sample_4_x"": 1048, ""sample_1_x"": 908}",Q1 (0-90<U+00B0>),Q1 (0-90<U+00B0>),TRUE,TRUE,Correct,45,4.377740930000002,4.377740930000002,4.377740930000002,4.377740930000002,TRUE
166111,18,lefth,2,yes,2,"""5-10""",52,225,227.1816414,3031,1634,"{""sample_2_time"": 834, ""count"": 98, ""last_time"": 1633, ""sample_4_time"": 1633, ""sample_4_x"": 653, ""sample_2_x"": 750, ""sample_0_x"": 847, ""first_x"": 847, ""first_y"": 483, ""sample_3_x"": 721, ""sample_1_y"": 549, ""last_y"": 683, ""sample_2_y"": 592, ""sample_4_y"": 683, ""sample_1_x"": 792, ""sample_0_y"": 483, ""sample_3_time"": 1233, ""sample_0_time"": 17, ""first_time"": 17, ""sample_3_y"": 617, ""sample_1_time"": 417, ""last_x"": 653}",Q3 (180-270<U+00B0>),Q3 (180-270<U+00B0>),TRUE,TRUE,Correct,225,2.1816413999999895,2.1816413999999895,2.1816413999999895,2.1816413999999895,TRUE
166111,18,lefth,2,yes,2,"""5-10""",53,135,136.511049,3148,1700,"{""last_y"": 262, ""sample_3_y"": 302, ""last_time"": 1700, ""sample_1_y"": 420, ""first_x"": 846, ""sample_2_time"": 867, ""sample_2_y"": 369, ""last_x"": 641, ""sample_4_x"": 641, ""sample_3_x"": 681, ""sample_1_x"": 812, ""sample_3_time"": 1283, ""sample_0_x"": 846, ""sample_0_time"": 16, ""first_y"": 449, ""sample_2_x"": 750, ""sample_4_y"": 262, ""sample_4_time"": 1700, ""sample_1_time"": 433, ""count"": 102, ""sample_0_y"": 449, ""first_time"": 16}",Q2 (90-180<U+00B0>),Q2 (90-180<U+00B0>),TRUE,TRUE,Correct,135,1.511049000000014,1.511049000000014,1.511049000000014,1.511049000000014,TRUE
166111,18,lefth,2,yes,2,"""5-10""",54,315,315.6869668,3732,1733,"{""last_x"": 1066, ""sample_4_y"": 671, ""sample_2_x"": 1005, ""last_time"": 1733, ""first_x"": 875, ""sample_0_x"": 875, ""sample_1_x"": 953, ""sample_3_y"": 651, ""first_time"": 17, ""first_y"": 476, ""sample_2_y"": 598, ""sample_3_x"": 1046, ""sample_0_time"": 17, ""sample_3_time"": 1316, ""sample_4_x"": 1066, ""last_y"": 671, ""sample_0_y"": 476, ""sample_2_time"": 883, ""count"": 104, ""sample_1_time"": 450, ""sample_1_y"": 528, ""sample_4_time"": 1733}",Q4 (270-360<U+00B0>),Q4 (270-360<U+00B0>),TRUE,TRUE,Correct,315,0.6869667999999933,0.6869667999999933,0.6869667999999933,0.6869667999999933,TRUE
166111,18,lefth,2,yes,2,"""5-10""",55,135,133.7694923,2914,1751,"{""sample_4_y"": 251, ""sample_1_y"": 400, ""first_y"": 448, ""sample_0_x"": 842, ""sample_0_time"": 17, ""sample_4_time"": 1750, ""sample_2_y"": 325, ""sample_2_x"": 749, ""first_time"": 17, ""sample_0_y"": 448, ""sample_3_y"": 291, ""sample_4_x"": 650, ""count"": 105, ""first_x"": 842, ""last_x"": 650, ""sample_3_x"": 700, ""sample_1_time"": 451, ""last_time"": 1750, ""sample_3_time"": 1317, ""sample_1_x"": 810, ""sample_2_time"": 884, ""last_y"": 251}",Q2 (90-180<U+00B0>),Q2 (90-180<U+00B0>),TRUE,TRUE,Correct,135,1.230507700000004,1.230507700000004,1.230507700000004,1.230507700000004,TRUE
166111,18,lefth,2,yes,2,"""5-10""",56,45,45.68368807,3649,1800,"{""count"": 108, ""sample_2_x"": 926, ""sample_0_time"": 17, ""sample_4_y"": 253, ""sample_3_y"": 285, ""sample_2_y"": 341, ""last_x"": 1062, ""first_time"": 17, ""sample_1_y"": 387, ""sample_1_time"": 467, ""sample_0_y"": 444, ""sample_0_x"": 861, ""sample_2_time"": 917, ""last_y"": 253, ""sample_3_time"": 1366, ""sample_4_x"": 1062, ""last_time"": 1800, ""sample_3_x"": 1020, ""sample_4_time"": 1800, ""first_y"": 444, ""sample_1_x"": 893, ""first_x"": 861}",Q1 (0-90<U+00B0>),Q1 (0-90<U+00B0>),TRUE,TRUE,Correct,45,0.6836880700000023,0.6836880700000023,0.6836880700000023,0.6836880700000023,TRUE
166111,18,lefth,2,yes,2,"""5-10""",57,135,131.4236656,3666,2200,"{""sample_1_y"": 393, ""first_time"": 16, ""last_y"": 244, ""sample_2_y"": 355, ""last_time"": 2200, ""count"": 132, ""sample_2_time"": 1117, ""first_x"": 866, ""sample_3_y"": 296, ""sample_4_time"": 2200, ""last_x"": 660, ""sample_1_time"": 567, ""first_y"": 448, ""sample_0_time"": 16, ""sample_3_x"": 732, ""sample_4_y"": 244, ""sample_2_x"": 835, ""sample_4_x"": 660, ""sample_1_x"": 882, ""sample_0_x"": 866, ""sample_0_y"": 448, ""sample_3_time"": 1667}",Q2 (90-180<U+00B0>),Q2 (90-180<U+00B0>),TRUE,TRUE,Correct,135,3.5763344000000075,3.5763344000000075,3.5763344000000075,3.5763344000000075,TRUE
166111,18,lefth,2,yes,2,"""5-10""",58,135,133.7635924,3049,2033,"{""last_x"": 651, ""sample_2_x"": 768, ""last_time"": 2033, ""sample_0_x"": 856, ""sample_1_time"": 516, ""sample_4_y"": 252, ""sample_2_time"": 1032, ""sample_4_x"": 651, ""first_y"": 447, ""sample_3_y"": 300, ""count"": 122, ""first_time"": 16, ""first_x"": 856, ""sample_2_y"": 352, ""sample_3_x"": 698, ""sample_0_time"": 16, ""sample_3_time"": 1533, ""sample_4_time"": 2033, ""sample_0_y"": 447, ""last_y"": 252, ""sample_1_x"": 829, ""sample_1_y"": 396}",Q2 (90-180<U+00B0>),Q2 (90-180<U+00B0>),TRUE,TRUE,Correct,135,1.2364076000000068,1.2364076000000068,1.2364076000000068,1.2364076000000068,TRUE
166111,18,lefth,2,yes,2,"""5-10""",59,45,55.07158875,2800,2581,"{""sample_4_y"": 223, ""sample_3_y"": 255, ""sample_3_time"": 1949, ""sample_4_time"": 2581, ""sample_0_x"": 841, ""sample_0_time"": 15, ""first_y"": 455, ""first_time"": 15, ""sample_0_y"": 455, ""last_y"": 223, ""sample_3_x"": 968, ""sample_1_time"": 648, ""sample_2_x"": 889, ""sample_1_x"": 836, ""sample_4_x"": 1024, ""sample_1_y"": 389, ""count"": 155, ""first_x"": 841, ""last_time"": 2581, ""sample_2_y"": 315, ""sample_2_time"": 1298, ""last_x"": 1024}",Q1 (0-90<U+00B0>),Q1 (0-90<U+00B0>),TRUE,TRUE,Correct,45,10.071588749999997,10.071588749999997,10.071588749999997,10.071588749999997,TRUE
166111,18,lefth,2,yes,2,"""5-10""",60,45,51.97276929,2833,3500,"{""sample_3_y"": 199, ""sample_4_y"": 231, ""sample_4_x"": 1038, ""last_time"": 3500, ""sample_2_x"": 868, ""sample_2_time"": 1833, ""sample_3_x"": 893, ""sample_1_time"": 833, ""sample_1_y"": 366, ""sample_1_x"": 852, ""last_y"": 231, ""sample_2_y"": 242, ""sample_4_time"": 3500, ""sample_3_time"": 2700, ""last_x"": 1038, ""first_time"": 16, ""first_y"": 446, ""count"": 196, ""sample_0_time"": 16, ""first_x"": 843, ""sample_0_y"": 446, ""sample_0_x"": 843}",Q1 (0-90<U+00B0>),Q1 (0-90<U+00B0>),TRUE,TRUE,Correct,45,6.972769290000002,6.972769290000002,6.972769290000002,6.972769290000002,TRUE
166111,18,lefth,2,yes,2,"""5-10""",61,135,134.4517318,2899,1516,"{""sample_3_x"": 710, ""count"": 91, ""sample_0_time"": 16, ""last_y"": 254, ""last_time"": 1516, ""sample_1_y"": 392, ""sample_1_x"": 808, ""sample_3_y"": 326, ""sample_0_y"": 447, ""sample_3_time"": 1149, ""sample_0_x"": 848, ""sample_1_time"": 383, ""sample_4_x"": 648, ""sample_2_y"": 363, ""sample_2_x"": 762, ""sample_2_time"": 766, ""first_y"": 447, ""first_time"": 16, ""sample_4_y"": 254, ""last_x"": 648, ""sample_4_time"": 1516, ""first_x"": 848}",Q2 (90-180<U+00B0>),Q2 (90-180<U+00B0>),TRUE,TRUE,Correct,135,0.5482681999999954,0.5482681999999954,0.5482681999999954,0.5482681999999954,TRUE
166111,18,lefth,2,yes,2,"""5-10""",62,315,316.6444033,2982,2049,"{""sample_2_time"": 1033, ""last_y"": 668, ""sample_2_y"": 517, ""sample_0_y"": 457, ""sample_1_y"": 477, ""sample_2_x"": 964, ""first_x"": 876, ""count"": 123, ""sample_1_time"": 516, ""sample_0_time"": 16, ""sample_3_x"": 1022, ""last_x"": 1070, ""last_time"": 2049, ""first_y"": 457, ""sample_4_time"": 2049, ""sample_4_y"": 668, ""first_time"": 16, ""sample_1_x"": 928, ""sample_4_x"": 1070, ""sample_0_x"": 876, ""sample_3_y"": 596, ""sample_3_time"": 1549}",Q4 (270-360<U+00B0>),Q4 (270-360<U+00B0>),TRUE,TRUE,Correct,315,1.6444033000000218,1.6444033000000218,1.6444033000000218,1.6444033000000218,TRUE
166111,18,lefth,2,yes,2,"""5-10""",63,135,133.7635924,3248,1700,"{""last_y"": 252, ""sample_4_time"": 1699, ""sample_4_x"": 651, ""sample_1_x"": 829, ""sample_4_y"": 252, ""last_time"": 1699, ""first_time"": 17, ""first_y"": 445, ""sample_2_time"": 866, ""sample_2_x"": 780, ""sample_1_y"": 401, ""sample_1_time"": 433, ""sample_0_y"": 445, ""sample_0_time"": 17, ""sample_3_x"": 710, ""sample_0_x"": 853, ""count"": 102, ""sample_3_y"": 335, ""first_x"": 853, ""sample_3_time"": 1283, ""last_x"": 651, ""sample_2_y"": 373}",Q2 (90-180<U+00B0>),Q2 (90-180<U+00B0>),TRUE,TRUE,Correct,135,1.2364076000000068,1.2364076000000068,1.2364076000000068,1.2364076000000068,TRUE
166111,18,lefth,2,yes,2,"""5-10""",64,315,318.4308922,2849,2233,"{""sample_0_y"": 463, ""sample_4_y"": 661, ""sample_4_time"": 2233, ""sample_3_time"": 1682, ""sample_1_time"": 565, ""sample_0_time"": 16, ""sample_1_x"": 953, ""sample_4_x"": 1076, ""last_time"": 2233, ""count"": 134, ""last_x"": 1076, ""sample_3_y"": 630, ""sample_1_y"": 504, ""sample_2_time"": 1133, ""first_y"": 463, ""first_x"": 875, ""sample_3_x"": 1057, ""last_y"": 661, ""first_time"": 16, ""sample_2_y"": 551, ""sample_2_x"": 999, ""sample_0_x"": 875}",Q4 (270-360<U+00B0>),Q4 (270-360<U+00B0>),TRUE,TRUE,Correct,315,3.4308922000000166,3.4308922000000166,3.4308922000000166,3.4308922000000166,TRUE
166111,18,lefth,2,yes,2,"""5-10""",65,135,131.5854455,3182,2000,"{""last_y"": 243, ""sample_2_time"": 1017, ""last_x"": 658, ""sample_0_x"": 841, ""sample_1_time"": 516, ""sample_1_y"": 393, ""sample_3_x"": 715, ""sample_3_time"": 1517, ""sample_2_y"": 342, ""first_y"": 451, ""sample_2_x"": 759, ""sample_4_y"": 243, ""sample_1_x"": 799, ""sample_4_x"": 658, ""sample_4_time"": 2000, ""last_time"": 2000, ""sample_0_time"": 17, ""first_x"": 841, ""sample_3_y"": 314, ""count"": 120, ""sample_0_y"": 451, ""first_time"": 17}",Q2 (90-180<U+00B0>),Q2 (90-180<U+00B0>),TRUE,TRUE,Correct,135,3.4145545000000084,3.4145545000000084,3.4145545000000084,3.4145545000000084,TRUE
166111,18,lefth,2,yes,2,"""5-10""",66,225,224.7258596,3016,1750,"{""count"": 105, ""sample_0_y"": 470, ""first_y"": 470, ""sample_1_y"": 515, ""first_x"": 835, ""sample_3_time"": 1317, ""sample_4_x"": 645, ""sample_2_y"": 567, ""last_y"": 673, ""sample_1_x"": 777, ""last_x"": 645, ""sample_4_time"": 1750, ""sample_0_time"": 16, ""sample_3_x"": 682, ""sample_4_y"": 673, ""sample_0_x"": 835, ""first_time"": 16, ""sample_1_time"": 450, ""sample_2_time"": 884, ""sample_2_x"": 725, ""last_time"": 1750, ""sample_3_y"": 620}",Q3 (180-270<U+00B0>),Q3 (180-270<U+00B0>),TRUE,TRUE,Correct,225,0.2741403999999932,0.2741403999999932,0.2741403999999932,0.2741403999999932,TRUE
166111,18,lefth,2,yes,2,"""5-10""",67,315,319.6724428,3016,1500,"{""sample_1_x"": 963, ""sample_2_y"": 565, ""sample_1_time"": 383, ""sample_4_y"": 656, ""last_x"": 1080, ""sample_0_y"": 467, ""sample_4_time"": 1500, ""last_y"": 656, ""sample_3_x"": 1033, ""first_time"": 16, ""first_x"": 884, ""sample_0_x"": 884, ""sample_3_y"": 606, ""sample_2_x"": 1003, ""first_y"": 467, ""count"": 90, ""sample_0_time"": 16, ""sample_4_x"": 1080, ""sample_2_time"": 767, ""sample_3_time"": 1133, ""last_time"": 1500, ""sample_1_y"": 523}",Q4 (270-360<U+00B0>),Q4 (270-360<U+00B0>),TRUE,TRUE,Correct,315,4.672442799999999,4.672442799999999,4.672442799999999,4.672442799999999,TRUE
166111,18,lefth,2,yes,2,"""5-10""",68,225,316.636577,3050,1648,"{""sample_2_x"": 968, ""last_time"": 1648, ""sample_2_time"": 831, ""sample_4_time"": 1648, ""sample_1_x"": 934, ""sample_4_x"": 1071, ""first_y"": 490, ""last_y"": 669, ""last_x"": 1071, ""sample_3_x"": 1012, ""first_time"": 14, ""sample_3_y"": 642, ""sample_4_y"": 669, ""sample_3_time"": 1249, ""count"": 99, ""sample_0_y"": 490, ""first_x"": 871, ""sample_0_time"": 14, ""sample_2_y"": 595, ""sample_1_time"": 414, ""sample_0_x"": 871, ""sample_1_y"": 568}",Q3 (180-270<U+00B0>),Q4 (270-360<U+00B0>),FALSE,TRUE,Formant,315,1.6365769999999884,1.6365769999999884,91.63657699999999,91.63657699999999,FALSE
166111,18,lefth,2,yes,2,"""5-10""",69,315,314.8632562,3133,2933,"{""sample_0_x"": 860, ""sample_2_time"": 1499, ""first_x"": 860, ""sample_3_y"": 562, ""sample_4_x"": 1064, ""sample_2_y"": 505, ""sample_4_time"": 2933, ""first_time"": 15, ""last_x"": 1064, ""sample_3_x"": 942, ""sample_1_time"": 733, ""last_time"": 2933, ""sample_4_y"": 675, ""sample_0_time"": 15, ""sample_0_y"": 511, ""count"": 174, ""last_y"": 675, ""sample_2_x"": 869, ""sample_1_y"": 624, ""first_y"": 511, ""sample_3_time"": 2216, ""sample_1_x"": 954}",Q4 (270-360<U+00B0>),Q4 (270-360<U+00B0>),TRUE,TRUE,Correct,315,0.13674379999997655,0.13674379999997655,0.13674379999997655,0.13674379999997655,TRUE
166111,18,lefth,2,yes,2,"""5-10""",70,225,321.3099565,2931,1733,"{""first_time"": 16, ""sample_3_y"": 595, ""first_x"": 880, ""last_time"": 1733, ""sample_3_time"": 1316, ""sample_1_y"": 515, ""sample_4_x"": 1086, ""count"": 104, ""first_y"": 471, ""sample_0_y"": 471, ""sample_2_x"": 1016, ""sample_1_time"": 449, ""sample_2_y"": 561, ""sample_4_y"": 650, ""last_y"": 650, ""last_x"": 1086, ""sample_1_x"": 979, ""sample_2_time"": 883, ""sample_4_time"": 1733, ""sample_3_x"": 1044, ""sample_0_time"": 16, ""sample_0_x"": 880}",Q3 (180-270<U+00B0>),Q4 (270-360<U+00B0>),FALSE,TRUE,Formant,315,6.309956499999998,6.309956499999998,96.3099565,96.3099565,FALSE
166111,18,lefth,2,yes,2,"""5-10""",71,225,317.050286,3264,1483,"{""first_time"": 17, ""last_x"": 1072, ""sample_0_x"": 880, ""count"": 89, ""sample_2_x"": 985, ""sample_4_time"": 1483, ""last_y"": 667, ""sample_3_x"": 1011, ""sample_1_time"": 383, ""sample_0_time"": 17, ""sample_4_y"": 667, ""sample_3_y"": 604, ""sample_2_time"": 749, ""sample_0_y"": 482, ""sample_3_time"": 1116, ""sample_2_y"": 583, ""last_time"": 1483, ""sample_1_y"": 543, ""first_x"": 880, ""first_y"": 482, ""sample_4_x"": 1072, ""sample_1_x"": 946}",Q3 (180-270<U+00B0>),Q4 (270-360<U+00B0>),FALSE,TRUE,Formant,315,2.0502860000000283,2.0502860000000283,92.05028600000003,92.05028600000003,FALSE
166111,18,lefth,2,yes,2,"""5-10""",72,45,48.30186567,2966,2166,"{""sample_1_y"": 382, ""sample_2_x"": 939, ""count"": 130, ""last_x"": 1051, ""first_x"": 860, ""sample_0_y"": 444, ""first_y"": 444, ""last_time"": 2166, ""sample_0_time"": 15, ""sample_1_x"": 890, ""sample_4_time"": 2166, ""sample_0_x"": 860, ""sample_2_time"": 1099, ""sample_2_y"": 324, ""sample_4_y"": 245, ""sample_3_time"": 1633, ""sample_3_y"": 286, ""sample_3_x"": 985, ""last_y"": 245, ""first_time"": 15, ""sample_1_time"": 549, ""sample_4_x"": 1051}",Q1 (0-90<U+00B0>),Q1 (0-90<U+00B0>),TRUE,TRUE,Correct,45,3.301865669999998,3.301865669999998,3.301865669999998,3.301865669999998,TRUE
166111,18,lefth,2,yes,2,"""5-10""",73,315,314.7258596,2898,1866,"{""first_y"": 469, ""last_time"": 1866, ""sample_1_y"": 514, ""sample_0_x"": 877, ""sample_4_x"": 1063, ""sample_1_x"": 938, ""sample_4_time"": 1866, ""last_y"": 675, ""first_time"": 16, ""sample_3_x"": 1008, ""count"": 112, ""sample_4_y"": 675, ""sample_2_y"": 563, ""sample_2_time"": 949, ""sample_2_x"": 973, ""sample_3_time"": 1416, ""sample_1_time"": 483, ""sample_0_y"": 469, ""sample_3_y"": 618, ""first_x"": 877, ""last_x"": 1063, ""sample_0_time"": 16}",Q4 (270-360<U+00B0>),Q4 (270-360<U+00B0>),TRUE,TRUE,Correct,315,0.2741404000000216,0.2741404000000216,0.2741404000000216,0.2741404000000216,TRUE
166111,18,lefth,2,yes,2,"""5-10""",74,225,318.4145545,2699,3500,"{""sample_0_time"": 17, ""sample_4_y"": 662, ""sample_4_x"": 1077, ""sample_1_y"": 537, ""count"": 198, ""sample_2_y"": 474, ""sample_4_time"": 3500, ""sample_0_x"": 874, ""sample_0_y"": 468, ""sample_1_x"": 946, ""sample_3_y"": 571, ""first_y"": 468, ""first_x"": 874, ""sample_2_time"": 1767, ""last_y"": 662, ""sample_1_time"": 833, ""sample_3_x"": 957, ""first_time"": 17, ""sample_3_time"": 2683, ""sample_2_x"": 862, ""last_x"": 1077, ""last_time"": 3500}",Q3 (180-270<U+00B0>),Q4 (270-360<U+00B0>),FALSE,TRUE,Formant,315,3.4145545000000084,3.4145545000000084,93.41455450000001,93.41455450000001,FALSE
166111,18,lefth,2,yes,2,"""5-10""",75,225,307.8409196,2749,1333,"{""sample_2_y"": 593, ""sample_3_time"": 1016, ""sample_0_y"": 485, ""sample_2_time"": 683, ""first_y"": 485, ""count"": 80, ""last_y"": 698, ""first_x"": 859, ""sample_1_time"": 350, ""last_x"": 1036, ""sample_2_x"": 913, ""last_time"": 1333, ""first_time"": 16, ""sample_1_y"": 531, ""sample_4_y"": 698, ""sample_1_x"": 879, ""sample_0_time"": 16, ""sample_4_x"": 1036, ""sample_3_y"": 657, ""sample_3_x"": 985, ""sample_4_time"": 1333, ""sample_0_x"": 859}",Q3 (180-270<U+00B0>),Q4 (270-360<U+00B0>),FALSE,TRUE,Formant,315,7.1590803999999935,7.1590803999999935,82.8409196,82.8409196,FALSE
166111,18,lefth,2,yes,2,"""5-10""",76,315,226.785621,2849,2100,"{""last_x"": 653, ""sample_1_y"": 545, ""sample_0_x"": 871, ""first_x"": 871, ""last_y"": 680, ""sample_2_time"": 1066, ""sample_4_y"": 680, ""sample_3_x"": 717, ""sample_4_x"": 653, ""count"": 126, ""last_time"": 2100, ""sample_3_time"": 1583, ""sample_0_time"": 17, ""sample_3_y"": 636, ""sample_1_x"": 886, ""sample_4_time"": 2100, ""sample_1_time"": 533, ""first_time"": 17, ""sample_2_x"": 795, ""sample_2_y"": 582, ""first_y"": 482, ""sample_0_y"": 482}",Q4 (270-360<U+00B0>),Q3 (180-270<U+00B0>),FALSE,TRUE,Formant,225,1.785620999999992,1.785620999999992,88.21437900000001,88.21437900000001,FALSE
166111,18,lefth,2,yes,2,"""5-10""",77,135,135.5456576,3115,1734,"{""last_y"": 257, ""sample_3_y"": 302, ""first_y"": 443, ""last_time"": 1733, ""sample_3_x"": 684, ""last_x"": 643, ""sample_1_time"": 450, ""sample_2_y"": 342, ""first_time"": 16, ""sample_2_x"": 734, ""first_x"": 845, ""sample_4_time"": 1733, ""count"": 104, ""sample_4_y"": 257, ""sample_3_time"": 1317, ""sample_0_x"": 845, ""sample_1_y"": 399, ""sample_1_x"": 797, ""sample_4_x"": 643, ""sample_0_time"": 16, ""sample_2_time"": 883, ""sample_0_y"": 443}",Q2 (90-180<U+00B0>),Q2 (90-180<U+00B0>),TRUE,TRUE,Correct,135,0.5456575999999984,0.5456575999999984,0.5456575999999984,0.5456575999999984,TRUE
166111,18,lefth,2,yes,2,"""5-10""",78,315,314.8626003,3082,1883,"{""sample_2_y"": 595, ""last_time"": 1883, ""sample_2_time"": 949, ""sample_0_y"": 473, ""last_y"": 674, ""sample_0_x"": 875, ""last_x"": 1063, ""sample_4_y"": 674, ""sample_3_y"": 640, ""sample_4_time"": 1883, ""sample_1_time"": 483, ""sample_0_time"": 15, ""sample_2_x"": 992, ""first_y"": 473, ""sample_1_y"": 516, ""sample_3_x"": 1035, ""first_x"": 875, ""sample_4_x"": 1063, ""sample_3_time"": 1416, ""sample_1_x"": 929, ""count"": 113, ""first_time"": 15}",Q4 (270-360<U+00B0>),Q4 (270-360<U+00B0>),TRUE,TRUE,Correct,315,0.13739970000000312,0.13739970000000312,0.13739970000000312,0.13739970000000312,TRUE
166111,18,lefth,2,yes,2,"""5-10""",79,135,135.9617093,3117,1833,"{""sample_3_y"": 296, ""sample_0_x"": 838, ""sample_4_y"": 260, ""sample_4_x"": 643, ""sample_1_x"": 781, ""sample_1_time"": 467, ""sample_2_x"": 753, ""first_y"": 448, ""sample_0_y"": 448, ""sample_1_y"": 361, ""sample_2_y"": 346, ""last_time"": 1833, ""sample_0_time"": 16, ""sample_3_time"": 1383, ""first_x"": 838, ""last_y"": 260, ""count"": 110, ""first_time"": 16, ""sample_4_time"": 1833, ""sample_2_time"": 933, ""last_x"": 643, ""sample_3_x"": 703}",Q2 (90-180<U+00B0>),Q2 (90-180<U+00B0>),TRUE,TRUE,Correct,135,0.9617092999999954,0.9617092999999954,0.9617092999999954,0.9617092999999954,TRUE
166111,18,lefth,2,yes,2,"""5-10""",80,135,138.8506388,2832,1933,"{""sample_1_x"": 784, ""last_x"": 633, ""sample_4_time"": 1933, ""first_x"": 831, ""first_time"": 16, ""sample_1_time"": 499, ""sample_0_y"": 460, ""last_y"": 271, ""sample_2_y"": 369, ""first_y"": 460, ""sample_4_x"": 633, ""sample_0_x"": 831, ""sample_4_y"": 271, ""sample_3_y"": 316, ""sample_3_x"": 669, ""last_time"": 1933, ""sample_1_y"": 434, ""sample_2_time"": 983, ""sample_2_x"": 715, ""count"": 116, ""sample_0_time"": 16, ""sample_3_time"": 1466}",Q2 (90-180<U+00B0>),Q2 (90-180<U+00B0>),TRUE,TRUE,Correct,135,3.850638800000013,3.850638800000013,3.850638800000013,3.850638800000013,TRUE
166111,18,lefth,2,yes,2,"""5-10""",81,315,227.6087947,3132,3167,"{""sample_2_y"": 466, ""sample_0_time"": 17, ""first_y"": 457, ""first_x"": 836, ""sample_3_time"": 2417, ""sample_0_y"": 457, ""sample_1_time"": 766, ""count"": 182, ""sample_4_time"": 3166, ""sample_4_x"": 656, ""sample_3_y"": 595, ""sample_3_x"": 775, ""sample_2_time"": 1632, ""last_y"": 683, ""sample_4_y"": 683, ""first_time"": 17, ""sample_0_x"": 836, ""sample_1_y"": 533, ""last_time"": 3166, ""sample_2_x"": 840, ""sample_1_x"": 767, ""last_x"": 656}",Q4 (270-360<U+00B0>),Q3 (180-270<U+00B0>),FALSE,TRUE,Formant,225,2.6087947000000042,2.6087947000000042,87.3912053,87.3912053,FALSE
166111,18,lefth,2,yes,2,"""5-10""",82,315,314.0382907,2881,1734,"{""sample_2_y"": 603, ""sample_3_y"": 646, ""sample_1_x"": 918, ""sample_3_time"": 1317, ""count"": 104, ""sample_3_x"": 1025, ""sample_2_time"": 883, ""last_x"": 1060, ""sample_4_x"": 1060, ""sample_1_y"": 539, ""last_time"": 1733, ""sample_4_y"": 677, ""first_y"": 478, ""first_x"": 871, ""sample_0_time"": 17, ""first_time"": 17, ""sample_2_x"": 977, ""sample_0_y"": 478, ""sample_0_x"": 871, ""sample_1_time"": 450, ""sample_4_time"": 1733, ""last_y"": 677}",Q4 (270-360<U+00B0>),Q4 (270-360<U+00B0>),TRUE,TRUE,Correct,315,0.9617092999999954,0.9617092999999954,0.9617092999999954,0.9617092999999954,TRUE
166111,18,lefth,2,yes,2,"""5-10""",83,315,317.060111,2816,1750,"{""sample_0_time"": 15, ""sample_0_x"": 880, ""sample_1_time"": 449, ""sample_0_y"": 458, ""sample_4_y"": 666, ""sample_2_y"": 579, ""sample_3_time"": 1316, ""sample_1_y"": 520, ""last_time"": 1749, ""sample_2_x"": 1008, ""first_y"": 458, ""count"": 105, ""last_x"": 1071, ""sample_4_x"": 1071, ""last_y"": 666, ""sample_3_x"": 1044, ""sample_2_time"": 883, ""sample_1_x"": 957, ""sample_4_time"": 1749, ""first_x"": 880, ""sample_3_y"": 655, ""first_time"": 15}",Q4 (270-360<U+00B0>),Q4 (270-360<U+00B0>),TRUE,TRUE,Correct,315,2.0601110000000062,2.0601110000000062,2.0601110000000062,2.0601110000000062,TRUE
166111,18,lefth,2,yes,2,"""5-10""",84,315,315,2765,1984,"{""sample_3_x"": 1017, ""sample_2_y"": 576, ""sample_3_y"": 618, ""sample_2_time"": 1000, ""first_y"": 472, ""sample_1_time"": 500, ""sample_2_x"": 979, ""sample_4_x"": 1064, ""first_time"": 17, ""sample_4_time"": 1984, ""first_x"": 878, ""sample_0_x"": 878, ""sample_3_time"": 1500, ""last_x"": 1064, ""last_time"": 1984, ""sample_4_y"": 674, ""sample_0_y"": 472, ""sample_0_time"": 17, ""sample_1_y"": 506, ""last_y"": 674, ""count"": 119, ""sample_1_x"": 940}",Q4 (270-360<U+00B0>),Q4 (270-360<U+00B0>),TRUE,TRUE,Correct,315,0,0,0,0,TRUE
166111,18,lefth,2,yes,2,"""5-10""",85,315,319.1247666,3148,2650,"{""first_time"": 17, ""sample_0_y"": 468, ""sample_3_x"": 1027, ""sample_3_y"": 624, ""sample_3_time"": 2000, ""last_y"": 658, ""sample_2_time"": 1333, ""sample_1_y"": 492, ""count"": 159, ""sample_2_x"": 972, ""last_time"": 2650, ""sample_4_y"": 658, ""sample_4_x"": 1078, ""sample_0_x"": 874, ""sample_0_time"": 17, ""first_y"": 468, ""sample_1_time"": 667, ""last_x"": 1078, ""sample_2_y"": 563, ""sample_1_x"": 914, ""sample_4_time"": 2650, ""first_x"": 874}",Q4 (270-360<U+00B0>),Q4 (270-360<U+00B0>),TRUE,TRUE,Correct,315,4.124766599999987,4.124766599999987,4.124766599999987,4.124766599999987,TRUE
166111,18,lefth,2,yes,2,"""5-10""",86,135,131.9727548,2999,1815,"{""first_y"": 440, ""sample_3_time"": 1383, ""sample_0_time"": 15, ""sample_3_y"": 310, ""sample_4_x"": 658, ""sample_1_y"": 386, ""sample_0_y"": 440, ""count"": 105, ""last_x"": 658, ""sample_2_y"": 356, ""sample_1_time"": 449, ""sample_4_y"": 246, ""sample_1_x"": 826, ""first_time"": 15, ""sample_3_x"": 739, ""sample_2_time"": 883, ""sample_0_x"": 855, ""first_x"": 855, ""last_time"": 1815, ""sample_2_x"": 789, ""last_y"": 246, ""sample_4_time"": 1815}",Q2 (90-180<U+00B0>),Q2 (90-180<U+00B0>),TRUE,TRUE,Correct,135,3.02724520000001,3.02724520000001,3.02724520000001,3.02724520000001,TRUE
166111,18,lefth,2,yes,2,"""5-10""",87,225,227.3233754,3131,1949,"{""sample_3_x"": 712, ""last_time"": 1949, ""count"": 117, ""sample_3_time"": 1467, ""sample_1_x"": 846, ""sample_2_time"": 983, ""first_time"": 16, ""sample_0_time"": 16, ""sample_1_time"": 500, ""sample_3_y"": 635, ""sample_4_x"": 654, ""sample_2_y"": 586, ""sample_2_x"": 777, ""sample_0_x"": 858, ""last_y"": 683, ""sample_4_y"": 683, ""first_y"": 483, ""sample_1_y"": 542, ""last_x"": 654, ""sample_4_time"": 1949, ""sample_0_y"": 483, ""first_x"": 858}",Q3 (180-270<U+00B0>),Q3 (180-270<U+00B0>),TRUE,TRUE,Correct,225,2.3233754000000033,2.3233754000000033,2.3233754000000033,2.3233754000000033,TRUE
166111,18,lefth,2,yes,2,"""5-10""",88,225,225.822371,3099,1999,"{""sample_2_y"": 605, ""count"": 120, ""first_time"": 16, ""first_x"": 847, ""sample_2_x"": 741, ""last_y"": 677, ""sample_3_time"": 1515, ""first_y"": 484, ""sample_3_x"": 687, ""sample_1_time"": 515, ""sample_0_time"": 16, ""last_x"": 649, ""sample_2_time"": 1015, ""sample_0_x"": 847, ""sample_3_y"": 652, ""last_time"": 1999, ""sample_1_y"": 539, ""sample_0_y"": 484, ""sample_1_x"": 817, ""sample_4_x"": 649, ""sample_4_y"": 677, ""sample_4_time"": 1999}",Q3 (180-270<U+00B0>),Q3 (180-270<U+00B0>),TRUE,TRUE,Correct,225,0.822371000000004,0.822371000000004,0.822371000000004,0.822371000000004,TRUE
166111,18,lefth,2,yes,2,"""5-10""",89,45,49.50325958,2798,2017,"{""sample_3_x"": 961, ""sample_2_x"": 904, ""sample_2_y"": 315, ""last_time"": 2017, ""sample_3_time"": 1517, ""sample_1_time"": 517, ""sample_2_time"": 1017, ""sample_0_x"": 839, ""last_x"": 1048, ""sample_4_y"": 239, ""last_y"": 239, ""sample_1_x"": 845, ""sample_3_y"": 280, ""count"": 121, ""sample_0_time"": 17, ""sample_1_y"": 382, ""sample_0_y"": 450, ""sample_4_time"": 2017, ""sample_4_x"": 1048, ""first_x"": 839, ""first_time"": 17, ""first_y"": 450}",Q1 (0-90<U+00B0>),Q1 (0-90<U+00B0>),TRUE,TRUE,Correct,45,4.503259579999998,4.503259579999998,4.503259579999998,4.503259579999998,TRUE
166111,18,lefth,2,yes,2,"""5-10""",90,225,226.2364076,3365,2150,"{""sample_4_time"": 2150, ""count"": 129, ""last_time"": 2150, ""first_y"": 481, ""last_x"": 651, ""sample_2_time"": 1083, ""sample_0_x"": 844, ""first_x"": 844, ""sample_0_time"": 16, ""sample_0_y"": 481, ""last_y"": 678, ""sample_4_y"": 678, ""sample_2_y"": 562, ""sample_1_x"": 820, ""sample_3_time"": 1616, ""sample_2_x"": 782, ""sample_1_time"": 550, ""sample_4_x"": 651, ""first_time"": 16, ""sample_1_y"": 526, ""sample_3_x"": 695, ""sample_3_y"": 641}",Q3 (180-270<U+00B0>),Q3 (180-270<U+00B0>),TRUE,TRUE,Correct,225,1.2364076000000068,1.2364076000000068,1.2364076000000068,1.2364076000000068,TRUE
166111,18,lefth,2,yes,2,"""5-10""",91,315,312.2606643,3465,2033,"{""sample_4_time"": 2033, ""sample_0_x"": 867, ""count"": 122, ""last_y"": 684, ""sample_1_y"": 510, ""sample_3_x"": 969, ""sample_1_time"": 517, ""sample_0_time"": 16, ""sample_1_x"": 882, ""last_x"": 1054, ""sample_2_x"": 915, ""first_time"": 16, ""sample_0_y"": 479, ""last_time"": 2033, ""sample_3_y"": 614, ""first_x"": 867, ""sample_2_y"": 556, ""sample_4_y"": 684, ""sample_3_time"": 1533, ""sample_2_time"": 1033, ""first_y"": 479, ""sample_4_x"": 1054}",Q4 (270-360<U+00B0>),Q4 (270-360<U+00B0>),TRUE,TRUE,Correct,315,2.7393357000000265,2.7393357000000265,2.7393357000000265,2.7393357000000265,TRUE
166111,18,lefth,2,yes,2,"""5-10""",92,45,47.33450644,3015,2466,"{""sample_3_y"": 272, ""sample_3_time"": 1867, ""sample_0_y"": 442, ""sample_1_y"": 373, ""sample_4_time"": 2466, ""last_x"": 1055, ""sample_1_x"": 873, ""sample_1_time"": 633, ""sample_4_y"": 248, ""sample_0_x"": 849, ""sample_4_x"": 1055, ""sample_2_y"": 312, ""count"": 148, ""first_time"": 16, ""first_x"": 849, ""first_y"": 442, ""sample_2_time"": 1250, ""sample_0_time"": 16, ""sample_3_x"": 1001, ""last_time"": 2466, ""last_y"": 248, ""sample_2_x"": 923}",Q1 (0-90<U+00B0>),Q1 (0-90<U+00B0>),TRUE,TRUE,Correct,45,2.3345064399999984,2.3345064399999984,2.3345064399999984,2.3345064399999984,TRUE
166111,18,lefth,2,yes,2,"""5-10""",93,225,228.6869931,4681,1467,"{""last_y"": 688, ""sample_1_y"": 547, ""sample_2_y"": 582, ""sample_4_y"": 688, ""first_y"": 489, ""sample_2_time"": 750, ""sample_3_x"": 763, ""sample_0_time"": 17, ""sample_4_time"": 1467, ""sample_1_time"": 382, ""sample_2_x"": 795, ""sample_3_time"": 1117, ""first_x"": 855, ""sample_0_x"": 855, ""last_time"": 1467, ""first_time"": 17, ""last_x"": 659, ""sample_3_y"": 600, ""sample_0_y"": 489, ""count"": 88, ""sample_1_x"": 827, ""sample_4_x"": 659}",Q3 (180-270<U+00B0>),Q3 (180-270<U+00B0>),TRUE,TRUE,Correct,225,3.686993099999995,3.686993099999995,3.686993099999995,3.686993099999995,TRUE
166111,18,lefth,2,yes,2,"""5-10""",94,225,224.1815445,2899,1833,"{""sample_0_x"": 832, ""first_y"": 484, ""sample_3_x"": 683, ""count"": 110, ""sample_1_time"": 466, ""sample_0_time"": 16, ""first_time"": 16, ""sample_1_y"": 523, ""sample_1_x"": 790, ""sample_2_y"": 572, ""sample_2_time"": 933, ""sample_4_x"": 642, ""sample_4_time"": 1833, ""last_x"": 642, ""sample_0_y"": 484, ""first_x"": 832, ""sample_3_time"": 1382, ""sample_3_y"": 634, ""last_time"": 1833, ""sample_2_x"": 729, ""sample_4_y"": 672, ""last_y"": 672}",Q3 (180-270<U+00B0>),Q3 (180-270<U+00B0>),TRUE,TRUE,Correct,225,0.8184554999999989,0.8184554999999989,0.8184554999999989,0.8184554999999989,TRUE
166111,18,lefth,2,yes,2,"""5-10""",95,315,312.1307747,3549,2017,"{""sample_1_y"": 523, ""count"": 121, ""first_time"": 17, ""last_time"": 2017, ""sample_0_time"": 17, ""sample_2_time"": 1016, ""sample_3_y"": 594, ""sample_3_x"": 951, ""first_y"": 480, ""sample_0_x"": 835, ""sample_3_time"": 1517, ""last_y"": 685, ""sample_4_time"": 2017, ""first_x"": 835, ""sample_2_y"": 559, ""sample_1_x"": 847, ""last_x"": 1054, ""sample_2_x"": 891, ""sample_4_y"": 685, ""sample_0_y"": 480, ""sample_4_x"": 1054, ""sample_1_time"": 517}",Q4 (270-360<U+00B0>),Q4 (270-360<U+00B0>),TRUE,TRUE,Correct,315,2.8692252999999823,2.8692252999999823,2.8692252999999823,2.8692252999999823,TRUE
166111,18,lefth,2,yes,2,"""5-10""",96,45,137.060111,2982,1734,"{""sample_2_x"": 733, ""sample_3_time"": 1317, ""sample_2_y"": 393, ""sample_4_x"": 639, ""sample_0_y"": 467, ""sample_3_y"": 299, ""sample_2_time"": 883, ""sample_1_x"": 792, ""sample_4_y"": 264, ""sample_0_time"": 17, ""first_x"": 834, ""sample_0_x"": 834, ""sample_1_y"": 443, ""last_y"": 264, ""last_time"": 1734, ""first_time"": 17, ""sample_3_x"": 662, ""last_x"": 639, ""sample_4_time"": 1734, ""count"": 104, ""sample_1_time"": 450, ""first_y"": 467}",Q1 (0-90<U+00B0>),Q2 (90-180<U+00B0>),FALSE,TRUE,Formant,135,2.0601110000000062,2.0601110000000062,92.060111,92.060111,FALSE
166111,18,lefth,2,yes,2,"""5-10""",97,135,133.9035639,2783,1716,"{""first_time"": 15, ""first_x"": 843, ""sample_4_time"": 1715, ""count"": 103, ""sample_1_time"": 432, ""sample_2_time"": 865, ""sample_0_y"": 447, ""sample_0_x"": 843, ""sample_1_x"": 808, ""sample_3_time"": 1299, ""last_y"": 252, ""sample_4_y"": 252, ""last_time"": 1715, ""sample_1_y"": 412, ""sample_2_y"": 349, ""first_y"": 447, ""sample_3_x"": 690, ""last_x"": 650, ""sample_4_x"": 650, ""sample_2_x"": 743, ""sample_3_y"": 297, ""sample_0_time"": 15}",Q2 (90-180<U+00B0>),Q2 (90-180<U+00B0>),TRUE,TRUE,Correct,135,1.0964361000000054,1.0964361000000054,1.0964361000000054,1.0964361000000054,TRUE
166111,18,lefth,2,yes,2,"""5-10""",98,135,134.5878073,2715,1917,"{""last_time"": 1916, ""sample_1_x"": 831, ""sample_2_y"": 383, ""sample_2_x"": 752, ""last_x"": 648, ""sample_0_time"": 17, ""sample_3_y"": 324, ""sample_1_y"": 436, ""sample_0_y"": 448, ""sample_4_y"": 255, ""sample_3_x"": 699, ""sample_4_time"": 1916, ""first_y"": 448, ""sample_1_time"": 483, ""first_time"": 17, ""last_y"": 255, ""sample_3_time"": 1450, ""sample_2_time"": 966, ""sample_0_x"": 852, ""count"": 115, ""sample_4_x"": 648, ""first_x"": 852}",Q2 (90-180<U+00B0>),Q2 (90-180<U+00B0>),TRUE,TRUE,Correct,135,0.4121926999999914,0.4121926999999914,0.4121926999999914,0.4121926999999914,TRUE
166111,18,lefth,2,yes,2,"""5-10""",99,45,127.0249603,3465,2300,"{""first_x"": 845, ""sample_1_time"": 583, ""sample_3_x"": 710, ""sample_2_time"": 1166, ""last_y"": 229, ""first_y"": 448, ""sample_1_x"": 783, ""sample_0_y"": 448, ""sample_2_x"": 740, ""sample_3_y"": 307, ""sample_1_y"": 411, ""sample_4_time"": 2300, ""sample_4_y"": 229, ""sample_0_time"": 16, ""last_time"": 2300, ""count"": 138, ""first_time"": 16, ""last_x"": 677, ""sample_4_x"": 677, ""sample_2_y"": 355, ""sample_0_x"": 845, ""sample_3_time"": 1733}",Q1 (0-90<U+00B0>),Q2 (90-180<U+00B0>),FALSE,TRUE,Formant,135,7.975039699999996,7.975039699999996,82.0249603,82.0249603,FALSE
166111,18,lefth,2,yes,2,"""5-10""",100,225,219.7807355,3133,1499,"{""count"": 90, ""sample_0_x"": 837, ""sample_2_time"": 765, ""sample_4_time"": 1499, ""sample_4_x"": 628, ""sample_3_x"": 656, ""first_time"": 17, ""sample_3_time"": 1132, ""first_x"": 837, ""sample_1_x"": 780, ""sample_2_x"": 729, ""sample_3_y"": 608, ""last_time"": 1499, ""first_y"": 453, ""sample_1_y"": 477, ""sample_2_y"": 524, ""sample_0_time"": 17, ""last_x"": 628, ""sample_0_y"": 453, ""sample_4_y"": 654, ""last_y"": 654, ""sample_1_time"": 382}",Q3 (180-270<U+00B0>),Q3 (180-270<U+00B0>),TRUE,TRUE,Correct,225,5.219264500000008,5.219264500000008,5.219264500000008,5.219264500000008,TRUE
1000007,19,righth,1,yes,1,"""10+""",21,315,132.2888546,6215,1934,"{""first_y"": 389, ""first_x"": 718, ""sample_1_y"": 320, ""sample_0_y"": 389, ""sample_2_x"": 654, ""sample_0_time"": 17, ""sample_4_x"": 563, ""sample_3_x"": 736, ""last_time"": 1934, ""sample_3_y"": 416, ""first_time"": 17, ""sample_2_y"": 325, ""sample_1_x"": 647, ""last_y"": 211, ""last_x"": 563, ""sample_1_time"": 467, ""sample_4_y"": 211, ""sample_3_time"": 1484, ""count"": 109, ""sample_0_x"": 718, ""sample_2_time"": 950, ""sample_4_time"": 1934}",Q4 (270-360<U+00B0>),Q2 (90-180<U+00B0>),FALSE,FALSE,Both,135,2.7111453999999924,2.7111453999999924,182.7111454,177.2888546,FALSE
1000007,19,righth,1,yes,1,"""10+""",22,315,224.3634064,2648,1167,"{""first_time"": 17, ""sample_2_y"": 501, ""count"": 70, ""first_y"": 416, ""sample_0_y"": 416, ""last_x"": 552, ""sample_4_time"": 1167, ""sample_0_x"": 716, ""sample_1_time"": 300, ""sample_2_time"": 600, ""sample_0_time"": 17, ""sample_1_y"": 460, ""last_time"": 1167, ""last_y"": 577, ""sample_4_y"": 577, ""sample_3_y"": 537, ""sample_1_x"": 672, ""sample_2_x"": 634, ""sample_3_time"": 883, ""first_x"": 716, ""sample_3_x"": 598, ""sample_4_x"": 552}",Q4 (270-360<U+00B0>),Q3 (180-270<U+00B0>),FALSE,TRUE,Formant,225,0.6365935999999977,0.6365935999999977,90.6365936,90.6365936,FALSE
1000007,19,righth,1,yes,1,"""10+""",23,45,135.3200848,2765,1300,"{""first_y"": 381, ""last_y"": 221, ""sample_4_y"": 221, ""count"": 78, ""sample_2_time"": 667, ""sample_4_time"": 1300, ""sample_0_x"": 716, ""sample_3_time"": 983, ""sample_1_x"": 652, ""sample_4_x"": 554, ""sample_0_time"": 17, ""sample_3_x"": 583, ""last_time"": 1300, ""first_time"": 17, ""sample_2_x"": 615, ""sample_2_y"": 281, ""first_x"": 716, ""last_x"": 554, ""sample_1_time"": 333, ""sample_3_y"": 245, ""sample_1_y"": 317, ""sample_0_y"": 381}",Q1 (0-90<U+00B0>),Q2 (90-180<U+00B0>),FALSE,TRUE,Formant,135,0.3200847999999894,0.3200847999999894,90.32008479999999,90.32008479999999,FALSE
1000007,19,righth,1,yes,1,"""10+""",24,225,226.7550319,3031,1467,"{""last_x"": 560, ""sample_1_y"": 447, ""sample_1_time"": 383, ""sample_0_y"": 413, ""sample_1_x"": 686, ""sample_2_time"": 750, ""sample_4_y"": 584, ""first_y"": 413, ""sample_4_x"": 560, ""count"": 88, ""first_x"": 724, ""sample_0_time"": 17, ""sample_2_y"": 508, ""first_time"": 17, ""sample_3_time"": 1117, ""sample_4_time"": 1467, ""sample_3_x"": 587, ""sample_3_y"": 553, ""last_y"": 584, ""sample_2_x"": 628, ""sample_0_x"": 724, ""last_time"": 1467}",Q3 (180-270<U+00B0>),Q3 (180-270<U+00B0>),TRUE,TRUE,Correct,225,1.7550319000000059,1.7550319000000059,1.7550319000000059,1.7550319000000059,TRUE
1000007,19,righth,1,yes,1,"""10+""",25,225,225.9601746,2548,2084,"{""sample_1_time"": 534, ""sample_0_x"": 718, ""first_x"": 718, ""sample_4_time"": 2084, ""count"": 125, ""last_y"": 581, ""sample_3_y"": 549, ""sample_3_time"": 1567, ""sample_1_y"": 461, ""sample_0_y"": 410, ""sample_2_time"": 1051, ""sample_0_time"": 16, ""sample_3_x"": 586, ""last_time"": 2084, ""first_time"": 16, ""sample_4_y"": 581, ""sample_1_x"": 661, ""sample_2_x"": 630, ""sample_2_y"": 498, ""last_x"": 558, ""first_y"": 410, ""sample_4_x"": 558}",Q3 (180-270<U+00B0>),Q3 (180-270<U+00B0>),TRUE,TRUE,Correct,225,0.9601745999999878,0.9601745999999878,0.9601745999999878,0.9601745999999878,TRUE
1000007,19,righth,1,yes,1,"""10+""",26,315,314.3634064,2615,1434,"{""sample_3_y"": 528, ""sample_0_x"": 749, ""sample_4_time"": 1433, ""sample_1_x"": 777, ""sample_2_x"": 811, ""sample_0_y"": 409, ""last_y"": 581, ""sample_4_y"": 581, ""last_time"": 1433, ""sample_2_y"": 465, ""count"": 86, ""first_time"": 16, ""sample_4_x"": 912, ""sample_2_time"": 733, ""sample_1_y"": 437, ""sample_3_time"": 1083, ""first_y"": 409, ""sample_0_time"": 16, ""first_x"": 749, ""sample_3_x"": 871, ""sample_1_time"": 366, ""last_x"": 912}",Q4 (270-360<U+00B0>),Q4 (270-360<U+00B0>),TRUE,TRUE,Correct,315,0.6365936000000261,0.6365936000000261,0.6365936000000261,0.6365936000000261,TRUE
1000007,19,righth,1,yes,1,"""10+""",27,225,225.6401497,2381,1500,"{""first_y"": 409, ""sample_2_y"": 489, ""sample_3_x"": 598, ""first_time"": 16, ""sample_1_y"": 445, ""sample_3_y"": 541, ""last_time"": 1500, ""sample_4_y"": 580, ""count"": 90, ""sample_4_time"": 1500, ""sample_2_time"": 767, ""sample_4_x"": 557, ""sample_1_time"": 383, ""sample_3_time"": 1133, ""sample_2_x"": 651, ""sample_0_time"": 16, ""sample_1_x"": 684, ""sample_0_y"": 409, ""last_y"": 580, ""first_x"": 717, ""last_x"": 557, ""sample_0_x"": 717}",Q3 (180-270<U+00B0>),Q3 (180-270<U+00B0>),TRUE,TRUE,Correct,225,0.6401496999999949,0.6401496999999949,0.6401496999999949,0.6401496999999949,TRUE
1000007,19,righth,1,yes,1,"""10+""",28,315,312.4409977,2632,1434,"{""sample_4_time"": 1433, ""last_y"": 586, ""first_x"": 749, ""count"": 86, ""sample_3_y"": 553, ""sample_0_time"": 17, ""sample_3_time"": 1083, ""sample_2_time"": 733, ""sample_2_x"": 836, ""sample_0_y"": 413, ""sample_4_y"": 586, ""first_y"": 413, ""sample_4_x"": 905, ""sample_1_time"": 367, ""last_x"": 905, ""first_time"": 17, ""sample_2_y"": 503, ""sample_0_x"": 749, ""sample_3_x"": 875, ""last_time"": 1433, ""sample_1_x"": 796, ""sample_1_y"": 454}",Q4 (270-360<U+00B0>),Q4 (270-360<U+00B0>),TRUE,TRUE,Correct,315,2.5590022999999746,2.5590022999999746,2.5590022999999746,2.5590022999999746,TRUE
1000007,19,righth,1,yes,1,"""10+""",29,225,224.2020602,2449,1751,"{""sample_2_time"": 834, ""first_time"": 17, ""sample_0_y"": 412, ""sample_1_time"": 417, ""sample_3_x"": 586, ""sample_4_x"": 552, ""sample_4_y"": 576, ""sample_0_time"": 17, ""sample_1_x"": 679, ""last_x"": 552, ""sample_0_x"": 719, ""sample_2_x"": 635, ""last_time"": 1751, ""last_y"": 576, ""sample_2_y"": 496, ""first_x"": 719, ""sample_4_time"": 1751, ""sample_3_y"": 532, ""first_y"": 412, ""sample_1_y"": 453, ""sample_3_time"": 1234, ""count"": 98}",Q3 (180-270<U+00B0>),Q3 (180-270<U+00B0>),TRUE,TRUE,Correct,225,0.7979397999999946,0.7979397999999946,0.7979397999999946,0.7979397999999946,TRUE
1000007,19,righth,1,yes,1,"""10+""",30,225,226.6000247,2467,2900,"{""first_x"": 730, ""sample_0_y"": 382, ""sample_2_time"": 1316, ""sample_1_time"": 633, ""sample_1_y"": 306, ""count"": 151, ""sample_3_time"": 2283, ""last_y"": 583, ""sample_0_time"": 16, ""sample_3_x"": 642, ""sample_2_y"": 420, ""sample_2_x"": 746, ""first_time"": 16, ""first_y"": 382, ""sample_4_y"": 583, ""sample_1_x"": 653, ""sample_4_time"": 2899, ""sample_0_x"": 730, ""sample_4_x"": 560, ""last_x"": 560, ""last_time"": 2899, ""sample_3_y"": 497}",Q3 (180-270<U+00B0>),Q3 (180-270<U+00B0>),TRUE,TRUE,Correct,225,1.6000247000000059,1.6000247000000059,1.6000247000000059,1.6000247000000059,TRUE
1000007,19,righth,1,yes,1,"""10+""",31,135,135.3200848,3715,1200,"{""sample_0_time"": 16, ""last_x"": 554, ""sample_2_y"": 298, ""sample_1_x"": 684, ""first_time"": 16, ""last_time"": 1200, ""last_y"": 221, ""sample_0_x"": 722, ""sample_4_y"": 221, ""count"": 72, ""sample_1_y"": 340, ""sample_0_y"": 381, ""sample_2_time"": 616, ""sample_3_y"": 264, ""first_y"": 381, ""sample_4_time"": 1200, ""sample_3_x"": 596, ""sample_4_x"": 554, ""sample_3_time"": 916, ""sample_1_time"": 316, ""sample_2_x"": 635, ""first_x"": 722}",Q2 (90-180<U+00B0>),Q2 (90-180<U+00B0>),TRUE,TRUE,Correct,135,0.3200847999999894,0.3200847999999894,0.3200847999999894,0.3200847999999894,TRUE
1000007,19,righth,1,yes,1,"""10+""",32,315,227.3404867,2348,2733,"{""sample_2_time"": 1200, ""first_y"": 415, ""sample_3_y"": 448, ""sample_0_y"": 415, ""sample_1_y"": 490, ""count"": 143, ""sample_2_x"": 602, ""sample_4_time"": 2733, ""sample_1_time"": 600, ""sample_2_y"": 535, ""last_y"": 590, ""last_x"": 558, ""sample_4_x"": 558, ""sample_3_time"": 1966, ""sample_4_y"": 590, ""first_time"": 17, ""first_x"": 729, ""sample_3_x"": 713, ""sample_1_x"": 647, ""sample_0_x"": 729, ""last_time"": 2733, ""sample_0_time"": 17}",Q4 (270-360<U+00B0>),Q3 (180-270<U+00B0>),FALSE,TRUE,Formant,225,2.340486700000014,2.340486700000014,87.65951329999999,87.65951329999999,FALSE
1000007,19,righth,1,yes,1,"""10+""",33,45,135.7979398,5463,1617,"{""first_x"": 727, ""sample_4_time"": 1616, ""last_time"": 1616, ""sample_2_y"": 284, ""sample_2_x"": 629, ""sample_1_time"": 416, ""count"": 97, ""last_x"": 552, ""sample_4_y"": 222, ""sample_1_x"": 693, ""sample_0_y"": 382, ""first_time"": 16, ""sample_0_x"": 727, ""last_y"": 222, ""sample_1_y"": 343, ""sample_0_time"": 16, ""sample_3_time"": 1216, ""first_y"": 382, ""sample_3_x"": 582, ""sample_4_x"": 552, ""sample_2_time"": 816, ""sample_3_y"": 241}",Q1 (0-90<U+00B0>),Q2 (90-180<U+00B0>),FALSE,TRUE,Formant,135,0.7979397999999946,0.7979397999999946,90.7979398,90.7979398,FALSE
1000007,19,righth,1,yes,1,"""10+""",34,135,132.7605241,2633,1583,"{""sample_1_time"": 400, ""last_time"": 1583, ""sample_0_time"": 17, ""sample_2_y"": 282, ""count"": 95, ""sample_1_y"": 326, ""sample_2_x"": 619, ""sample_0_x"": 718, ""first_y"": 387, ""last_x"": 562, ""sample_2_time"": 800, ""sample_3_x"": 576, ""sample_1_x"": 660, ""sample_4_y"": 213, ""first_time"": 17, ""sample_4_x"": 562, ""sample_3_y"": 227, ""first_x"": 718, ""sample_0_y"": 387, ""sample_3_time"": 1200, ""sample_4_time"": 1583, ""last_y"": 213}",Q2 (90-180<U+00B0>),Q2 (90-180<U+00B0>),TRUE,TRUE,Correct,135,2.239475900000002,2.239475900000002,2.239475900000002,2.239475900000002,TRUE
1000007,19,righth,1,yes,1,"""10+""",35,135,132.772953,2500,1549,"{""sample_2_y"": 302, ""sample_4_time"": 1549, ""sample_0_y"": 384, ""sample_2_time"": 782, ""sample_4_x"": 561, ""last_x"": 561, ""sample_0_x"": 719, ""sample_3_time"": 1165, ""first_time"": 16, ""sample_3_x"": 593, ""sample_3_y"": 246, ""sample_1_y"": 337, ""sample_1_time"": 399, ""last_time"": 1549, ""first_x"": 719, ""sample_2_x"": 637, ""last_y"": 212, ""count"": 93, ""sample_4_y"": 212, ""first_y"": 384, ""sample_0_time"": 16, ""sample_1_x"": 672}",Q2 (90-180<U+00B0>),Q2 (90-180<U+00B0>),TRUE,TRUE,Correct,135,2.227046999999999,2.227046999999999,2.227046999999999,2.227046999999999,TRUE
1000007,19,righth,1,yes,1,"""10+""",36,315,225.9601746,2465,2134,"{""count"": 120, ""last_time"": 2134, ""sample_4_y"": 581, ""sample_2_time"": 1067, ""sample_1_y"": 491, ""sample_1_time"": 517, ""first_time"": 17, ""sample_1_x"": 659, ""sample_3_x"": 644, ""sample_3_y"": 501, ""sample_4_time"": 2134, ""sample_0_time"": 17, ""sample_0_x"": 727, ""first_y"": 418, ""sample_2_x"": 726, ""sample_4_x"": 558, ""sample_3_time"": 1650, ""last_x"": 558, ""first_x"": 727, ""sample_0_y"": 418, ""sample_2_y"": 427, ""last_y"": 581}",Q4 (270-360<U+00B0>),Q3 (180-270<U+00B0>),FALSE,TRUE,Formant,225,0.9601745999999878,0.9601745999999878,89.03982540000001,89.03982540000001,FALSE
1000007,19,righth,1,yes,1,"""10+""",37,135,133.8829536,2382,1267,"{""sample_4_x"": 558, ""sample_0_y"": 383, ""sample_1_x"": 669, ""sample_3_x"": 605, ""sample_4_time"": 1267, ""sample_3_y"": 263, ""sample_4_y"": 216, ""sample_0_x"": 738, ""sample_2_x"": 629, ""first_x"": 738, ""last_time"": 1267, ""last_y"": 216, ""sample_0_time"": 16, ""count"": 76, ""last_x"": 558, ""first_time"": 16, ""sample_3_time"": 967, ""sample_1_y"": 320, ""sample_1_time"": 333, ""sample_2_time"": 650, ""sample_2_y"": 283, ""first_y"": 383}",Q2 (90-180<U+00B0>),Q2 (90-180<U+00B0>),TRUE,TRUE,Correct,135,1.1170463999999924,1.1170463999999924,1.1170463999999924,1.1170463999999924,TRUE
1000007,19,righth,1,yes,1,"""10+""",38,45,45.94956686,2498,1284,"{""sample_3_y"": 248, ""sample_0_y"": 385, ""sample_3_x"": 882, ""sample_4_y"": 215, ""count"": 77, ""sample_1_x"": 803, ""sample_2_time"": 650, ""sample_0_time"": 17, ""sample_4_x"": 912, ""sample_1_time"": 333, ""sample_2_x"": 852, ""sample_3_time"": 967, ""last_x"": 912, ""first_time"": 17, ""first_x"": 749, ""sample_4_time"": 1283, ""sample_0_x"": 749, ""last_time"": 1283, ""first_y"": 385, ""last_y"": 215, ""sample_2_y"": 280, ""sample_1_y"": 331}",Q1 (0-90<U+00B0>),Q1 (0-90<U+00B0>),TRUE,TRUE,Correct,45,0.9495668599999973,0.9495668599999973,0.9495668599999973,0.9495668599999973,TRUE
1000007,19,righth,1,yes,1,"""10+""",39,45,134.8404021,2782,1400,"{""sample_2_y"": 293, ""sample_1_x"": 675, ""first_y"": 385, ""count"": 84, ""last_time"": 1400, ""sample_1_y"": 339, ""sample_4_time"": 1400, ""sample_2_x"": 626, ""sample_4_y"": 219, ""sample_3_x"": 591, ""sample_0_time"": 16, ""sample_0_x"": 720, ""sample_1_time"": 366, ""last_y"": 219, ""sample_4_x"": 555, ""sample_0_y"": 385, ""first_x"": 720, ""sample_3_time"": 1066, ""sample_2_time"": 716, ""first_time"": 16, ""sample_3_y"": 263, ""last_x"": 555}",Q1 (0-90<U+00B0>),Q2 (90-180<U+00B0>),FALSE,TRUE,Formant,135,0.1595978999999943,0.1595978999999943,89.8404021,89.8404021,FALSE
1000007,19,righth,1,yes,1,"""10+""",40,135,133.2546853,2749,1433,"{""sample_4_time"": 1433, ""sample_3_y"": 250, ""sample_1_time"": 366, ""sample_2_y"": 298, ""sample_3_x"": 598, ""sample_0_time"": 16, ""sample_1_y"": 344, ""sample_0_y"": 386, ""last_y"": 213, ""sample_4_y"": 213, ""first_y"": 386, ""sample_3_time"": 1083, ""last_time"": 1433, ""sample_2_x"": 633, ""sample_2_time"": 733, ""sample_4_x"": 559, ""count"": 86, ""sample_1_x"": 680, ""sample_0_x"": 717, ""last_x"": 559, ""first_time"": 16, ""first_x"": 717}",Q2 (90-180<U+00B0>),Q2 (90-180<U+00B0>),TRUE,TRUE,Correct,135,1.7453146999999944,1.7453146999999944,1.7453146999999944,1.7453146999999944,TRUE
1000007,19,righth,1,yes,1,"""10+""",41,315,227.2394759,2482,1667,"{""sample_4_y"": 585, ""sample_4_x"": 562, ""first_x"": 714, ""sample_1_y"": 449, ""sample_3_x"": 613, ""sample_2_x"": 653, ""last_time"": 1666, ""sample_1_x"": 681, ""sample_0_y"": 408, ""first_time"": 16, ""sample_3_y"": 528, ""sample_0_time"": 16, ""last_x"": 562, ""sample_2_time"": 850, ""sample_4_time"": 1666, ""last_y"": 585, ""sample_2_y"": 484, ""sample_0_x"": 714, ""first_y"": 408, ""sample_3_time"": 1266, ""sample_1_time"": 433, ""count"": 100}",Q4 (270-360<U+00B0>),Q3 (180-270<U+00B0>),FALSE,TRUE,Formant,225,2.239475900000002,2.239475900000002,87.7605241,87.7605241,FALSE
1000007,19,righth,1,yes,1,"""10+""",42,315,311.8024422,2348,1717,"{""sample_2_time"": 867, ""sample_4_y"": 588, ""sample_0_y"": 403, ""last_time"": 1717, ""sample_3_y"": 527, ""sample_1_x"": 770, ""first_x"": 749, ""sample_3_time"": 1300, ""first_time"": 17, ""sample_3_x"": 860, ""sample_1_time"": 434, ""first_y"": 403, ""sample_2_x"": 815, ""sample_4_time"": 1717, ""sample_4_x"": 903, ""sample_1_y"": 426, ""count"": 103, ""last_x"": 903, ""sample_2_y"": 468, ""sample_0_time"": 17, ""sample_0_x"": 749, ""last_y"": 588}",Q4 (270-360<U+00B0>),Q4 (270-360<U+00B0>),TRUE,TRUE,Correct,315,3.197557800000027,3.197557800000027,3.197557800000027,3.197557800000027,TRUE
1000007,19,righth,1,yes,1,"""10+""",43,135,132.4409977,3365,1517,"{""sample_3_y"": 249, ""sample_1_time"": 383, ""sample_2_time"": 766, ""first_x"": 717, ""sample_2_y"": 297, ""first_time"": 17, ""sample_1_y"": 354, ""last_x"": 563, ""sample_0_x"": 717, ""count"": 91, ""last_time"": 1517, ""sample_0_y"": 387, ""sample_1_x"": 679, ""last_y"": 212, ""sample_2_x"": 632, ""first_y"": 387, ""sample_4_y"": 212, ""sample_3_x"": 587, ""sample_0_time"": 17, ""sample_3_time"": 1150, ""sample_4_x"": 563, ""sample_4_time"": 1517}",Q2 (90-180<U+00B0>),Q2 (90-180<U+00B0>),TRUE,TRUE,Correct,135,2.559002300000003,2.559002300000003,2.559002300000003,2.559002300000003,TRUE
1000007,19,righth,1,yes,1,"""10+""",44,135,132.6074176,2681,1867,"{""sample_2_y"": 300, ""sample_3_y"": 250, ""sample_3_x"": 604, ""first_x"": 728, ""sample_1_y"": 352, ""sample_0_time"": 17, ""first_y"": 383, ""first_time"": 17, ""count"": 112, ""sample_0_y"": 383, ""sample_4_x"": 562, ""sample_4_y"": 212, ""sample_3_time"": 1417, ""sample_1_x"": 696, ""sample_2_time"": 950, ""last_x"": 562, ""sample_2_x"": 645, ""last_y"": 212, ""sample_0_x"": 728, ""sample_4_time"": 1867, ""sample_1_time"": 484, ""last_time"": 1867}",Q2 (90-180<U+00B0>),Q2 (90-180<U+00B0>),TRUE,TRUE,Correct,135,2.392582400000009,2.392582400000009,2.392582400000009,2.392582400000009,TRUE
1000007,19,righth,1,yes,1,"""10+""",45,315,226.27303,2932,1467,"{""sample_3_x"": 605, ""sample_4_y"": 583, ""count"": 88, ""sample_4_x"": 558, ""sample_2_y"": 471, ""first_time"": 17, ""sample_1_y"": 440, ""sample_0_x"": 717, ""first_y"": 412, ""last_x"": 558, ""sample_2_time"": 750, ""sample_0_y"": 412, ""sample_0_time"": 17, ""last_time"": 1467, ""sample_3_y"": 525, ""sample_3_time"": 1117, ""sample_4_time"": 1467, ""sample_1_x"": 689, ""first_x"": 717, ""last_y"": 583, ""sample_1_time"": 383, ""sample_2_x"": 661}",Q4 (270-360<U+00B0>),Q3 (180-270<U+00B0>),FALSE,TRUE,Formant,225,1.2730300000000057,1.2730300000000057,88.72697,88.72697,FALSE
1000007,19,righth,1,yes,1,"""10+""",46,315,314.8421608,248,1250,"{""sample_4_x"": 915, ""last_x"": 915, ""sample_2_y"": 461, ""first_y"": 409, ""sample_4_time"": 1250, ""sample_3_time"": 950, ""sample_2_time"": 632, ""sample_3_y"": 522, ""last_y"": 581, ""sample_4_y"": 581, ""count"": 75, ""sample_0_x"": 754, ""first_x"": 754, ""sample_2_x"": 814, ""sample_1_time"": 317, ""sample_1_x"": 801, ""sample_0_time"": 16, ""sample_1_y"": 447, ""first_time"": 16, ""sample_0_y"": 409, ""sample_3_x"": 868, ""last_time"": 1250}",Q4 (270-360<U+00B0>),Q4 (270-360<U+00B0>),TRUE,TRUE,Correct,315,0.15783920000001217,0.15783920000001217,0.15783920000001217,0.15783920000001217,TRUE
1000007,19,righth,1,yes,1,"""10+""",47,315,311.9872125,2516,1482,"{""sample_2_y"": 503, ""sample_4_x"": 905, ""sample_3_y"": 547, ""last_y"": 589, ""sample_3_x"": 866, ""sample_1_y"": 457, ""first_x"": 745, ""last_time"": 1482, ""sample_0_x"": 745, ""first_y"": 414, ""sample_4_y"": 589, ""sample_0_time"": 15, ""last_x"": 905, ""sample_4_time"": 1482, ""sample_0_y"": 414, ""sample_1_time"": 383, ""sample_2_x"": 823, ""sample_2_time"": 749, ""count"": 89, ""sample_3_time"": 1116, ""sample_1_x"": 788, ""first_time"": 15}",Q4 (270-360<U+00B0>),Q4 (270-360<U+00B0>),TRUE,TRUE,Correct,315,3.0127875000000017,3.0127875000000017,3.0127875000000017,3.0127875000000017,TRUE
1000007,19,righth,1,yes,1,"""10+""",48,45,48.04648099,2999,1700,"{""sample_1_y"": 351, ""sample_0_time"": 16, ""last_y"": 211, ""sample_2_x"": 839, ""count"": 102, ""last_time"": 1700, ""sample_1_x"": 800, ""first_y"": 392, ""sample_0_x"": 753, ""sample_4_time"": 1700, ""sample_2_y"": 303, ""sample_3_x"": 876, ""sample_1_time"": 433, ""sample_3_y"": 249, ""sample_4_y"": 211, ""sample_3_time"": 1283, ""first_time"": 16, ""sample_2_time"": 866, ""first_x"": 753, ""sample_4_x"": 903, ""sample_0_y"": 392, ""last_x"": 903}",Q1 (0-90<U+00B0>),Q1 (0-90<U+00B0>),TRUE,TRUE,Correct,45,3.046480989999999,3.046480989999999,3.046480989999999,3.046480989999999,TRUE
1000007,19,righth,1,yes,1,"""10+""",49,135,133.3999753,2731,1800,"{""sample_4_time"": 1800, ""first_time"": 16, ""sample_0_y"": 395, ""last_x"": 560, ""count"": 108, ""sample_1_time"": 466, ""sample_0_time"": 16, ""sample_1_x"": 668, ""sample_2_time"": 916, ""sample_1_y"": 340, ""sample_3_y"": 249, ""sample_2_y"": 281, ""last_time"": 1800, ""last_y"": 215, ""sample_3_x"": 597, ""sample_4_y"": 215, ""sample_4_x"": 560, ""sample_0_x"": 718, ""sample_2_x"": 623, ""sample_3_time"": 1366, ""first_y"": 395, ""first_x"": 718}",Q2 (90-180<U+00B0>),Q2 (90-180<U+00B0>),TRUE,TRUE,Correct,135,1.6000247000000059,1.6000247000000059,1.6000247000000059,1.6000247000000059,TRUE
1000007,19,righth,1,yes,1,"""10+""",50,225,227.8783695,2366,1567,"{""last_x"": 564, ""sample_0_y"": 412, ""sample_4_y"": 587, ""sample_1_x"": 698, ""last_y"": 587, ""sample_0_x"": 723, ""count"": 94, ""sample_3_time"": 1182, ""sample_3_y"": 523, ""first_x"": 723, ""first_y"": 412, ""sample_1_y"": 440, ""sample_2_y"": 473, ""last_time"": 1567, ""sample_3_x"": 619, ""sample_2_time"": 800, ""sample_1_time"": 400, ""sample_2_x"": 669, ""sample_4_x"": 564, ""first_time"": 16, ""sample_4_time"": 1567, ""sample_0_time"": 16}",Q3 (180-270<U+00B0>),Q3 (180-270<U+00B0>),TRUE,TRUE,Correct,225,2.878369499999991,2.878369499999991,2.878369499999991,2.878369499999991,TRUE
1000007,19,righth,1,yes,1,"""10+""",51,135,137.3925824,3415,1516,"{""sample_0_x"": 715, ""sample_2_y"": 306, ""first_time"": 17, ""sample_2_time"": 766, ""sample_1_y"": 349, ""sample_3_time"": 1149, ""count"": 91, ""sample_4_y"": 227, ""sample_2_x"": 642, ""last_x"": 547, ""first_y"": 381, ""sample_4_time"": 1515, ""sample_0_y"": 381, ""first_x"": 715, ""last_time"": 1515, ""sample_1_time"": 383, ""sample_0_time"": 17, ""last_y"": 227, ""sample_3_x"": 582, ""sample_3_y"": 245, ""sample_4_x"": 547, ""sample_1_x"": 685}",Q2 (90-180<U+00B0>),Q2 (90-180<U+00B0>),TRUE,TRUE,Correct,135,2.392582400000009,2.392582400000009,2.392582400000009,2.392582400000009,TRUE
1000007,19,righth,1,yes,1,"""10+""",52,135,135,2982,1666,"{""sample_2_time"": 849, ""count"": 100, ""last_time"": 1665, ""sample_4_time"": 1665, ""sample_4_x"": 555, ""sample_2_x"": 650, ""sample_0_x"": 718, ""first_x"": 718, ""first_y"": 392, ""sample_3_x"": 599, ""sample_1_y"": 358, ""last_y"": 220, ""sample_2_y"": 325, ""sample_4_y"": 220, ""sample_1_x"": 683, ""sample_0_y"": 392, ""sample_3_time"": 1266, ""sample_0_time"": 15, ""first_time"": 15, ""sample_3_y"": 269, ""sample_1_time"": 433, ""last_x"": 555}",Q2 (90-180<U+00B0>),Q2 (90-180<U+00B0>),TRUE,TRUE,Correct,135,0,0,0,0,TRUE
1000007,19,righth,1,yes,1,"""10+""",53,135,133.4088597,2867,1416,"{""last_y"": 214, ""sample_3_y"": 257, ""last_time"": 1415, ""sample_1_y"": 347, ""first_x"": 725, ""sample_2_time"": 716, ""sample_2_y"": 301, ""last_x"": 559, ""sample_4_x"": 559, ""sample_3_x"": 608, ""sample_1_x"": 697, ""sample_3_time"": 1064, ""sample_0_x"": 725, ""sample_0_time"": 16, ""first_y"": 385, ""sample_2_x"": 654, ""sample_4_y"": 214, ""sample_4_time"": 1415, ""sample_1_time"": 366, ""count"": 85, ""sample_0_y"": 385, ""first_time"": 16}",Q2 (90-180<U+00B0>),Q2 (90-180<U+00B0>),TRUE,TRUE,Correct,135,1.5911403000000064,1.5911403000000064,1.5911403000000064,1.5911403000000064,TRUE
1000007,19,righth,1,yes,1,"""10+""",54,135,133.72697,2898,1567,"{""last_x"": 558, ""sample_4_y"": 215, ""sample_2_x"": 650, ""last_time"": 1566, ""first_x"": 732, ""sample_0_x"": 732, ""sample_1_x"": 705, ""sample_3_y"": 253, ""first_time"": 16, ""first_y"": 383, ""sample_2_y"": 305, ""sample_3_x"": 603, ""sample_0_time"": 16, ""sample_3_time"": 1182, ""sample_4_x"": 558, ""last_y"": 215, ""sample_0_y"": 383, ""sample_2_time"": 800, ""count"": 94, ""sample_1_time"": 400, ""sample_1_y"": 352, ""sample_4_time"": 1566}",Q2 (90-180<U+00B0>),Q2 (90-180<U+00B0>),TRUE,TRUE,Correct,135,1.2730300000000057,1.2730300000000057,1.2730300000000057,1.2730300000000057,TRUE
1000007,19,righth,1,yes,1,"""10+""",55,135,133.8829536,2948,1517,"{""sample_4_y"": 216, ""sample_1_y"": 340, ""first_y"": 383, ""sample_0_x"": 727, ""sample_0_time"": 17, ""sample_4_time"": 1516, ""sample_2_y"": 298, ""sample_2_x"": 644, ""first_time"": 17, ""sample_0_y"": 383, ""sample_3_y"": 261, ""sample_4_x"": 558, ""count"": 91, ""first_x"": 727, ""last_x"": 558, ""sample_3_x"": 603, ""sample_1_time"": 382, ""last_time"": 1516, ""sample_3_time"": 1149, ""sample_1_x"": 686, ""sample_2_time"": 766, ""last_y"": 216}",Q2 (90-180<U+00B0>),Q2 (90-180<U+00B0>),TRUE,TRUE,Correct,135,1.1170463999999924,1.1170463999999924,1.1170463999999924,1.1170463999999924,TRUE
1000007,19,righth,1,yes,1,"""10+""",56,45,46.58235392,2582,1734,"{""count"": 104, ""sample_2_x"": 818, ""sample_0_time"": 17, ""sample_4_y"": 213, ""sample_3_y"": 260, ""sample_2_y"": 299, ""last_x"": 910, ""first_time"": 17, ""sample_1_y"": 355, ""sample_1_time"": 450, ""sample_0_y"": 393, ""sample_0_x"": 748, ""sample_2_time"": 883, ""last_y"": 213, ""sample_3_time"": 1317, ""sample_4_x"": 910, ""last_time"": 1734, ""sample_3_x"": 849, ""sample_4_time"": 1734, ""first_y"": 393, ""sample_1_x"": 779, ""first_x"": 748}",Q1 (0-90<U+00B0>),Q1 (0-90<U+00B0>),TRUE,TRUE,Correct,45,1.5823539200000027,1.5823539200000027,1.5823539200000027,1.5823539200000027,TRUE
1000007,19,righth,1,yes,1,"""10+""",57,135,137.3925824,2798,1384,"{""sample_1_y"": 345, ""first_time"": 16, ""last_y"": 227, ""sample_2_y"": 300, ""last_time"": 1383, ""count"": 83, ""sample_2_time"": 700, ""first_x"": 719, ""sample_3_y"": 256, ""sample_4_time"": 1383, ""last_x"": 547, ""sample_1_time"": 350, ""first_y"": 389, ""sample_0_time"": 16, ""sample_3_x"": 588, ""sample_4_y"": 227, ""sample_2_x"": 625, ""sample_4_x"": 547, ""sample_1_x"": 673, ""sample_0_x"": 719, ""sample_0_y"": 389, ""sample_3_time"": 1050}",Q2 (90-180<U+00B0>),Q2 (90-180<U+00B0>),TRUE,TRUE,Correct,135,2.392582400000009,2.392582400000009,2.392582400000009,2.392582400000009,TRUE
1000007,19,righth,1,yes,1,"""10+""",58,315,222.7852449,2349,1567,"{""last_x"": 546, ""sample_2_x"": 640, ""last_time"": 1567, ""sample_0_x"": 726, ""sample_1_time"": 404, ""sample_4_y"": 573, ""sample_2_time"": 800, ""sample_4_x"": 546, ""first_y"": 417, ""sample_3_y"": 538, ""count"": 94, ""first_time"": 16, ""first_x"": 726, ""sample_2_y"": 508, ""sample_3_x"": 606, ""sample_0_time"": 16, ""sample_3_time"": 1184, ""sample_4_time"": 1567, ""sample_0_y"": 417, ""last_y"": 573, ""sample_1_x"": 676, ""sample_1_y"": 475}",Q4 (270-360<U+00B0>),Q3 (180-270<U+00B0>),FALSE,TRUE,Formant,225,2.2147550999999908,2.2147550999999908,92.21475509999999,92.21475509999999,FALSE
1000007,19,righth,1,yes,1,"""10+""",59,225,221.4834525,2649,1584,"{""sample_4_y"": 567, ""sample_3_y"": 529, ""sample_3_time"": 1200, ""sample_4_time"": 1583, ""sample_0_x"": 722, ""sample_0_time"": 16, ""first_y"": 412, ""first_time"": 16, ""sample_0_y"": 412, ""last_y"": 567, ""sample_3_x"": 597, ""sample_1_time"": 400, ""sample_2_x"": 641, ""sample_1_x"": 684, ""sample_4_x"": 544, ""sample_1_y"": 444, ""count"": 95, ""first_x"": 722, ""last_time"": 1583, ""sample_2_y"": 490, ""sample_2_time"": 800, ""last_x"": 544}",Q3 (180-270<U+00B0>),Q3 (180-270<U+00B0>),TRUE,TRUE,Correct,225,3.5165475000000015,3.5165475000000015,3.5165475000000015,3.5165475000000015,TRUE
1000007,19,righth,1,yes,1,"""10+""",60,45,49.27731617,2982,1583,"{""sample_3_y"": 247, ""sample_4_y"": 205, ""sample_4_x"": 901, ""last_time"": 1583, ""sample_2_x"": 824, ""sample_2_time"": 800, ""sample_3_x"": 859, ""sample_1_time"": 400, ""sample_1_y"": 341, ""sample_1_x"": 786, ""last_y"": 205, ""sample_2_y"": 288, ""sample_4_time"": 1583, ""sample_3_time"": 1200, ""last_x"": 901, ""first_time"": 16, ""first_y"": 386, ""count"": 95, ""sample_0_time"": 16, ""first_x"": 749, ""sample_0_y"": 386, ""sample_0_x"": 749}",Q1 (0-90<U+00B0>),Q1 (0-90<U+00B0>),TRUE,TRUE,Correct,45,4.277316169999999,4.277316169999999,4.277316169999999,4.277316169999999,TRUE
1000007,19,righth,1,yes,1,"""10+""",61,135,135.7935196,2816,1566,"{""sample_3_x"": 605, ""count"": 94, ""sample_0_time"": 16, ""last_y"": 221, ""last_time"": 1566, ""sample_1_y"": 346, ""sample_1_x"": 677, ""sample_3_y"": 265, ""sample_0_y"": 386, ""sample_3_time"": 1182, ""sample_0_x"": 722, ""sample_1_time"": 399, ""sample_4_x"": 551, ""sample_2_y"": 308, ""sample_2_x"": 645, ""sample_2_time"": 800, ""first_y"": 386, ""first_time"": 16, ""sample_4_y"": 221, ""last_x"": 551, ""sample_4_time"": 1566, ""first_x"": 722}",Q2 (90-180<U+00B0>),Q2 (90-180<U+00B0>),TRUE,TRUE,Correct,135,0.7935195999999962,0.7935195999999962,0.7935195999999962,0.7935195999999962,TRUE
1000007,19,righth,1,yes,1,"""10+""",62,315,229.6440819,2449,1765,"{""sample_2_time"": 899, ""last_y"": 592, ""sample_2_y"": 493, ""sample_0_y"": 414, ""sample_1_y"": 465, ""sample_2_x"": 656, ""first_x"": 731, ""count"": 106, ""sample_1_time"": 449, ""sample_0_time"": 16, ""sample_3_x"": 606, ""last_x"": 570, ""last_time"": 1765, ""first_y"": 414, ""sample_4_time"": 1765, ""sample_4_y"": 592, ""first_time"": 16, ""sample_1_x"": 682, ""sample_4_x"": 570, ""sample_0_x"": 731, ""sample_3_y"": 540, ""sample_3_time"": 1332}",Q4 (270-360<U+00B0>),Q3 (180-270<U+00B0>),FALSE,TRUE,Formant,225,4.644081900000003,4.644081900000003,85.3559181,85.3559181,FALSE
1000007,19,righth,1,yes,1,"""10+""",63,45,46.60002472,3298,1484,"{""last_y"": 215, ""sample_4_time"": 1483, ""sample_4_x"": 908, ""sample_1_x"": 813, ""sample_4_y"": 215, ""last_time"": 1483, ""first_time"": 16, ""first_y"": 388, ""sample_2_time"": 833, ""sample_2_x"": 841, ""sample_1_y"": 325, ""sample_1_time"": 500, ""sample_0_y"": 388, ""sample_0_time"": 16, ""sample_3_x"": 872, ""sample_0_x"": 745, ""count"": 79, ""sample_3_y"": 258, ""first_x"": 745, ""sample_3_time"": 1167, ""last_x"": 908, ""sample_2_y"": 300}",Q1 (0-90<U+00B0>),Q1 (0-90<U+00B0>),TRUE,TRUE,Correct,45,1.6000247200000004,1.6000247200000004,1.6000247200000004,1.6000247200000004,TRUE
1000007,19,righth,1,yes,1,"""10+""",64,45,134.0398254,2815,1567,"{""sample_0_y"": 387, ""sample_4_y"": 217, ""sample_4_time"": 1567, ""sample_3_time"": 1183, ""sample_1_time"": 400, ""sample_0_time"": 17, ""sample_1_x"": 696, ""sample_4_x"": 558, ""last_time"": 1567, ""count"": 94, ""last_x"": 558, ""sample_3_y"": 282, ""sample_1_y"": 367, ""sample_2_time"": 800, ""first_y"": 387, ""first_x"": 719, ""sample_3_x"": 621, ""last_y"": 217, ""first_time"": 17, ""sample_2_y"": 327, ""sample_2_x"": 656, ""sample_0_x"": 719}",Q1 (0-90<U+00B0>),Q2 (90-180<U+00B0>),FALSE,TRUE,Formant,135,0.9601745999999878,0.9601745999999878,89.03982540000001,89.03982540000001,FALSE
1000007,19,righth,1,yes,1,"""10+""",65,315,225.7979398,3948,1449,"{""last_y"": 581, ""sample_2_time"": 733, ""last_x"": 557, ""sample_0_x"": 718, ""sample_1_time"": 366, ""sample_1_y"": 451, ""sample_3_x"": 611, ""sample_3_time"": 1100, ""sample_2_y"": 490, ""first_y"": 421, ""sample_2_x"": 649, ""sample_4_y"": 581, ""sample_1_x"": 688, ""sample_4_x"": 557, ""sample_4_time"": 1449, ""last_time"": 1449, ""sample_0_time"": 17, ""first_x"": 718, ""sample_3_y"": 525, ""count"": 87, ""sample_0_y"": 421, ""first_time"": 17}",Q4 (270-360<U+00B0>),Q3 (180-270<U+00B0>),FALSE,TRUE,Formant,225,0.7979397999999946,0.7979397999999946,89.2020602,89.2020602,FALSE
1000007,19,righth,1,yes,1,"""10+""",66,225,314.5238687,3465,1300,"{""count"": 78, ""sample_0_y"": 408, ""first_y"": 408, ""sample_1_y"": 437, ""first_x"": 754, ""sample_3_time"": 983, ""sample_4_x"": 913, ""sample_2_y"": 478, ""last_y"": 581, ""sample_1_x"": 788, ""last_x"": 913, ""sample_4_time"": 1299, ""sample_0_time"": 16, ""sample_3_x"": 869, ""sample_4_y"": 581, ""sample_0_x"": 754, ""first_time"": 16, ""sample_1_time"": 332, ""sample_2_time"": 666, ""sample_2_x"": 820, ""last_time"": 1299, ""sample_3_y"": 530}",Q3 (180-270<U+00B0>),Q4 (270-360<U+00B0>),FALSE,TRUE,Formant,315,0.47613130000002,0.47613130000002,89.52386869999998,89.52386869999998,FALSE
1000007,19,righth,1,yes,1,"""10+""",67,45,134.8404021,2816,1800,"{""sample_1_x"": 688, ""sample_2_y"": 321, ""sample_1_time"": 466, ""sample_4_y"": 219, ""last_x"": 555, ""sample_0_y"": 397, ""sample_4_time"": 1800, ""last_y"": 219, ""sample_3_x"": 606, ""first_time"": 17, ""first_x"": 719, ""sample_0_x"": 719, ""sample_3_y"": 269, ""sample_2_x"": 653, ""first_y"": 397, ""count"": 108, ""sample_0_time"": 17, ""sample_4_x"": 555, ""sample_2_time"": 917, ""sample_3_time"": 1366, ""last_time"": 1800, ""sample_1_y"": 356}",Q1 (0-90<U+00B0>),Q2 (90-180<U+00B0>),FALSE,TRUE,Formant,135,0.1595978999999943,0.1595978999999943,89.8404021,89.8404021,FALSE
1000007,19,righth,1,yes,1,"""10+""",68,45,46.59114027,2715,1450,"{""sample_2_x"": 825, ""last_time"": 1449, ""sample_2_time"": 733, ""sample_4_time"": 1449, ""sample_1_x"": 782, ""sample_4_x"": 909, ""first_y"": 388, ""last_y"": 214, ""last_x"": 909, ""sample_3_x"": 857, ""first_time"": 16, ""sample_3_y"": 258, ""sample_4_y"": 214, ""sample_3_time"": 1099, ""count"": 87, ""sample_0_y"": 388, ""first_x"": 747, ""sample_0_time"": 16, ""sample_2_y"": 302, ""sample_1_time"": 365, ""sample_0_x"": 747, ""sample_1_y"": 355}",Q1 (0-90<U+00B0>),Q1 (0-90<U+00B0>),TRUE,TRUE,Correct,45,1.5911402699999968,1.5911402699999968,1.5911402699999968,1.5911402699999968,TRUE
1000007,19,righth,1,yes,1,"""10+""",69,135,133.4088597,2764,1335,"{""sample_0_x"": 717, ""sample_2_time"": 685, ""first_x"": 717, ""sample_3_y"": 269, ""sample_4_x"": 559, ""sample_2_y"": 316, ""sample_4_time"": 1334, ""first_time"": 18, ""last_x"": 559, ""sample_3_x"": 607, ""sample_1_time"": 351, ""last_time"": 1334, ""sample_4_y"": 214, ""sample_0_time"": 18, ""sample_0_y"": 392, ""count"": 80, ""last_y"": 214, ""sample_2_x"": 646, ""sample_1_y"": 363, ""first_y"": 392, ""sample_3_time"": 1018, ""sample_1_x"": 690}",Q2 (90-180<U+00B0>),Q2 (90-180<U+00B0>),TRUE,TRUE,Correct,135,1.5911403000000064,1.5911403000000064,1.5911403000000064,1.5911403000000064,TRUE
1000007,19,righth,1,yes,1,"""10+""",70,225,315,3349,1182,"{""first_time"": 16, ""sample_3_y"": 542, ""first_x"": 753, ""last_time"": 1182, ""sample_3_time"": 898, ""sample_1_y"": 439, ""sample_4_x"": 914, ""count"": 71, ""first_y"": 409, ""sample_0_y"": 409, ""sample_2_x"": 820, ""sample_1_time"": 299, ""sample_2_y"": 481, ""sample_4_y"": 579, ""last_y"": 579, ""last_x"": 914, ""sample_1_x"": 791, ""sample_2_time"": 599, ""sample_4_time"": 1182, ""sample_3_x"": 875, ""sample_0_time"": 16, ""sample_0_x"": 753}",Q3 (180-270<U+00B0>),Q4 (270-360<U+00B0>),FALSE,TRUE,Formant,315,0,0,90,90,FALSE
1000007,19,righth,1,yes,1,"""10+""",71,225,226.27303,2349,1333,"{""first_time"": 16, ""last_x"": 558, ""sample_0_x"": 722, ""count"": 80, ""sample_2_x"": 659, ""sample_4_time"": 1333, ""last_y"": 583, ""sample_3_x"": 618, ""sample_1_time"": 350, ""sample_0_time"": 16, ""sample_4_y"": 583, ""sample_3_y"": 521, ""sample_2_time"": 683, ""sample_0_y"": 414, ""sample_3_time"": 1017, ""sample_2_y"": 477, ""last_time"": 1333, ""sample_1_y"": 443, ""first_x"": 722, ""first_y"": 414, ""sample_4_x"": 558, ""sample_1_x"": 695}",Q3 (180-270<U+00B0>),Q3 (180-270<U+00B0>),TRUE,TRUE,Correct,225,1.2730300000000057,1.2730300000000057,1.2730300000000057,1.2730300000000057,TRUE
1000007,19,righth,1,yes,1,"""10+""",72,315,315,2381,1434,"{""sample_1_y"": 445, ""sample_2_x"": 809, ""count"": 86, ""last_x"": 914, ""first_x"": 743, ""sample_0_y"": 414, ""first_y"": 414, ""last_time"": 1434, ""sample_0_time"": 17, ""sample_1_x"": 775, ""sample_4_time"": 1434, ""sample_0_x"": 743, ""sample_2_time"": 734, ""sample_2_y"": 476, ""sample_4_y"": 579, ""sample_3_time"": 1084, ""sample_3_y"": 533, ""sample_3_x"": 863, ""last_y"": 579, ""first_time"": 17, ""sample_1_time"": 367, ""sample_4_x"": 914}",Q4 (270-360<U+00B0>),Q4 (270-360<U+00B0>),TRUE,TRUE,Correct,315,0,0,0,0,TRUE
1000007,19,righth,1,yes,1,"""10+""",73,45,47.86240523,3265,1351,"{""first_y"": 384, ""last_time"": 1350, ""sample_1_y"": 354, ""sample_0_x"": 748, ""sample_4_x"": 905, ""sample_1_x"": 776, ""sample_4_time"": 1350, ""last_y"": 210, ""first_time"": 17, ""sample_3_x"": 872, ""count"": 81, ""sample_4_y"": 210, ""sample_2_y"": 302, ""sample_2_time"": 684, ""sample_2_x"": 826, ""sample_3_time"": 1017, ""sample_1_time"": 351, ""sample_0_y"": 384, ""sample_3_y"": 256, ""first_x"": 748, ""last_x"": 905, ""sample_0_time"": 17}",Q1 (0-90<U+00B0>),Q1 (0-90<U+00B0>),TRUE,TRUE,Correct,45,2.8624052300000002,2.8624052300000002,2.8624052300000002,2.8624052300000002,TRUE
1000007,19,righth,1,yes,1,"""10+""",74,135,133.5639164,2516,1433,"{""sample_0_time"": 15, ""sample_4_y"": 215, ""sample_4_x"": 559, ""sample_1_y"": 350, ""count"": 86, ""sample_2_y"": 307, ""sample_4_time"": 1433, ""sample_0_x"": 721, ""sample_0_y"": 386, ""sample_1_x"": 694, ""sample_3_y"": 267, ""first_y"": 386, ""first_x"": 721, ""sample_2_time"": 733, ""last_y"": 215, ""sample_1_time"": 365, ""sample_3_x"": 603, ""first_time"": 15, ""sample_3_time"": 1083, ""sample_2_x"": 656, ""last_x"": 559, ""last_time"": 1433}",Q2 (90-180<U+00B0>),Q2 (90-180<U+00B0>),TRUE,TRUE,Correct,135,1.4360835999999892,1.4360835999999892,1.4360835999999892,1.4360835999999892,TRUE
1000007,19,righth,1,yes,1,"""10+""",75,45,48.96152688,3000,1583,"{""sample_2_y"": 313, ""sample_3_time"": 1199, ""sample_0_y"": 388, ""sample_2_time"": 799, ""first_y"": 388, ""count"": 95, ""last_y"": 206, ""first_x"": 747, ""sample_1_time"": 399, ""last_x"": 902, ""sample_2_x"": 806, ""last_time"": 1583, ""first_time"": 15, ""sample_1_y"": 357, ""sample_4_y"": 206, ""sample_1_x"": 772, ""sample_0_time"": 15, ""sample_4_x"": 902, ""sample_3_y"": 267, ""sample_3_x"": 846, ""sample_4_time"": 1583, ""sample_0_x"": 747}",Q1 (0-90<U+00B0>),Q1 (0-90<U+00B0>),TRUE,TRUE,Correct,45,3.961526880000001,3.961526880000001,3.961526880000001,3.961526880000001,TRUE
1000007,19,righth,1,yes,1,"""10+""",76,135,133.4088597,2266,1601,"{""last_x"": 559, ""sample_1_y"": 337, ""sample_0_x"": 715, ""first_x"": 715, ""last_y"": 214, ""sample_2_time"": 817, ""sample_4_y"": 214, ""sample_3_x"": 599, ""sample_4_x"": 559, ""count"": 96, ""last_time"": 1601, ""sample_3_time"": 1217, ""sample_0_time"": 17, ""sample_3_y"": 261, ""sample_1_x"": 671, ""sample_4_time"": 1601, ""sample_1_time"": 417, ""first_time"": 17, ""sample_2_x"": 649, ""sample_2_y"": 320, ""first_y"": 384, ""sample_0_y"": 384}",Q2 (90-180<U+00B0>),Q2 (90-180<U+00B0>),TRUE,TRUE,Correct,135,1.5911403000000064,1.5911403000000064,1.5911403000000064,1.5911403000000064,TRUE
1000007,19,righth,1,yes,1,"""10+""",77,45,49.44738485,2715,1267,"{""last_y"": 205, ""sample_3_y"": 255, ""first_y"": 388, ""last_time"": 1267, ""sample_3_x"": 849, ""last_x"": 900, ""sample_1_time"": 333, ""sample_2_y"": 300, ""first_time"": 17, ""sample_2_x"": 814, ""first_x"": 747, ""sample_4_time"": 1267, ""count"": 76, ""sample_4_y"": 205, ""sample_3_time"": 966, ""sample_0_x"": 747, ""sample_1_y"": 339, ""sample_1_x"": 781, ""sample_4_x"": 900, ""sample_0_time"": 17, ""sample_2_time"": 650, ""sample_0_y"": 388}",Q1 (0-90<U+00B0>),Q1 (0-90<U+00B0>),TRUE,TRUE,Correct,45,4.447384849999999,4.447384849999999,4.447384849999999,4.447384849999999,TRUE
1000007,19,righth,1,yes,1,"""10+""",78,45,49.96281509,2816,1367,"{""sample_2_y"": 315, ""last_time"": 1366, ""sample_2_time"": 700, ""sample_0_y"": 388, ""last_y"": 205, ""sample_0_x"": 747, ""last_x"": 897, ""sample_4_y"": 205, ""sample_3_y"": 258, ""sample_4_time"": 1366, ""sample_1_time"": 350, ""sample_0_time"": 16, ""sample_2_x"": 798, ""first_y"": 388, ""sample_1_y"": 361, ""sample_3_x"": 841, ""first_x"": 747, ""sample_4_x"": 897, ""sample_3_time"": 1033, ""sample_1_x"": 766, ""count"": 82, ""first_time"": 16}",Q1 (0-90<U+00B0>),Q1 (0-90<U+00B0>),TRUE,TRUE,Correct,45,4.962815089999999,4.962815089999999,4.962815089999999,4.962815089999999,TRUE
1000007,19,righth,1,yes,1,"""10+""",79,225,226.5823539,3632,1283,"{""sample_3_y"": 538, ""sample_0_x"": 720, ""sample_4_y"": 585, ""sample_4_x"": 558, ""sample_1_x"": 685, ""sample_1_time"": 333, ""sample_2_x"": 641, ""first_y"": 416, ""sample_0_y"": 416, ""sample_1_y"": 454, ""sample_2_y"": 497, ""last_time"": 1283, ""sample_0_time"": 17, ""sample_3_time"": 966, ""first_x"": 720, ""last_y"": 585, ""count"": 77, ""first_time"": 17, ""sample_4_time"": 1283, ""sample_2_time"": 649, ""last_x"": 558, ""sample_3_x"": 603}",Q3 (180-270<U+00B0>),Q3 (180-270<U+00B0>),TRUE,TRUE,Correct,225,1.5823538999999869,1.5823538999999869,1.5823538999999869,1.5823538999999869,TRUE
1000007,19,righth,1,yes,1,"""10+""",80,45,50.13637849,2749,1266,"{""sample_1_x"": 788, ""last_x"": 896, ""sample_4_time"": 1266, ""first_x"": 741, ""first_time"": 16, ""sample_1_time"": 333, ""sample_0_y"": 383, ""last_y"": 205, ""sample_2_y"": 288, ""first_y"": 383, ""sample_4_x"": 896, ""sample_0_x"": 741, ""sample_4_y"": 205, ""sample_3_y"": 244, ""sample_3_x"": 868, ""last_time"": 1266, ""sample_1_y"": 334, ""sample_2_time"": 649, ""sample_2_x"": 831, ""count"": 76, ""sample_0_time"": 16, ""sample_3_time"": 966}",Q1 (0-90<U+00B0>),Q1 (0-90<U+00B0>),TRUE,TRUE,Correct,45,5.1363784899999985,5.1363784899999985,5.1363784899999985,5.1363784899999985,TRUE
1000007,19,righth,1,yes,1,"""10+""",81,135,135.1595979,1932,1833,"{""sample_2_y"": 315, ""sample_0_time"": 16, ""first_y"": 396, ""first_x"": 717, ""sample_3_time"": 1416, ""sample_0_y"": 396, ""sample_1_time"": 566, ""count"": 102, ""sample_4_time"": 1832, ""sample_4_x"": 554, ""sample_3_y"": 271, ""sample_3_x"": 614, ""sample_2_time"": 999, ""last_y"": 220, ""sample_4_y"": 220, ""first_time"": 16, ""sample_0_x"": 717, ""sample_1_y"": 370, ""last_time"": 1832, ""sample_2_x"": 651, ""sample_1_x"": 696, ""last_x"": 554}",Q2 (90-180<U+00B0>),Q2 (90-180<U+00B0>),TRUE,TRUE,Correct,135,0.1595978999999943,0.1595978999999943,0.1595978999999943,0.1595978999999943,TRUE
1000007,19,righth,1,yes,1,"""10+""",82,225,228.8759048,2482,1917,"{""sample_2_y"": 535, ""sample_3_y"": 556, ""sample_1_x"": 679, ""sample_3_time"": 1433, ""count"": 111, ""sample_3_x"": 604, ""sample_2_time"": 933, ""last_x"": 562, ""sample_4_x"": 562, ""sample_1_y"": 463, ""last_time"": 1916, ""sample_4_y"": 596, ""first_y"": 417, ""first_x"": 721, ""sample_0_time"": 16, ""first_time"": 16, ""sample_2_x"": 607, ""sample_0_y"": 417, ""sample_0_x"": 721, ""sample_1_time"": 465, ""sample_4_time"": 1916, ""last_y"": 596}",Q3 (180-270<U+00B0>),Q3 (180-270<U+00B0>),TRUE,TRUE,Correct,225,3.8759048000000007,3.8759048000000007,3.8759048000000007,3.8759048000000007,TRUE
1000007,19,righth,1,yes,1,"""10+""",83,315,314.0398254,2298,1217,"{""sample_0_time"": 17, ""sample_0_x"": 736, ""sample_1_time"": 318, ""sample_0_y"": 419, ""sample_4_y"": 581, ""sample_2_y"": 495, ""sample_3_time"": 917, ""sample_1_y"": 472, ""last_time"": 1217, ""sample_2_x"": 825, ""first_y"": 419, ""count"": 73, ""last_x"": 910, ""sample_4_x"": 910, ""last_y"": 581, ""sample_3_x"": 866, ""sample_2_time"": 617, ""sample_1_x"": 797, ""sample_4_time"": 1217, ""first_x"": 736, ""sample_3_y"": 539, ""first_time"": 17}",Q4 (270-360<U+00B0>),Q4 (270-360<U+00B0>),TRUE,TRUE,Correct,315,0.9601746000000162,0.9601746000000162,0.9601746000000162,0.9601746000000162,TRUE
1000007,19,righth,1,yes,1,"""10+""",84,45,49.79013072,3498,1183,"{""sample_3_x"": 855, ""sample_2_y"": 299, ""sample_3_y"": 249, ""sample_2_time"": 599, ""first_y"": 382, ""sample_1_time"": 300, ""sample_2_x"": 811, ""sample_4_x"": 898, ""first_time"": 15, ""sample_4_time"": 1183, ""first_x"": 733, ""sample_0_x"": 733, ""sample_3_time"": 900, ""last_x"": 898, ""last_time"": 1183, ""sample_4_y"": 205, ""sample_0_y"": 382, ""sample_0_time"": 15, ""sample_1_y"": 338, ""last_y"": 205, ""count"": 71, ""sample_1_x"": 773}",Q1 (0-90<U+00B0>),Q1 (0-90<U+00B0>),TRUE,TRUE,Correct,45,4.7901307200000005,4.7901307200000005,4.7901307200000005,4.7901307200000005,TRUE
1000007,19,righth,1,yes,1,"""10+""",85,135,134.5212163,2548,1184,"{""first_time"": 17, ""sample_0_y"": 399, ""sample_3_x"": 581, ""sample_3_y"": 246, ""sample_3_time"": 900, ""last_y"": 218, ""sample_2_time"": 600, ""sample_1_y"": 353, ""count"": 71, ""sample_2_x"": 633, ""last_time"": 1183, ""sample_4_y"": 218, ""sample_4_x"": 556, ""sample_0_x"": 717, ""sample_0_time"": 17, ""first_y"": 399, ""sample_1_time"": 300, ""last_x"": 556, ""sample_2_y"": 306, ""sample_1_x"": 677, ""sample_4_time"": 1183, ""first_x"": 717}",Q2 (90-180<U+00B0>),Q2 (90-180<U+00B0>),TRUE,TRUE,Correct,135,0.47878370000000814,0.47878370000000814,0.47878370000000814,0.47878370000000814,TRUE
1000007,19,righth,1,yes,1,"""10+""",86,315,315.7935196,3815,1150,"{""first_y"": 414, ""sample_3_time"": 866, ""sample_0_time"": 17, ""sample_3_y"": 534, ""sample_4_x"": 917, ""sample_1_y"": 446, ""sample_0_y"": 414, ""count"": 69, ""last_x"": 917, ""sample_2_y"": 486, ""sample_1_time"": 300, ""sample_4_y"": 577, ""sample_1_x"": 799, ""first_time"": 17, ""sample_3_x"": 874, ""sample_2_time"": 583, ""sample_0_x"": 752, ""first_x"": 752, ""last_time"": 1150, ""sample_2_x"": 832, ""last_y"": 577, ""sample_4_time"": 1150}",Q4 (270-360<U+00B0>),Q4 (270-360<U+00B0>),TRUE,TRUE,Correct,315,0.7935196000000246,0.7935196000000246,0.7935196000000246,0.7935196000000246,TRUE
1000007,19,righth,1,yes,1,"""10+""",87,225,229.9628151,2898,1401,"{""sample_3_x"": 562, ""last_time"": 1401, ""count"": 84, ""sample_3_time"": 1067, ""sample_1_x"": 634, ""sample_2_time"": 718, ""first_time"": 18, ""sample_0_time"": 18, ""sample_1_time"": 368, ""sample_3_y"": 577, ""sample_4_x"": 571, ""sample_2_y"": 546, ""sample_2_x"": 585, ""sample_0_x"": 713, ""last_y"": 593, ""sample_4_y"": 593, ""first_y"": 415, ""sample_1_y"": 490, ""last_x"": 571, ""sample_4_time"": 1401, ""sample_0_y"": 415, ""first_x"": 713}",Q3 (180-270<U+00B0>),Q3 (180-270<U+00B0>),TRUE,TRUE,Correct,225,4.9628151,4.9628151,4.9628151,4.9628151,TRUE
1000007,19,righth,1,yes,1,"""10+""",88,315,314.3598503,1548,1950,"{""sample_2_y"": 460, ""count"": 115, ""first_time"": 16, ""first_x"": 744, ""sample_2_x"": 796, ""last_y"": 580, ""sample_3_time"": 1483, ""first_y"": 413, ""sample_3_x"": 851, ""sample_1_time"": 516, ""sample_0_time"": 16, ""last_x"": 911, ""sample_2_time"": 1000, ""sample_0_x"": 744, ""sample_3_y"": 517, ""last_time"": 1950, ""sample_1_y"": 423, ""sample_0_y"": 413, ""sample_1_x"": 752, ""sample_4_x"": 911, ""sample_4_y"": 580, ""sample_4_time"": 1950}",Q4 (270-360<U+00B0>),Q4 (270-360<U+00B0>),TRUE,TRUE,Correct,315,0.6401496999999949,0.6401496999999949,0.6401496999999949,0.6401496999999949,TRUE
1000007,19,righth,1,yes,1,"""10+""",89,225,226.5823539,3415,1017,"{""sample_3_x"": 596, ""sample_2_x"": 621, ""sample_2_y"": 516, ""last_time"": 1017, ""sample_3_time"": 767, ""sample_1_time"": 267, ""sample_2_time"": 517, ""sample_0_x"": 715, ""last_x"": 558, ""sample_4_y"": 585, ""last_y"": 585, ""sample_1_x"": 659, ""sample_3_y"": 548, ""count"": 61, ""sample_0_time"": 17, ""sample_1_y"": 468, ""sample_0_y"": 409, ""sample_4_time"": 1017, ""sample_4_x"": 558, ""first_x"": 715, ""first_time"": 17, ""first_y"": 409}",Q3 (180-270<U+00B0>),Q3 (180-270<U+00B0>),TRUE,TRUE,Correct,225,1.5823538999999869,1.5823538999999869,1.5823538999999869,1.5823538999999869,TRUE
1000007,19,righth,1,yes,1,"""10+""",90,45,48.04648099,2931,768,"{""sample_4_time"": 767, ""count"": 46, ""last_time"": 767, ""first_y"": 380, ""last_x"": 903, ""sample_2_time"": 401, ""sample_0_x"": 756, ""first_x"": 756, ""sample_0_time"": 16, ""sample_0_y"": 380, ""last_y"": 211, ""sample_4_y"": 211, ""sample_2_y"": 274, ""sample_1_x"": 814, ""sample_3_time"": 584, ""sample_2_x"": 850, ""sample_1_time"": 200, ""sample_4_x"": 903, ""first_time"": 16, ""sample_1_y"": 310, ""sample_3_x"": 884, ""sample_3_y"": 235}",Q1 (0-90<U+00B0>),Q1 (0-90<U+00B0>),TRUE,TRUE,Correct,45,3.046480989999999,3.046480989999999,3.046480989999999,3.046480989999999,TRUE
1000007,19,righth,1,yes,1,"""10+""",91,45,45.94956686,1548,1300,"{""sample_4_time"": 1300, ""sample_0_x"": 749, ""count"": 78, ""last_y"": 215, ""sample_1_y"": 338, ""sample_3_x"": 884, ""sample_1_time"": 333, ""sample_0_time"": 17, ""sample_1_x"": 796, ""last_x"": 912, ""sample_2_x"": 837, ""first_time"": 17, ""sample_0_y"": 390, ""last_time"": 1300, ""sample_3_y"": 245, ""first_x"": 749, ""sample_2_y"": 291, ""sample_4_y"": 215, ""sample_3_time"": 983, ""sample_2_time"": 667, ""first_y"": 390, ""sample_4_x"": 912}",Q1 (0-90<U+00B0>),Q1 (0-90<U+00B0>),TRUE,TRUE,Correct,45,0.9495668599999973,0.9495668599999973,0.9495668599999973,0.9495668599999973,TRUE
1000007,19,righth,1,yes,1,"""10+""",92,315,317.2147551,2482,834,"{""sample_3_y"": 514, ""sample_3_time"": 633, ""sample_0_y"": 412, ""sample_1_y"": 436, ""sample_4_time"": 833, ""last_x"": 922, ""sample_1_x"": 791, ""sample_1_time"": 216, ""sample_4_y"": 573, ""sample_0_x"": 750, ""sample_4_x"": 922, ""sample_2_y"": 475, ""count"": 50, ""first_time"": 17, ""first_x"": 750, ""first_y"": 412, ""sample_2_time"": 434, ""sample_0_time"": 17, ""sample_3_x"": 872, ""last_time"": 833, ""last_y"": 573, ""sample_2_x"": 839}",Q4 (270-360<U+00B0>),Q4 (270-360<U+00B0>),TRUE,TRUE,Correct,315,2.2147550999999908,2.2147550999999908,2.2147550999999908,2.2147550999999908,TRUE
1000007,19,righth,1,yes,1,"""10+""",93,225,226.265999,1982,1517,"{""last_y"": 584, ""sample_1_y"": 439, ""sample_2_y"": 475, ""sample_4_y"": 584, ""first_y"": 413, ""sample_2_time"": 766, ""sample_3_x"": 601, ""sample_0_time"": 16, ""sample_4_time"": 1516, ""sample_1_time"": 383, ""sample_2_x"": 664, ""sample_3_time"": 1150, ""first_x"": 720, ""sample_0_x"": 720, ""last_time"": 1516, ""first_time"": 16, ""last_x"": 557, ""sample_3_y"": 537, ""sample_0_y"": 413, ""count"": 91, ""sample_1_x"": 695, ""sample_4_x"": 557}",Q3 (180-270<U+00B0>),Q3 (180-270<U+00B0>),TRUE,TRUE,Correct,225,1.2659989999999937,1.2659989999999937,1.2659989999999937,1.2659989999999937,TRUE
1000007,19,righth,1,yes,1,"""10+""",94,225,227.0623917,3450,1117,"{""sample_0_x"": 723, ""first_y"": 414, ""sample_3_x"": 603, ""count"": 67, ""sample_1_time"": 283, ""sample_0_time"": 17, ""first_time"": 17, ""sample_1_y"": 439, ""sample_1_x"": 701, ""sample_2_y"": 487, ""sample_2_time"": 566, ""sample_4_x"": 560, ""sample_4_time"": 1116, ""last_x"": 560, ""sample_0_y"": 414, ""first_x"": 723, ""sample_3_time"": 850, ""sample_3_y"": 538, ""last_time"": 1116, ""sample_2_x"": 651, ""sample_4_y"": 586, ""last_y"": 586}",Q3 (180-270<U+00B0>),Q3 (180-270<U+00B0>),TRUE,TRUE,Correct,225,2.0623917000000063,2.0623917000000063,2.0623917000000063,2.0623917000000063,TRUE
1000007,19,righth,1,yes,1,"""10+""",95,225,227.227047,1898,1384,"{""sample_1_y"": 425, ""count"": 83, ""first_time"": 17, ""last_time"": 1384, ""sample_0_time"": 17, ""sample_2_time"": 700, ""sample_3_y"": 535, ""sample_3_x"": 609, ""first_y"": 412, ""sample_0_x"": 724, ""sample_3_time"": 1049, ""last_y"": 586, ""sample_4_time"": 1384, ""first_x"": 724, ""sample_2_y"": 483, ""sample_1_x"": 709, ""last_x"": 561, ""sample_2_x"": 659, ""sample_4_y"": 586, ""sample_0_y"": 412, ""sample_4_x"": 561, ""sample_1_time"": 350}",Q3 (180-270<U+00B0>),Q3 (180-270<U+00B0>),TRUE,TRUE,Correct,225,2.227046999999999,2.227046999999999,2.227046999999999,2.227046999999999,TRUE
1000007,19,righth,1,yes,1,"""10+""",96,315,320.1078359,2199,633,"{""sample_2_x"": 849, ""sample_3_time"": 484, ""sample_2_y"": 483, ""sample_4_x"": 929, ""sample_0_y"": 394, ""sample_3_y"": 535, ""sample_2_time"": 334, ""sample_1_x"": 791, ""sample_4_y"": 562, ""sample_0_time"": 17, ""first_x"": 752, ""sample_0_x"": 752, ""sample_1_y"": 429, ""last_y"": 562, ""last_time"": 633, ""first_time"": 17, ""sample_3_x"": 900, ""last_x"": 929, ""sample_4_time"": 633, ""count"": 38, ""sample_1_time"": 167, ""first_y"": 394}",Q4 (270-360<U+00B0>),Q4 (270-360<U+00B0>),TRUE,TRUE,Correct,315,5.107835899999998,5.107835899999998,5.107835899999998,5.107835899999998,TRUE
1000007,19,righth,1,yes,1,"""10+""",97,225,313.0908476,1949,1067,"{""first_time"": 17, ""first_x"": 730, ""sample_4_time"": 1067, ""count"": 64, ""sample_1_time"": 283, ""sample_2_time"": 550, ""sample_0_y"": 414, ""sample_0_x"": 730, ""sample_1_x"": 743, ""sample_3_time"": 817, ""last_y"": 585, ""sample_4_y"": 585, ""last_time"": 1067, ""sample_1_y"": 427, ""sample_2_y"": 474, ""first_y"": 414, ""sample_3_x"": 857, ""last_x"": 908, ""sample_4_x"": 908, ""sample_2_x"": 797, ""sample_3_y"": 537, ""sample_0_time"": 17}",Q3 (180-270<U+00B0>),Q4 (270-360<U+00B0>),FALSE,TRUE,Formant,315,1.9091523999999822,1.9091523999999822,88.09084760000002,88.09084760000002,FALSE
1000007,19,righth,1,yes,1,"""10+""",98,225,314.8412863,2815,1167,"{""last_time"": 1167, ""sample_1_x"": 767, ""sample_2_y"": 500, ""sample_2_x"": 823, ""last_x"": 914, ""sample_0_time"": 17, ""sample_3_y"": 542, ""sample_1_y"": 445, ""sample_0_y"": 416, ""sample_4_y"": 580, ""sample_3_x"": 865, ""sample_4_time"": 1167, ""first_y"": 416, ""sample_1_time"": 300, ""first_time"": 17, ""last_y"": 580, ""sample_3_time"": 883, ""sample_2_time"": 600, ""sample_0_x"": 738, ""count"": 70, ""sample_4_x"": 914, ""first_x"": 738}",Q3 (180-270<U+00B0>),Q4 (270-360<U+00B0>),FALSE,TRUE,Formant,315,0.15871370000002116,0.15871370000002116,89.84128629999998,89.84128629999998,FALSE
1000007,19,righth,1,yes,1,"""10+""",99,45,48.36646066,2815,1000,"{""first_x"": 749, ""sample_1_time"": 266, ""sample_3_x"": 866, ""sample_2_time"": 516, ""last_y"": 210, ""first_y"": 383, ""sample_1_x"": 803, ""sample_0_y"": 383, ""sample_2_x"": 835, ""sample_3_y"": 255, ""sample_1_y"": 330, ""sample_4_time"": 1000, ""sample_4_y"": 210, ""sample_0_time"": 17, ""last_time"": 1000, ""count"": 60, ""first_time"": 17, ""last_x"": 902, ""sample_4_x"": 902, ""sample_2_y"": 292, ""sample_0_x"": 749, ""sample_3_time"": 766}",Q1 (0-90<U+00B0>),Q1 (0-90<U+00B0>),TRUE,TRUE,Correct,45,3.3664606600000013,3.3664606600000013,3.3664606600000013,3.3664606600000013,TRUE
1000007,19,righth,1,yes,1,"""10+""",100,225,226.9091524,2998,901,"{""count"": 54, ""sample_0_x"": 718, ""sample_2_time"": 467, ""sample_4_time"": 900, ""sample_4_x"": 560, ""sample_3_x"": 586, ""first_time"": 17, ""sample_3_time"": 683, ""first_x"": 718, ""sample_1_x"": 647, ""sample_2_x"": 620, ""sample_3_y"": 559, ""last_time"": 900, ""first_y"": 424, ""sample_1_y"": 498, ""sample_2_y"": 526, ""sample_0_time"": 17, ""last_x"": 560, ""sample_0_y"": 424, ""sample_4_y"": 585, ""last_y"": 585, ""sample_1_time"": 234}",Q3 (180-270<U+00B0>),Q3 (180-270<U+00B0>),TRUE,TRUE,Correct,225,1.9091524000000106,1.9091524000000106,1.9091524000000106,1.9091524000000106,TRUE
166213,18,righth,1,yes,0,"""5-10""",21,225,224.4062826,3174,558,"{""first_y"": 444.5, ""first_x"": 743, ""sample_1_y"": 487.5, ""sample_0_y"": 444.5, ""sample_2_x"": 656, ""sample_0_time"": 7, ""sample_4_x"": 561, ""sample_3_x"": 613, ""last_time"": 557, ""sample_3_y"": 565.5, ""first_time"": 7, ""sample_2_y"": 527.5, ""sample_1_x"": 704, ""last_y"": 619.5, ""last_x"": 561, ""sample_1_time"": 141, ""sample_4_y"": 619.5, ""sample_3_time"": 425, ""count"": 67, ""sample_0_x"": 743, ""sample_2_time"": 282, ""sample_4_time"": 557}",Q3 (180-270<U+00B0>),Q3 (180-270<U+00B0>),TRUE,TRUE,Correct,225,0.5937174000000027,0.5937174000000027,0.5937174000000027,0.5937174000000027,TRUE
166213,18,righth,1,yes,0,"""5-10""",22,225,228.5763344,2132,854,"{""first_time"": 7, ""sample_2_y"": 549.5, ""count"": 103, ""first_y"": 444.5, ""sample_0_y"": 444.5, ""last_x"": 576, ""sample_4_time"": 853, ""sample_0_x"": 753, ""sample_1_time"": 212, ""sample_2_time"": 429, ""sample_0_time"": 7, ""sample_1_y"": 488.5, ""last_time"": 853, ""last_y"": 632.5, ""sample_4_y"": 632.5, ""sample_3_y"": 598.5, ""sample_1_x"": 716, ""sample_2_x"": 652, ""sample_3_time"": 647, ""first_x"": 753, ""sample_3_x"": 607, ""sample_4_x"": 576}",Q3 (180-270<U+00B0>),Q3 (180-270<U+00B0>),TRUE,TRUE,Correct,225,3.5763344000000075,3.5763344000000075,3.5763344000000075,3.5763344000000075,TRUE
166213,18,righth,1,yes,0,"""5-10""",23,135,136.4917404,2341,866,"{""first_y"": 407.5, ""last_y"": 241.5, ""sample_4_y"": 241.5, ""count"": 104, ""sample_2_time"": 440, ""sample_4_time"": 865, ""sample_0_x"": 745, ""sample_3_time"": 657, ""sample_1_x"": 648, ""sample_4_x"": 559, ""sample_0_time"": 8, ""sample_3_x"": 590, ""last_time"": 865, ""first_time"": 8, ""sample_2_x"": 615, ""sample_2_y"": 282.5, ""first_x"": 745, ""last_x"": 559, ""sample_1_time"": 224, ""sample_3_y"": 265.5, ""sample_1_y"": 319.5, ""sample_0_y"": 407.5}",Q2 (90-180<U+00B0>),Q2 (90-180<U+00B0>),TRUE,TRUE,Correct,135,1.4917403999999976,1.4917403999999976,1.4917403999999976,1.4917403999999976,TRUE
166213,18,righth,1,yes,0,"""5-10""",24,135,135.5968095,1790,1038,"{""last_x"": 562, ""sample_1_y"": 341.5, ""sample_1_time"": 296, ""sample_0_y"": 421.5, ""sample_1_x"": 656, ""sample_2_time"": 546, ""sample_4_y"": 238.5, ""first_y"": 421.5, ""sample_4_x"": 562, ""count"": 120, ""first_x"": 731, ""sample_0_time"": 9, ""sample_2_y"": 292.5, ""first_time"": 9, ""sample_3_time"": 796, ""sample_4_time"": 1037, ""sample_3_x"": 574, ""sample_3_y"": 254.5, ""last_y"": 238.5, ""sample_2_x"": 603, ""sample_0_x"": 731, ""last_time"": 1037}",Q2 (90-180<U+00B0>),Q2 (90-180<U+00B0>),TRUE,TRUE,Correct,135,0.5968095000000062,0.5968095000000062,0.5968095000000062,0.5968095000000062,TRUE
166213,18,righth,1,yes,0,"""5-10""",25,45,45.5937174,4748,658,"{""sample_1_time"": 183, ""sample_0_x"": 776, ""first_x"": 776, ""sample_4_time"": 658, ""count"": 77, ""last_y"": 233.5, ""sample_3_y"": 280.5, ""sample_3_time"": 500, ""sample_1_y"": 410.5, ""sample_0_y"": 428.5, ""sample_2_time"": 342, ""sample_0_time"": 9, ""sample_3_x"": 900, ""last_time"": 658, ""first_time"": 9, ""sample_4_y"": 233.5, ""sample_1_x"": 820, ""sample_2_x"": 849, ""sample_2_y"": 366.5, ""last_x"": 947, ""first_y"": 428.5, ""sample_4_x"": 947}",Q1 (0-90<U+00B0>),Q1 (0-90<U+00B0>),TRUE,TRUE,Correct,45,0.5937174000000027,0.5937174000000027,0.5937174000000027,0.5937174000000027,TRUE
166213,18,righth,1,yes,0,"""5-10""",26,225,227.0771748,2657,701,"{""sample_3_y"": 570.5, ""sample_0_x"": 743, ""sample_4_time"": 701, ""sample_1_x"": 701, ""sample_2_x"": 665, ""sample_0_y"": 448.5, ""last_y"": 628.5, ""sample_4_y"": 628.5, ""last_time"": 701, ""sample_2_y"": 530.5, ""count"": 84, ""first_time"": 9, ""sample_4_x"": 570, ""sample_2_time"": 358, ""sample_1_y"": 493.5, ""sample_3_time"": 534, ""first_y"": 448.5, ""sample_0_time"": 9, ""first_x"": 743, ""sample_3_x"": 623, ""sample_1_time"": 183, ""last_x"": 570}",Q3 (180-270<U+00B0>),Q3 (180-270<U+00B0>),TRUE,TRUE,Correct,225,2.0771747999999945,2.0771747999999945,2.0771747999999945,2.0771747999999945,TRUE
166213,18,righth,1,yes,0,"""5-10""",27,45,46.78064245,2461,1051,"{""first_y"": 416.5, ""sample_2_y"": 287.5, ""sample_3_x"": 903, ""first_time"": 8, ""sample_1_y"": 343.5, ""sample_3_y"": 268.5, ""last_time"": 1050, ""sample_4_y"": 229.5, ""count"": 126, ""sample_4_time"": 1050, ""sample_2_time"": 533, ""sample_4_x"": 943, ""sample_1_time"": 267, ""sample_3_time"": 792, ""sample_2_x"": 880, ""sample_0_time"": 8, ""sample_1_x"": 833, ""sample_0_y"": 416.5, ""last_y"": 229.5, ""first_x"": 770, ""last_x"": 943, ""sample_0_x"": 770}",Q1 (0-90<U+00B0>),Q1 (0-90<U+00B0>),TRUE,TRUE,Correct,45,1.780642450000002,1.780642450000002,1.780642450000002,1.780642450000002,TRUE
166213,18,righth,1,yes,0,"""5-10""",28,225,227.9814612,2475,850,"{""sample_4_time"": 849, ""last_y"": 630.5, ""first_x"": 747, ""count"": 102, ""sample_3_y"": 562.5, ""sample_0_time"": 8, ""sample_3_time"": 641, ""sample_2_time"": 432, ""sample_2_x"": 684, ""sample_0_y"": 447.5, ""sample_4_y"": 630.5, ""first_y"": 447.5, ""sample_4_x"": 574, ""sample_1_time"": 216, ""last_x"": 574, ""first_time"": 8, ""sample_2_y"": 522.5, ""sample_0_x"": 747, ""sample_3_x"": 647, ""last_time"": 849, ""sample_1_x"": 711, ""sample_1_y"": 489.5}",Q3 (180-270<U+00B0>),Q3 (180-270<U+00B0>),TRUE,TRUE,Correct,225,2.9814612000000125,2.9814612000000125,2.9814612000000125,2.9814612000000125,TRUE
166213,18,righth,1,yes,0,"""5-10""",29,135,134.7015872,2342,924,"{""sample_2_time"": 465, ""first_time"": 8, ""sample_0_y"": 413.5, ""sample_1_time"": 231, ""sample_3_x"": 619, ""sample_4_x"": 565, ""sample_4_y"": 235.5, ""sample_0_time"": 8, ""sample_1_x"": 681, ""last_x"": 565, ""sample_0_x"": 737, ""sample_2_x"": 649, ""last_time"": 923, ""last_y"": 235.5, ""sample_2_y"": 341.5, ""first_x"": 737, ""sample_4_time"": 923, ""sample_3_y"": 304.5, ""first_y"": 413.5, ""sample_1_y"": 374.5, ""sample_3_time"": 698, ""count"": 111}",Q2 (90-180<U+00B0>),Q2 (90-180<U+00B0>),TRUE,TRUE,Correct,135,0.29841279999999415,0.29841279999999415,0.29841279999999415,0.29841279999999415,TRUE
166213,18,righth,1,yes,0,"""5-10""",30,135,140.6514949,2395,2841,"{""first_x"": 741, ""sample_0_y"": 412.5, ""sample_2_time"": 1007, ""sample_1_time"": 507, ""sample_1_y"": 322.5, ""count"": 240, ""sample_3_time"": 1523, ""last_y"": 255.5, ""sample_0_time"": 7, ""sample_3_x"": 760, ""sample_2_y"": 251.5, ""sample_2_x"": 554, ""first_time"": 7, ""first_y"": 412.5, ""sample_4_y"": 255.5, ""sample_1_x"": 622, ""sample_4_time"": 2840, ""sample_0_x"": 741, ""sample_4_x"": 545, ""last_x"": 545, ""last_time"": 2840, ""sample_3_y"": 420.5}",Q2 (90-180<U+00B0>),Q2 (90-180<U+00B0>),TRUE,TRUE,Correct,135,5.651494899999989,5.651494899999989,5.651494899999989,5.651494899999989,TRUE
166213,18,righth,1,yes,0,"""5-10""",31,45,45,4190,1225,"{""sample_0_time"": 8, ""last_x"": 948, ""sample_2_y"": 306.5, ""sample_1_x"": 816, ""first_time"": 8, ""last_time"": 1225, ""last_y"": 236.5, ""sample_0_x"": 772, ""sample_4_y"": 236.5, ""count"": 145, ""sample_1_y"": 382.5, ""sample_0_y"": 417.5, ""sample_2_time"": 625, ""sample_3_y"": 265.5, ""first_y"": 417.5, ""sample_4_time"": 1225, ""sample_3_x"": 924, ""sample_4_x"": 948, ""sample_3_time"": 925, ""sample_1_time"": 325, ""sample_2_x"": 876, ""first_x"": 772}",Q1 (0-90<U+00B0>),Q1 (0-90<U+00B0>),TRUE,TRUE,Correct,45,0,0,0,0,TRUE
166213,18,righth,1,yes,0,"""5-10""",32,225,226.636577,2311,1083,"{""sample_2_time"": 550, ""first_y"": 446.5, ""sample_3_y"": 555.5, ""sample_0_y"": 446.5, ""sample_1_y"": 498.5, ""count"": 130, ""sample_2_x"": 680, ""sample_4_time"": 1083, ""sample_1_time"": 275, ""sample_2_y"": 524.5, ""last_y"": 626.5, ""last_x"": 569, ""sample_4_x"": 569, ""sample_3_time"": 816, ""sample_4_y"": 626.5, ""first_time"": 8, ""first_x"": 748, ""sample_3_x"": 648, ""sample_1_x"": 705, ""sample_0_x"": 748, ""last_time"": 1083, ""sample_0_time"": 8}",Q3 (180-270<U+00B0>),Q3 (180-270<U+00B0>),TRUE,TRUE,Correct,225,1.6365769999999884,1.6365769999999884,1.6365769999999884,1.6365769999999884,TRUE
166213,18,righth,1,yes,0,"""5-10""",33,315,316.339138,1864,1434,"{""first_x"": 765, ""sample_4_time"": 1433, ""last_time"": 1433, ""sample_2_y"": 545.5, ""sample_2_x"": 885, ""sample_1_time"": 391, ""count"": 168, ""last_x"": 953, ""sample_4_y"": 616.5, ""sample_1_x"": 811, ""sample_0_y"": 445.5, ""first_time"": 8, ""sample_0_x"": 765, ""last_y"": 616.5, ""sample_1_y"": 486.5, ""sample_0_time"": 8, ""sample_3_time"": 1091, ""first_y"": 445.5, ""sample_3_x"": 926, ""sample_4_x"": 953, ""sample_2_time"": 742, ""sample_3_y"": 581.5}",Q4 (270-360<U+00B0>),Q4 (270-360<U+00B0>),TRUE,TRUE,Correct,315,1.3391379999999913,1.3391379999999913,1.3391379999999913,1.3391379999999913,TRUE
166213,18,righth,1,yes,0,"""5-10""",34,45,45.29841282,2478,1191,"{""sample_1_time"": 298, ""last_time"": 1191, ""sample_0_time"": 7, ""sample_2_y"": 304.5, ""count"": 143, ""sample_1_y"": 345.5, ""sample_2_x"": 873, ""sample_0_x"": 766, ""first_y"": 411.5, ""last_x"": 947, ""sample_2_time"": 599, ""sample_3_x"": 916, ""sample_1_x"": 826, ""sample_4_y"": 235.5, ""first_time"": 7, ""sample_4_x"": 947, ""sample_3_y"": 269.5, ""first_x"": 766, ""sample_0_y"": 411.5, ""sample_3_time"": 899, ""sample_4_time"": 1191, ""last_y"": 235.5}",Q1 (0-90<U+00B0>),Q1 (0-90<U+00B0>),TRUE,TRUE,Correct,45,0.2984128200000029,0.2984128200000029,0.2984128200000029,0.2984128200000029,TRUE
166213,18,righth,1,yes,0,"""5-10""",35,315,316.0362448,2356,1025,"{""sample_2_y"": 539.5, ""sample_4_time"": 1025, ""sample_0_y"": 441.5, ""sample_2_time"": 517, ""sample_4_x"": 953, ""last_x"": 953, ""sample_0_x"": 772, ""sample_3_time"": 776, ""first_time"": 8, ""sample_3_x"": 918, ""sample_3_y"": 577.5, ""sample_1_y"": 507.5, ""sample_1_time"": 259, ""last_time"": 1025, ""first_x"": 772, ""sample_2_x"": 886, ""last_y"": 618.5, ""count"": 123, ""sample_4_y"": 618.5, ""first_y"": 441.5, ""sample_0_time"": 8, ""sample_1_x"": 849}",Q4 (270-360<U+00B0>),Q4 (270-360<U+00B0>),TRUE,TRUE,Correct,315,1.03624480000002,1.03624480000002,1.03624480000002,1.03624480000002,TRUE
166213,18,righth,1,yes,0,"""5-10""",36,315,316.339138,2283,906,"{""count"": 109, ""last_time"": 906, ""sample_4_y"": 616.5, ""sample_2_time"": 456, ""sample_1_y"": 511.5, ""sample_1_time"": 231, ""first_time"": 8, ""sample_1_x"": 850, ""sample_3_x"": 927, ""sample_3_y"": 572.5, ""sample_4_time"": 906, ""sample_0_time"": 8, ""sample_0_x"": 778, ""first_y"": 437.5, ""sample_2_x"": 903, ""sample_4_x"": 953, ""sample_3_time"": 681, ""last_x"": 953, ""first_x"": 778, ""sample_0_y"": 437.5, ""sample_2_y"": 549.5, ""last_y"": 616.5}",Q4 (270-360<U+00B0>),Q4 (270-360<U+00B0>),TRUE,TRUE,Correct,315,1.3391379999999913,1.3391379999999913,1.3391379999999913,1.3391379999999913,TRUE
166213,18,righth,1,yes,0,"""5-10""",37,45,44.40319055,2271,1041,"{""sample_4_x"": 950, ""sample_0_y"": 411.5, ""sample_1_x"": 838, ""sample_3_x"": 917, ""sample_4_time"": 1041, ""sample_3_y"": 257.5, ""sample_4_y"": 238.5, ""sample_0_x"": 774, ""sample_2_x"": 886, ""first_x"": 774, ""last_time"": 1041, ""last_y"": 238.5, ""sample_0_time"": 8, ""count"": 125, ""last_x"": 950, ""first_time"": 8, ""sample_3_time"": 782, ""sample_1_y"": 340.5, ""sample_1_time"": 266, ""sample_2_time"": 524, ""sample_2_y"": 288.5, ""first_y"": 411.5}",Q1 (0-90<U+00B0>),Q1 (0-90<U+00B0>),TRUE,TRUE,Correct,45,0.5968094500000021,0.5968094500000021,0.5968094500000021,0.5968094500000021,TRUE
166213,18,righth,1,yes,0,"""5-10""",38,45,43.50825956,2235,1100,"{""sample_3_y"": 261.5, ""sample_0_y"": 412.5, ""sample_3_x"": 916, ""sample_4_y"": 241.5, ""count"": 132, ""sample_1_x"": 869, ""sample_2_time"": 558, ""sample_0_time"": 10, ""sample_4_x"": 953, ""sample_1_time"": 283, ""sample_2_x"": 895, ""sample_3_time"": 833, ""last_x"": 953, ""first_time"": 10, ""first_x"": 776, ""sample_4_time"": 1100, ""sample_0_x"": 776, ""last_time"": 1100, ""first_y"": 412.5, ""last_y"": 241.5, ""sample_2_y"": 297.5, ""sample_1_y"": 332.5}",Q1 (0-90<U+00B0>),Q1 (0-90<U+00B0>),TRUE,TRUE,Correct,45,1.491740440000001,1.491740440000001,1.491740440000001,1.491740440000001,TRUE
166213,18,righth,1,yes,0,"""5-10""",39,225,223.2100894,2286,896,"{""sample_2_y"": 550.5, ""sample_1_x"": 665, ""first_y"": 431.5, ""count"": 108, ""last_time"": 896, ""sample_1_y"": 498.5, ""sample_4_time"": 896, ""sample_2_x"": 614, ""sample_4_y"": 614.5, ""sample_3_x"": 591, ""sample_0_time"": 8, ""sample_0_x"": 738, ""sample_1_time"": 229, ""last_y"": 614.5, ""sample_4_x"": 558, ""sample_0_y"": 431.5, ""first_x"": 738, ""sample_3_time"": 678, ""sample_2_time"": 453, ""first_time"": 8, ""sample_3_y"": 576.5, ""last_x"": 558}",Q3 (180-270<U+00B0>),Q3 (180-270<U+00B0>),TRUE,TRUE,Correct,225,1.7899106000000131,1.7899106000000131,1.7899106000000131,1.7899106000000131,TRUE
166213,18,righth,1,yes,0,"""5-10""",40,135,135.2968667,2306,997,"{""sample_4_time"": 997, ""sample_3_y"": 298.5, ""sample_1_time"": 255, ""sample_2_y"": 332.5, ""sample_3_x"": 620, ""sample_0_time"": 8, ""sample_1_y"": 365.5, ""sample_0_y"": 412.5, ""last_y"": 236.5, ""sample_4_y"": 236.5, ""first_y"": 412.5, ""sample_3_time"": 755, ""last_time"": 997, ""sample_2_x"": 654, ""sample_2_time"": 505, ""sample_4_x"": 562, ""count"": 120, ""sample_1_x"": 686, ""sample_0_x"": 737, ""last_x"": 562, ""first_time"": 8, ""first_x"": 737}",Q2 (90-180<U+00B0>),Q2 (90-180<U+00B0>),TRUE,TRUE,Correct,135,0.2968667000000096,0.2968667000000096,0.2968667000000096,0.2968667000000096,TRUE
166213,18,righth,1,yes,0,"""5-10""",41,315,312.9120162,2241,1083,"{""sample_4_y"": 627.5, ""sample_4_x"": 941, ""first_x"": 771, ""sample_1_y"": 524.5, ""sample_3_x"": 924, ""sample_2_x"": 890, ""last_time"": 1083, ""sample_1_x"": 838, ""sample_0_y"": 447.5, ""first_time"": 9, ""sample_3_y"": 611.5, ""sample_0_time"": 9, ""last_x"": 941, ""sample_2_time"": 549, ""sample_4_time"": 1083, ""last_y"": 627.5, ""sample_2_y"": 577.5, ""sample_0_x"": 771, ""first_y"": 447.5, ""sample_3_time"": 817, ""sample_1_time"": 275, ""count"": 130}",Q4 (270-360<U+00B0>),Q4 (270-360<U+00B0>),TRUE,TRUE,Correct,315,2.0879838000000177,2.0879838000000177,2.0879838000000177,2.0879838000000177,TRUE
166213,18,righth,1,yes,0,"""5-10""",42,225,227.385944,1873,1196,"{""sample_2_time"": 613, ""sample_4_y"": 628.5, ""sample_0_y"": 434.5, ""last_time"": 1195, ""sample_3_y"": 572.5, ""sample_1_x"": 700, ""first_x"": 739, ""sample_3_time"": 904, ""first_time"": 8, ""sample_3_x"": 622, ""sample_1_time"": 320, ""first_y"": 434.5, ""sample_2_x"": 665, ""sample_4_time"": 1195, ""sample_4_x"": 572, ""sample_1_y"": 482.5, ""count"": 139, ""last_x"": 572, ""sample_2_y"": 529.5, ""sample_0_time"": 8, ""sample_0_x"": 739, ""last_y"": 628.5}",Q3 (180-270<U+00B0>),Q3 (180-270<U+00B0>),TRUE,TRUE,Correct,225,2.385943999999995,2.385943999999995,2.385943999999995,2.385943999999995,TRUE
166213,18,righth,1,yes,0,"""5-10""",43,315,312.614056,1682,1055,"{""sample_3_y"": 561.5, ""sample_1_time"": 288, ""sample_2_time"": 546, ""first_x"": 767, ""sample_2_y"": 530.5, ""first_time"": 8, ""sample_1_y"": 491.5, ""last_x"": 940, ""sample_0_x"": 767, ""count"": 124, ""last_time"": 1055, ""sample_0_y"": 446.5, ""sample_1_x"": 827, ""last_y"": 628.5, ""sample_2_x"": 883, ""first_y"": 446.5, ""sample_4_y"": 628.5, ""sample_3_x"": 902, ""sample_0_time"": 8, ""sample_3_time"": 804, ""sample_4_x"": 940, ""sample_4_time"": 1055}",Q4 (270-360<U+00B0>),Q4 (270-360<U+00B0>),TRUE,TRUE,Correct,315,2.385943999999995,2.385943999999995,2.385943999999995,2.385943999999995,TRUE
166213,18,righth,1,yes,0,"""5-10""",44,135,134.7031333,2673,659,"{""sample_2_y"": 341.5, ""sample_3_y"": 297.5, ""sample_3_x"": 618, ""first_x"": 739, ""sample_1_y"": 360.5, ""sample_0_time"": 9, ""first_y"": 418.5, ""first_time"": 9, ""count"": 79, ""sample_0_y"": 418.5, ""sample_4_x"": 564, ""sample_4_y"": 234.5, ""sample_3_time"": 500, ""sample_1_x"": 673, ""sample_2_time"": 334, ""last_x"": 564, ""sample_2_x"": 654, ""last_y"": 234.5, ""sample_0_x"": 739, ""sample_4_time"": 659, ""sample_1_time"": 167, ""last_time"": 659}",Q2 (90-180<U+00B0>),Q2 (90-180<U+00B0>),TRUE,TRUE,Correct,135,0.2968667000000096,0.2968667000000096,0.2968667000000096,0.2968667000000096,TRUE
166213,18,righth,1,yes,0,"""5-10""",45,315,317.0879838,1982,796,"{""sample_3_x"": 929, ""sample_4_y"": 613.5, ""count"": 94, ""sample_4_x"": 955, ""sample_2_y"": 544.5, ""first_time"": 8, ""sample_1_y"": 498.5, ""sample_0_x"": 780, ""first_y"": 434.5, ""last_x"": 955, ""sample_2_time"": 412, ""sample_0_y"": 434.5, ""sample_0_time"": 8, ""last_time"": 796, ""sample_3_y"": 589.5, ""sample_3_time"": 604, ""sample_4_time"": 796, ""sample_1_x"": 862, ""first_x"": 780, ""last_y"": 613.5, ""sample_1_time"": 213, ""sample_2_x"": 891}",Q4 (270-360<U+00B0>),Q4 (270-360<U+00B0>),TRUE,TRUE,Correct,315,2.0879838000000177,2.0879838000000177,2.0879838000000177,2.0879838000000177,TRUE
166213,18,righth,1,yes,0,"""5-10""",46,45,52.08847568,3528,1567,"{""sample_4_x"": 925, ""last_x"": 925, ""sample_2_y"": 260.5, ""first_y"": 414.5, ""sample_4_time"": 1567, ""sample_3_time"": 1166, ""sample_2_time"": 795, ""sample_3_y"": 443.5, ""last_y"": 211.5, ""sample_4_y"": 211.5, ""count"": 179, ""sample_0_x"": 773, ""first_x"": 773, ""sample_2_x"": 927, ""sample_1_time"": 375, ""sample_1_x"": 864, ""sample_0_time"": 8, ""sample_1_y"": 315.5, ""first_time"": 8, ""sample_0_y"": 414.5, ""sample_3_x"": 749, ""last_time"": 1567}",Q1 (0-90<U+00B0>),Q1 (0-90<U+00B0>),TRUE,TRUE,Correct,45,7.088475680000002,7.088475680000002,7.088475680000002,7.088475680000002,TRUE
166213,18,righth,1,yes,0,"""5-10""",47,45,43.3802425,2481,6042,"{""sample_2_y"": 403.5, ""sample_4_x"": 956, ""sample_3_y"": 395.5, ""last_y"": 239.5, ""sample_3_x"": 859, ""sample_1_y"": 412.5, ""first_x"": 771, ""last_time"": 6042, ""sample_0_x"": 771, ""first_y"": 416.5, ""sample_4_y"": 239.5, ""sample_0_time"": 8, ""last_x"": 956, ""sample_4_time"": 6042, ""sample_0_y"": 416.5, ""sample_1_time"": 1100, ""sample_2_x"": 855, ""sample_2_time"": 2441, ""count"": 527, ""sample_3_time"": 4708, ""sample_1_x"": 808, ""first_time"": 8}",Q1 (0-90<U+00B0>),Q1 (0-90<U+00B0>),TRUE,TRUE,Correct,45,1.6197574999999986,1.6197574999999986,1.6197574999999986,1.6197574999999986,TRUE
166213,18,righth,1,yes,0,"""5-10""",48,225,222.7803444,2236,976,"{""sample_1_y"": 513.5, ""sample_0_time"": 8, ""last_y"": 614.5, ""sample_2_x"": 625, ""count"": 117, ""last_time"": 975, ""sample_1_x"": 663, ""first_y"": 437.5, ""sample_0_x"": 738, ""sample_4_time"": 975, ""sample_2_y"": 546.5, ""sample_3_x"": 605, ""sample_1_time"": 250, ""sample_3_y"": 564.5, ""sample_4_y"": 614.5, ""sample_3_time"": 733, ""first_time"": 8, ""sample_2_time"": 491, ""first_x"": 738, ""sample_4_x"": 555, ""sample_0_y"": 437.5, ""last_x"": 555}",Q3 (180-270<U+00B0>),Q3 (180-270<U+00B0>),TRUE,TRUE,Correct,225,2.21965560000001,2.21965560000001,2.21965560000001,2.21965560000001,TRUE
166213,18,righth,1,yes,0,"""5-10""",49,225,226.0416267,1957,1075,"{""sample_4_time"": 1075, ""first_time"": 8, ""sample_0_y"": 447.5, ""last_x"": 567, ""count"": 126, ""sample_1_time"": 292, ""sample_0_time"": 8, ""sample_1_x"": 680, ""sample_2_time"": 558, ""sample_1_y"": 522.5, ""sample_3_y"": 602.5, ""sample_2_y"": 585.5, ""last_time"": 1075, ""last_y"": 624.5, ""sample_3_x"": 592, ""sample_4_y"": 624.5, ""sample_4_x"": 567, ""sample_0_x"": 750, ""sample_2_x"": 615, ""sample_3_time"": 816, ""first_y"": 447.5, ""first_x"": 750}",Q3 (180-270<U+00B0>),Q3 (180-270<U+00B0>),TRUE,TRUE,Correct,225,1.0416266999999948,1.0416266999999948,1.0416266999999948,1.0416266999999948,TRUE
166213,18,righth,1,yes,0,"""5-10""",50,315,315.4464516,1573,543,"{""last_x"": 950, ""sample_0_y"": 444.5, ""sample_4_y"": 619.5, ""sample_1_x"": 868, ""last_y"": 619.5, ""sample_0_x"": 771, ""count"": 61, ""sample_3_time"": 417, ""sample_3_y"": 590.5, ""first_x"": 771, ""first_y"": 444.5, ""sample_1_y"": 537.5, ""sample_2_y"": 564.5, ""last_time"": 542, ""sample_3_x"": 924, ""sample_2_time"": 292, ""sample_1_time"": 167, ""sample_2_x"": 898, ""sample_4_x"": 950, ""first_time"": 8, ""sample_4_time"": 542, ""sample_0_time"": 8}",Q4 (270-360<U+00B0>),Q4 (270-360<U+00B0>),TRUE,TRUE,Correct,315,0.44645159999998896,0.44645159999998896,0.44645159999998896,0.44645159999998896,TRUE
166213,18,righth,1,yes,0,"""5-10""",51,315,310.8724083,2429,966,"{""sample_0_x"": 767, ""sample_2_y"": 547.5, ""first_time"": 6, ""sample_2_time"": 490, ""sample_1_y"": 518.5, ""sample_3_time"": 732, ""count"": 116, ""sample_4_y"": 636.5, ""sample_2_x"": 850, ""last_x"": 936, ""first_y"": 449.5, ""sample_4_time"": 965, ""sample_0_y"": 449.5, ""first_x"": 767, ""last_time"": 965, ""sample_1_time"": 249, ""sample_0_time"": 6, ""last_y"": 636.5, ""sample_3_x"": 879, ""sample_3_y"": 574.5, ""sample_4_x"": 936, ""sample_1_x"": 814}",Q4 (270-360<U+00B0>),Q4 (270-360<U+00B0>),TRUE,TRUE,Correct,315,4.127591699999982,4.127591699999982,4.127591699999982,4.127591699999982,TRUE
166213,18,righth,1,yes,0,"""5-10""",52,135,139.7636417,2303,673,"{""sample_2_time"": 341, ""count"": 81, ""last_time"": 673, ""sample_4_time"": 673, ""sample_4_x"": 548, ""sample_2_x"": 580, ""sample_0_x"": 736, ""first_x"": 736, ""first_y"": 424.5, ""sample_3_x"": 563, ""sample_1_y"": 362.5, ""last_y"": 252.5, ""sample_2_y"": 312.5, ""sample_4_y"": 252.5, ""sample_1_x"": 639, ""sample_0_y"": 424.5, ""sample_3_time"": 507, ""sample_0_time"": 8, ""first_time"": 8, ""sample_3_y"": 296.5, ""sample_1_time"": 174, ""last_x"": 548}",Q2 (90-180<U+00B0>),Q2 (90-180<U+00B0>),TRUE,TRUE,Correct,135,4.763641699999994,4.763641699999994,4.763641699999994,4.763641699999994,TRUE
166213,18,righth,1,yes,0,"""5-10""",53,315,315.4441444,2099,826,"{""last_y"": 620.5, ""sample_3_y"": 587.5, ""last_time"": 825, ""sample_1_y"": 483.5, ""first_x"": 773, ""sample_2_time"": 416, ""sample_2_y"": 544.5, ""last_x"": 951, ""sample_4_x"": 951, ""sample_3_x"": 919, ""sample_1_x"": 817, ""sample_3_time"": 625, ""sample_0_x"": 773, ""sample_0_time"": 8, ""first_y"": 434.5, ""sample_2_x"": 869, ""sample_4_y"": 620.5, ""sample_4_time"": 825, ""sample_1_time"": 208, ""count"": 99, ""sample_0_y"": 434.5, ""first_time"": 8}",Q4 (270-360<U+00B0>),Q4 (270-360<U+00B0>),TRUE,TRUE,Correct,315,0.4441444000000274,0.4441444000000274,0.4441444000000274,0.4441444000000274,TRUE
166213,18,righth,1,yes,0,"""5-10""",54,225,225.5968095,1690,1101,"{""last_x"": 566, ""sample_4_y"": 622.5, ""sample_2_x"": 652, ""last_time"": 1101, ""first_x"": 738, ""sample_0_x"": 738, ""sample_1_x"": 692, ""sample_3_y"": 573.5, ""first_time"": 9, ""first_y"": 437.5, ""sample_2_y"": 524.5, ""sample_3_x"": 608, ""sample_0_time"": 9, ""sample_3_time"": 834, ""sample_4_x"": 566, ""last_y"": 622.5, ""sample_0_y"": 437.5, ""sample_2_time"": 567, ""count"": 129, ""sample_1_time"": 301, ""sample_1_y"": 487.5, ""sample_4_time"": 1101}",Q3 (180-270<U+00B0>),Q3 (180-270<U+00B0>),TRUE,TRUE,Correct,225,0.5968095000000062,0.5968095000000062,0.5968095000000062,0.5968095000000062,TRUE
166213,18,righth,1,yes,0,"""5-10""",55,135,138.2620335,2944,884,"{""sample_4_y"": 246.5, ""sample_1_y"": 369.5, ""first_y"": 415.5, ""sample_0_x"": 741, ""sample_0_time"": 8, ""sample_4_time"": 883, ""sample_2_y"": 341.5, ""sample_2_x"": 663, ""first_time"": 8, ""sample_0_y"": 415.5, ""sample_3_y"": 289.5, ""sample_4_x"": 552, ""count"": 106, ""first_x"": 741, ""last_x"": 552, ""sample_3_x"": 588, ""sample_1_time"": 224, ""last_time"": 883, ""sample_3_time"": 666, ""sample_1_x"": 696, ""sample_2_time"": 449, ""last_y"": 246.5}",Q2 (90-180<U+00B0>),Q2 (90-180<U+00B0>),TRUE,TRUE,Correct,135,3.262033500000001,3.262033500000001,3.262033500000001,3.262033500000001,TRUE
166213,18,righth,1,yes,0,"""5-10""",56,315,313.660862,1857,1549,"{""count"": 181, ""sample_2_x"": 873, ""sample_0_time"": 8, ""sample_4_y"": 625.5, ""sample_3_y"": 598.5, ""sample_2_y"": 547.5, ""last_x"": 944, ""first_time"": 8, ""sample_1_y"": 505.5, ""sample_1_time"": 424, ""sample_0_y"": 443.5, ""sample_0_x"": 767, ""sample_2_time"": 799, ""last_y"": 625.5, ""sample_3_time"": 1174, ""sample_4_x"": 944, ""last_time"": 1549, ""sample_3_x"": 918, ""sample_4_time"": 1549, ""first_y"": 443.5, ""sample_1_x"": 838, ""first_x"": 767}",Q4 (270-360<U+00B0>),Q4 (270-360<U+00B0>),TRUE,TRUE,Correct,315,1.3391379999999913,1.3391379999999913,1.3391379999999913,1.3391379999999913,TRUE
166213,18,righth,1,yes,0,"""5-10""",57,45,45.7440592,2056,1292,"{""sample_1_y"": 375.5, ""first_time"": 9, ""last_y"": 233.5, ""sample_2_y"": 312.5, ""last_time"": 1292, ""count"": 155, ""sample_2_time"": 650, ""first_x"": 764, ""sample_3_y"": 276.5, ""sample_4_time"": 1292, ""last_x"": 946, ""sample_1_time"": 325, ""first_y"": 412.5, ""sample_0_time"": 9, ""sample_3_x"": 890, ""sample_4_y"": 233.5, ""sample_2_x"": 852, ""sample_4_x"": 946, ""sample_1_x"": 801, ""sample_0_x"": 764, ""sample_0_y"": 412.5, ""sample_3_time"": 975}",Q1 (0-90<U+00B0>),Q1 (0-90<U+00B0>),TRUE,TRUE,Correct,45,0.7440592000000024,0.7440592000000024,0.7440592000000024,0.7440592000000024,TRUE
166213,18,righth,1,yes,0,"""5-10""",58,315,311.7547451,2194,1275,"{""last_x"": 939, ""sample_2_x"": 867, ""last_time"": 1274, ""sample_0_x"": 755, ""sample_1_time"": 324, ""sample_4_y"": 633.5, ""sample_2_time"": 641, ""sample_4_x"": 939, ""first_y"": 445.5, ""sample_3_y"": 585.5, ""count"": 153, ""first_time"": 8, ""first_x"": 755, ""sample_2_y"": 545.5, ""sample_3_x"": 902, ""sample_0_time"": 8, ""sample_3_time"": 957, ""sample_4_time"": 1274, ""sample_0_y"": 445.5, ""last_y"": 633.5, ""sample_1_x"": 811, ""sample_1_y"": 500.5}",Q4 (270-360<U+00B0>),Q4 (270-360<U+00B0>),TRUE,TRUE,Correct,315,3.2452549000000204,3.2452549000000204,3.2452549000000204,3.2452549000000204,TRUE
166213,18,righth,1,yes,0,"""5-10""",59,135,137.3735958,2014,1209,"{""sample_4_y"": 243.5, ""sample_3_y"": 290.5, ""sample_3_time"": 917, ""sample_4_time"": 1209, ""sample_0_x"": 736, ""sample_0_time"": 25, ""first_y"": 399.5, ""first_time"": 25, ""sample_0_y"": 399.5, ""last_y"": 243.5, ""sample_3_x"": 589, ""sample_1_time"": 317, ""sample_2_x"": 634, ""sample_1_x"": 670, ""sample_4_x"": 555, ""sample_1_y"": 345.5, ""count"": 143, ""first_x"": 736, ""last_time"": 1209, ""sample_2_y"": 320.5, ""sample_2_time"": 617, ""last_x"": 555}",Q2 (90-180<U+00B0>),Q2 (90-180<U+00B0>),TRUE,TRUE,Correct,135,2.373595800000004,2.373595800000004,2.373595800000004,2.373595800000004,TRUE
166213,18,righth,1,yes,0,"""5-10""",60,45,45,2687,1066,"{""sample_3_y"": 289.5, ""sample_4_y"": 236.5, ""sample_4_x"": 948, ""last_time"": 1066, ""sample_2_x"": 863, ""sample_2_time"": 541, ""sample_3_x"": 890, ""sample_1_time"": 274, ""sample_1_y"": 382.5, ""sample_1_x"": 831, ""last_y"": 236.5, ""sample_2_y"": 325.5, ""sample_4_time"": 1066, ""sample_3_time"": 808, ""last_x"": 948, ""first_time"": 8, ""first_y"": 422.5, ""count"": 128, ""sample_0_time"": 8, ""first_x"": 776, ""sample_0_y"": 422.5, ""sample_0_x"": 776}",Q1 (0-90<U+00B0>),Q1 (0-90<U+00B0>),TRUE,TRUE,Correct,45,0,0,0,0,TRUE
166213,18,righth,1,yes,0,"""5-10""",61,315,315.4464516,1857,1013,"{""sample_3_x"": 904, ""count"": 117, ""sample_0_time"": 7, ""last_y"": 619.5, ""last_time"": 1012, ""sample_1_y"": 509.5, ""sample_1_x"": 828, ""sample_3_y"": 580.5, ""sample_0_y"": 441.5, ""sample_3_time"": 770, ""sample_0_x"": 770, ""sample_1_time"": 287, ""sample_4_x"": 950, ""sample_2_y"": 545.5, ""sample_2_x"": 869, ""sample_2_time"": 528, ""first_y"": 441.5, ""first_time"": 7, ""sample_4_y"": 619.5, ""last_x"": 950, ""sample_4_time"": 1012, ""first_x"": 770}",Q4 (270-360<U+00B0>),Q4 (270-360<U+00B0>),TRUE,TRUE,Correct,315,0.44645159999998896,0.44645159999998896,0.44645159999998896,0.44645159999998896,TRUE
166213,18,righth,1,yes,0,"""5-10""",62,225,224.5535484,1482,1259,"{""sample_2_time"": 650, ""last_y"": 619.5, ""sample_2_y"": 539.5, ""sample_0_y"": 441.5, ""sample_1_y"": 492.5, ""sample_2_x"": 636, ""first_x"": 741, ""count"": 147, ""sample_1_time"": 325, ""sample_0_time"": 8, ""sample_3_x"": 589, ""last_x"": 562, ""last_time"": 1258, ""first_y"": 441.5, ""sample_4_time"": 1258, ""sample_4_y"": 619.5, ""first_time"": 8, ""sample_1_x"": 684, ""sample_4_x"": 562, ""sample_0_x"": 741, ""sample_3_y"": 585.5, ""sample_3_time"": 958}",Q3 (180-270<U+00B0>),Q3 (180-270<U+00B0>),TRUE,TRUE,Correct,225,0.44645159999998896,0.44645159999998896,0.44645159999998896,0.44645159999998896,TRUE
166213,18,righth,1,yes,0,"""5-10""",63,45,43.80651058,2015,1114,"{""last_y"": 240.5, ""sample_4_time"": 1113, ""sample_4_x"": 952, ""sample_1_x"": 824, ""sample_4_y"": 240.5, ""last_time"": 1113, ""first_time"": 31, ""first_y"": 399.5, ""sample_2_time"": 570, ""sample_2_x"": 858, ""sample_1_y"": 338.5, ""sample_1_time"": 304, ""sample_0_y"": 399.5, ""sample_0_time"": 31, ""sample_3_x"": 909, ""sample_0_x"": 771, ""count"": 129, ""sample_3_y"": 277.5, ""first_x"": 771, ""sample_3_time"": 846, ""last_x"": 952, ""sample_2_y"": 315.5}",Q1 (0-90<U+00B0>),Q1 (0-90<U+00B0>),TRUE,TRUE,Correct,45,1.1934894199999988,1.1934894199999988,1.1934894199999988,1.1934894199999988,TRUE
166213,18,righth,1,yes,0,"""5-10""",64,225,227.8252918,1648,942,"{""sample_0_y"": 451.5, ""sample_4_y"": 630.5, ""sample_4_time"": 942, ""sample_3_time"": 708, ""sample_1_time"": 242, ""sample_0_time"": 8, ""sample_1_x"": 712, ""sample_4_x"": 573, ""last_time"": 942, ""count"": 113, ""last_x"": 573, ""sample_3_y"": 584.5, ""sample_1_y"": 502.5, ""sample_2_time"": 475, ""first_y"": 451.5, ""first_x"": 749, ""sample_3_x"": 619, ""last_y"": 630.5, ""first_time"": 8, ""sample_2_y"": 535.5, ""sample_2_x"": 681, ""sample_0_x"": 749}",Q3 (180-270<U+00B0>),Q3 (180-270<U+00B0>),TRUE,TRUE,Correct,225,2.8252918000000022,2.8252918000000022,2.8252918000000022,2.8252918000000022,TRUE
166213,18,righth,1,yes,0,"""5-10""",65,45,45.14881987,2910,2178,"{""last_y"": 235.5, ""sample_2_time"": 902, ""last_x"": 948, ""sample_0_x"": 769, ""sample_1_time"": 460, ""sample_1_y"": 298.5, ""sample_3_x"": 746, ""sample_3_time"": 1709, ""sample_2_y"": 244.5, ""first_y"": 407.5, ""sample_2_x"": 927, ""sample_4_y"": 235.5, ""sample_1_x"": 843, ""sample_4_x"": 948, ""sample_4_time"": 2177, ""last_time"": 2177, ""sample_0_time"": 19, ""first_x"": 769, ""sample_3_y"": 415.5, ""count"": 212, ""sample_0_y"": 407.5, ""first_time"": 19}",Q1 (0-90<U+00B0>),Q1 (0-90<U+00B0>),TRUE,TRUE,Correct,45,0.14881986999999697,0.14881986999999697,0.14881986999999697,0.14881986999999697,TRUE
166213,18,righth,1,yes,0,"""5-10""",66,225,227.6837752,1390,1625,"{""count"": 193, ""sample_0_y"": 443.5, ""first_y"": 443.5, ""sample_1_y"": 498.5, ""first_x"": 744, ""sample_3_time"": 1225, ""sample_4_x"": 573, ""sample_2_y"": 527.5, ""last_y"": 629.5, ""sample_1_x"": 694, ""last_x"": 573, ""sample_4_time"": 1625, ""sample_0_time"": 8, ""sample_3_x"": 615, ""sample_4_y"": 629.5, ""sample_0_x"": 744, ""first_time"": 8, ""sample_1_time"": 424, ""sample_2_time"": 825, ""sample_2_x"": 667, ""last_time"": 1625, ""sample_3_y"": 585.5}",Q3 (180-270<U+00B0>),Q3 (180-270<U+00B0>),TRUE,TRUE,Correct,225,2.6837752000000137,2.6837752000000137,2.6837752000000137,2.6837752000000137,TRUE
166213,18,righth,1,yes,0,"""5-10""",67,315,313.0660721,1866,945,"{""sample_1_x"": 836, ""sample_2_y"": 551.5, ""sample_1_time"": 275, ""sample_4_y"": 627.5, ""last_x"": 942, ""sample_0_y"": 447.5, ""sample_4_time"": 945, ""last_y"": 627.5, ""sample_3_x"": 918, ""first_time"": 9, ""first_x"": 768, ""sample_0_x"": 768, ""sample_3_y"": 603.5, ""sample_2_x"": 877, ""first_y"": 447.5, ""count"": 109, ""sample_0_time"": 9, ""sample_4_x"": 942, ""sample_2_time"": 500, ""sample_3_time"": 725, ""last_time"": 945, ""sample_1_y"": 511.5}",Q4 (270-360<U+00B0>),Q4 (270-360<U+00B0>),TRUE,TRUE,Correct,315,1.9339279000000147,1.9339279000000147,1.9339279000000147,1.9339279000000147,TRUE
166213,18,righth,1,yes,0,"""5-10""",68,225,225.8951737,1523,825,"{""sample_2_x"": 622, ""last_time"": 825, ""sample_2_time"": 433, ""sample_4_time"": 825, ""sample_1_x"": 649, ""sample_4_x"": 567, ""first_y"": 445.5, ""last_y"": 623.5, ""last_x"": 567, ""sample_3_x"": 591, ""first_time"": 8, ""sample_3_y"": 591.5, ""sample_4_y"": 623.5, ""sample_3_time"": 633, ""count"": 96, ""sample_0_y"": 445.5, ""first_x"": 745, ""sample_0_time"": 8, ""sample_2_y"": 557.5, ""sample_1_time"": 225, ""sample_0_x"": 745, ""sample_1_y"": 529.5}",Q3 (180-270<U+00B0>),Q3 (180-270<U+00B0>),TRUE,TRUE,Correct,225,0.8951736999999866,0.8951736999999866,0.8951736999999866,0.8951736999999866,TRUE
166213,18,righth,1,yes,0,"""5-10""",69,135,137.385944,3277,592,"{""sample_0_x"": 736, ""sample_2_time"": 300, ""first_x"": 736, ""sample_3_y"": 291.5, ""sample_4_x"": 556, ""sample_2_y"": 314.5, ""sample_4_time"": 591, ""first_time"": 9, ""last_x"": 556, ""sample_3_x"": 587, ""sample_1_time"": 151, ""last_time"": 591, ""sample_4_y"": 244.5, ""sample_0_time"": 9, ""sample_0_y"": 418.5, ""count"": 71, ""last_y"": 244.5, ""sample_2_x"": 608, ""sample_1_y"": 343.5, ""first_y"": 418.5, ""sample_3_time"": 450, ""sample_1_x"": 641}",Q2 (90-180<U+00B0>),Q2 (90-180<U+00B0>),TRUE,TRUE,Correct,135,2.385943999999995,2.385943999999995,2.385943999999995,2.385943999999995,TRUE
166213,18,righth,1,yes,0,"""5-10""",70,315,304.2711407,1898,1486,"{""first_time"": 8, ""sample_3_y"": 541.5, ""first_x"": 750, ""last_time"": 1486, ""sample_3_time"": 1203, ""sample_1_y"": 509.5, ""sample_4_x"": 910, ""count"": 118, ""first_y"": 450.5, ""sample_0_y"": 450.5, ""sample_2_x"": 665, ""sample_1_time"": 278, ""sample_2_y"": 531.5, ""sample_4_y"": 654.5, ""last_y"": 654.5, ""last_x"": 910, ""sample_1_x"": 696, ""sample_2_time"": 529, ""sample_4_time"": 1486, ""sample_3_x"": 702, ""sample_0_time"": 8, ""sample_0_x"": 750}",Q4 (270-360<U+00B0>),Q4 (270-360<U+00B0>),TRUE,TRUE,Correct,315,10.72885930000001,10.72885930000001,10.72885930000001,10.72885930000001,TRUE
166213,18,righth,1,yes,0,"""5-10""",71,315,312.1892858,1540,934,"{""first_time"": 8, ""last_x"": 940, ""sample_0_x"": 762, ""count"": 111, ""sample_2_x"": 865, ""sample_4_time"": 933, ""last_y"": 631.5, ""sample_3_x"": 908, ""sample_1_time"": 233, ""sample_0_time"": 8, ""sample_4_y"": 631.5, ""sample_3_y"": 592.5, ""sample_2_time"": 478, ""sample_0_y"": 448.5, ""sample_3_time"": 707, ""sample_2_y"": 563.5, ""last_time"": 933, ""sample_1_y"": 522.5, ""first_x"": 762, ""first_y"": 448.5, ""sample_4_x"": 940, ""sample_1_x"": 805}",Q4 (270-360<U+00B0>),Q4 (270-360<U+00B0>),TRUE,TRUE,Correct,315,2.8107142000000067,2.8107142000000067,2.8107142000000067,2.8107142000000067,TRUE
166213,18,righth,1,yes,0,"""5-10""",72,45,45,2385,675,"{""sample_1_y"": 341.5, ""sample_2_x"": 863, ""count"": 81, ""last_x"": 948, ""first_x"": 757, ""sample_0_y"": 408.5, ""first_y"": 408.5, ""last_time"": 675, ""sample_0_time"": 8, ""sample_1_x"": 813, ""sample_4_time"": 675, ""sample_0_x"": 757, ""sample_2_time"": 342, ""sample_2_y"": 300.5, ""sample_4_y"": 236.5, ""sample_3_time"": 508, ""sample_3_y"": 271.5, ""sample_3_x"": 909, ""last_y"": 236.5, ""first_time"": 8, ""sample_1_time"": 175, ""sample_4_x"": 948}",Q1 (0-90<U+00B0>),Q1 (0-90<U+00B0>),TRUE,TRUE,Correct,45,0,0,0,0,TRUE
166213,18,righth,1,yes,0,"""5-10""",73,135,136.4840147,1682,566,"{""first_y"": 425.5, ""last_time"": 566, ""sample_1_y"": 341.5, ""sample_0_x"": 729, ""sample_4_x"": 558, ""sample_1_x"": 622, ""sample_4_time"": 566, ""last_y"": 240.5, ""first_time"": 8, ""sample_3_x"": 578, ""count"": 66, ""sample_4_y"": 240.5, ""sample_2_y"": 307.5, ""sample_2_time"": 300, ""sample_2_x"": 599, ""sample_3_time"": 434, ""sample_1_time"": 158, ""sample_0_y"": 425.5, ""sample_3_y"": 265.5, ""first_x"": 729, ""last_x"": 558, ""sample_0_time"": 8}",Q2 (90-180<U+00B0>),Q2 (90-180<U+00B0>),TRUE,TRUE,Correct,135,1.4840146999999888,1.4840146999999888,1.4840146999999888,1.4840146999999888,TRUE
166213,18,righth,1,yes,0,"""5-10""",74,315,317.0879838,1748,458,"{""sample_0_time"": 8, ""sample_4_y"": 613.5, ""sample_4_x"": 955, ""sample_1_y"": 517.5, ""count"": 52, ""sample_2_y"": 552.5, ""sample_4_time"": 458, ""sample_0_x"": 775, ""sample_0_y"": 446.5, ""sample_1_x"": 860, ""sample_3_y"": 588.5, ""first_y"": 446.5, ""first_x"": 775, ""sample_2_time"": 250, ""last_y"": 613.5, ""sample_1_time"": 142, ""sample_3_x"": 930, ""first_time"": 8, ""sample_3_time"": 358, ""sample_2_x"": 898, ""last_x"": 955, ""last_time"": 458}",Q4 (270-360<U+00B0>),Q4 (270-360<U+00B0>),TRUE,TRUE,Correct,315,2.0879838000000177,2.0879838000000177,2.0879838000000177,2.0879838000000177,TRUE
166213,18,righth,1,yes,0,"""5-10""",75,315,312.7803444,1523,868,"{""sample_2_y"": 573.5, ""sample_3_time"": 667, ""sample_0_y"": 443.5, ""sample_2_time"": 467, ""first_y"": 443.5, ""count"": 98, ""last_y"": 629.5, ""first_x"": 769, ""sample_1_time"": 258, ""last_x"": 942, ""sample_2_x"": 891, ""last_time"": 867, ""first_time"": 8, ""sample_1_y"": 504.5, ""sample_4_y"": 629.5, ""sample_1_x"": 819, ""sample_0_time"": 8, ""sample_4_x"": 942, ""sample_3_y"": 603.5, ""sample_3_x"": 914, ""sample_4_time"": 867, ""sample_0_x"": 769}",Q4 (270-360<U+00B0>),Q4 (270-360<U+00B0>),TRUE,TRUE,Correct,315,2.21965560000001,2.21965560000001,2.21965560000001,2.21965560000001,TRUE
166213,18,righth,1,yes,0,"""5-10""",76,225,225.7364091,1974,529,"{""last_x"": 564, ""sample_1_y"": 502.5, ""sample_0_x"": 735, ""first_x"": 735, ""last_y"": 625.5, ""sample_2_time"": 279, ""sample_4_y"": 625.5, ""sample_3_x"": 585, ""sample_4_x"": 564, ""count"": 62, ""last_time"": 529, ""sample_3_time"": 404, ""sample_0_time"": 9, ""sample_3_y"": 589.5, ""sample_1_x"": 650, ""sample_4_time"": 529, ""sample_1_time"": 146, ""first_time"": 9, ""sample_2_x"": 618, ""sample_2_y"": 532.5, ""first_y"": 435.5, ""sample_0_y"": 435.5}",Q3 (180-270<U+00B0>),Q3 (180-270<U+00B0>),TRUE,TRUE,Correct,225,0.736409100000003,0.736409100000003,0.736409100000003,0.736409100000003,TRUE
166213,18,righth,1,yes,0,"""5-10""",77,315,313.0660721,1482,851,"{""last_y"": 627.5, ""sample_3_y"": 594.5, ""first_y"": 447.5, ""last_time"": 850, ""sample_3_x"": 911, ""last_x"": 942, ""sample_1_time"": 233, ""sample_2_y"": 562.5, ""first_time"": 8, ""sample_2_x"": 878, ""first_x"": 762, ""sample_4_time"": 850, ""count"": 100, ""sample_4_y"": 627.5, ""sample_3_time"": 650, ""sample_0_x"": 762, ""sample_1_y"": 520.5, ""sample_1_x"": 819, ""sample_4_x"": 942, ""sample_0_time"": 8, ""sample_2_time"": 442, ""sample_0_y"": 447.5}",Q4 (270-360<U+00B0>),Q4 (270-360<U+00B0>),TRUE,TRUE,Correct,315,1.9339279000000147,1.9339279000000147,1.9339279000000147,1.9339279000000147,TRUE
166213,18,righth,1,yes,0,"""5-10""",78,225,227.0879838,1784,1074,"{""sample_2_y"": 533.5, ""last_time"": 1074, ""sample_2_time"": 561, ""sample_0_y"": 437.5, ""last_y"": 627.5, ""sample_0_x"": 740, ""last_x"": 571, ""sample_4_y"": 627.5, ""sample_3_y"": 583.5, ""sample_4_time"": 1074, ""sample_1_time"": 294, ""sample_0_time"": 15, ""sample_2_x"": 662, ""first_y"": 437.5, ""sample_1_y"": 464.5, ""sample_3_x"": 612, ""first_x"": 740, ""sample_4_x"": 571, ""sample_3_time"": 816, ""sample_1_x"": 716, ""count"": 126, ""first_time"": 15}",Q3 (180-270<U+00B0>),Q3 (180-270<U+00B0>),TRUE,TRUE,Correct,225,2.0879837999999893,2.0879837999999893,2.0879837999999893,2.0879837999999893,TRUE
166213,18,righth,1,yes,0,"""5-10""",79,45,45.89517371,1841,513,"{""sample_3_y"": 282.5, ""sample_0_x"": 776, ""sample_4_y"": 233.5, ""sample_4_x"": 945, ""sample_1_x"": 819, ""sample_1_time"": 145, ""sample_2_x"": 851, ""first_y"": 417.5, ""sample_0_y"": 417.5, ""sample_1_y"": 378.5, ""sample_2_y"": 348.5, ""last_time"": 512, ""sample_0_time"": 8, ""sample_3_time"": 396, ""first_x"": 776, ""last_y"": 233.5, ""count"": 60, ""first_time"": 8, ""sample_4_time"": 512, ""sample_2_time"": 270, ""last_x"": 945, ""sample_3_x"": 905}",Q1 (0-90<U+00B0>),Q1 (0-90<U+00B0>),TRUE,TRUE,Correct,45,0.8951737100000017,0.8951737100000017,0.8951737100000017,0.8951737100000017,TRUE
166213,18,righth,1,yes,0,"""5-10""",80,315,315.8905363,2065,863,"{""sample_1_x"": 837, ""last_x"": 952, ""sample_4_time"": 862, ""first_x"": 773, ""first_time"": 8, ""sample_1_time"": 220, ""sample_0_y"": 439.5, ""last_y"": 618.5, ""sample_2_y"": 544.5, ""first_y"": 439.5, ""sample_4_x"": 952, ""sample_0_x"": 773, ""sample_4_y"": 618.5, ""sample_3_y"": 576.5, ""sample_3_x"": 918, ""last_time"": 862, ""sample_1_y"": 506.5, ""sample_2_time"": 437, ""sample_2_x"": 885, ""count"": 104, ""sample_0_time"": 8, ""sample_3_time"": 654}",Q4 (270-360<U+00B0>),Q4 (270-360<U+00B0>),TRUE,TRUE,Correct,315,0.8905363000000079,0.8905363000000079,0.8905363000000079,0.8905363000000079,TRUE
166213,18,righth,1,yes,0,"""5-10""",81,135,136.0362448,2378,821,"{""sample_2_y"": 328.5, ""sample_0_time"": 8, ""first_y"": 425.5, ""first_x"": 737, ""sample_3_time"": 621, ""sample_0_y"": 425.5, ""sample_1_time"": 204, ""count"": 99, ""sample_4_time"": 821, ""sample_4_x"": 559, ""sample_3_y"": 281.5, ""sample_3_x"": 583, ""sample_2_time"": 412, ""last_y"": 238.5, ""sample_4_y"": 238.5, ""first_time"": 8, ""sample_0_x"": 737, ""sample_1_y"": 367.5, ""last_time"": 821, ""sample_2_x"": 611, ""sample_1_x"": 645, ""last_x"": 559}",Q2 (90-180<U+00B0>),Q2 (90-180<U+00B0>),TRUE,TRUE,Correct,135,1.0362447999999915,1.0362447999999915,1.0362447999999915,1.0362447999999915,TRUE
166213,18,righth,1,yes,0,"""5-10""",82,315,315.1488199,1357,757,"{""sample_2_y"": 533.5, ""sample_3_y"": 578.5, ""sample_1_x"": 839, ""sample_3_time"": 582, ""count"": 87, ""sample_3_x"": 912, ""sample_2_time"": 398, ""last_x"": 949, ""sample_4_x"": 949, ""sample_1_y"": 511.5, ""last_time"": 757, ""sample_4_y"": 620.5, ""first_y"": 441.5, ""first_x"": 776, ""sample_0_time"": 16, ""first_time"": 16, ""sample_2_x"": 864, ""sample_0_y"": 441.5, ""sample_0_x"": 776, ""sample_1_time"": 216, ""sample_4_time"": 757, ""last_y"": 620.5}",Q4 (270-360<U+00B0>),Q4 (270-360<U+00B0>),TRUE,TRUE,Correct,315,0.14881989999997813,0.14881989999997813,0.14881989999997813,0.14881989999997813,TRUE
166213,18,righth,1,yes,0,"""5-10""",83,45,45.44414443,2456,725,"{""sample_0_time"": 9, ""sample_0_x"": 766, ""sample_1_time"": 183, ""sample_0_y"": 405.5, ""sample_4_y"": 233.5, ""sample_2_y"": 295.5, ""sample_3_time"": 550, ""sample_1_y"": 330.5, ""last_time"": 725, ""sample_2_x"": 861, ""first_y"": 405.5, ""count"": 87, ""last_x"": 948, ""sample_4_x"": 948, ""last_y"": 233.5, ""sample_3_x"": 901, ""sample_2_time"": 367, ""sample_1_x"": 829, ""sample_4_time"": 725, ""first_x"": 766, ""sample_3_y"": 269.5, ""first_time"": 9}",Q1 (0-90<U+00B0>),Q1 (0-90<U+00B0>),TRUE,TRUE,Correct,45,0.4441444300000015,0.4441444300000015,0.4441444300000015,0.4441444300000015,TRUE
166213,18,righth,1,yes,0,"""5-10""",84,225,225.7440592,2411,826,"{""sample_3_x"": 616, ""sample_2_y"": 544.5, ""sample_3_y"": 577.5, ""sample_2_time"": 417, ""first_y"": 441.5, ""sample_1_time"": 208, ""sample_2_x"": 652, ""sample_4_x"": 566, ""first_time"": 8, ""sample_4_time"": 825, ""first_x"": 742, ""sample_0_x"": 742, ""sample_3_time"": 625, ""last_x"": 566, ""last_time"": 825, ""sample_4_y"": 623.5, ""sample_0_y"": 441.5, ""sample_0_time"": 8, ""sample_1_y"": 506.5, ""last_y"": 623.5, ""count"": 99, ""sample_1_x"": 688}",Q3 (180-270<U+00B0>),Q3 (180-270<U+00B0>),TRUE,TRUE,Correct,225,0.7440592000000095,0.7440592000000095,0.7440592000000095,0.7440592000000095,TRUE
166213,18,righth,1,yes,0,"""5-10""",85,45,43.81269268,2385,484,"{""first_time"": 9, ""sample_0_y"": 426.5, ""sample_3_x"": 911, ""sample_3_y"": 285.5, ""sample_3_time"": 367, ""last_y"": 239.5, ""sample_2_time"": 250, ""sample_1_y"": 386.5, ""count"": 58, ""sample_2_x"": 878, ""last_time"": 484, ""sample_4_y"": 239.5, ""sample_4_x"": 953, ""sample_0_x"": 780, ""sample_0_time"": 9, ""first_y"": 426.5, ""sample_1_time"": 125, ""last_x"": 953, ""sample_2_y"": 331.5, ""sample_1_x"": 835, ""sample_4_time"": 484, ""first_x"": 780}",Q1 (0-90<U+00B0>),Q1 (0-90<U+00B0>),TRUE,TRUE,Correct,45,1.1873073200000022,1.1873073200000022,1.1873073200000022,1.1873073200000022,TRUE
166213,18,righth,1,yes,0,"""5-10""",86,135,136.0416267,1982,334,"{""first_y"": 424.5, ""sample_3_time"": 258, ""sample_0_time"": 9, ""sample_3_y"": 267.5, ""sample_4_x"": 560, ""sample_1_y"": 350.5, ""sample_0_y"": 424.5, ""count"": 39, ""last_x"": 560, ""sample_2_y"": 294.5, ""sample_1_time"": 92, ""sample_4_y"": 239.5, ""sample_1_x"": 647, ""first_time"": 9, ""sample_3_x"": 580, ""sample_2_time"": 175, ""sample_0_x"": 729, ""first_x"": 729, ""last_time"": 333, ""sample_2_x"": 600, ""last_y"": 239.5, ""sample_4_time"": 333}",Q2 (90-180<U+00B0>),Q2 (90-180<U+00B0>),TRUE,TRUE,Correct,135,1.0416266999999948,1.0416266999999948,1.0416266999999948,1.0416266999999948,TRUE
166213,18,righth,1,yes,0,"""5-10""",87,135,135.1488199,1556,363,"{""sample_3_x"": 580, ""last_time"": 363, ""count"": 40, ""sample_3_time"": 278, ""sample_1_x"": 628, ""sample_2_time"": 196, ""first_time"": 9, ""sample_0_time"": 9, ""sample_1_time"": 112, ""sample_3_y"": 267.5, ""sample_4_x"": 563, ""sample_2_y"": 294.5, ""sample_2_x"": 600, ""sample_0_x"": 733, ""last_y"": 236.5, ""sample_4_y"": 236.5, ""first_y"": 415.5, ""sample_1_y"": 334.5, ""last_x"": 563, ""sample_4_time"": 363, ""sample_0_y"": 415.5, ""first_x"": 733}",Q2 (90-180<U+00B0>),Q2 (90-180<U+00B0>),TRUE,TRUE,Correct,135,0.14881990000000656,0.14881990000000656,0.14881990000000656,0.14881990000000656,TRUE
166213,18,righth,1,yes,0,"""5-10""",88,45,44.26359094,1666,354,"{""sample_2_y"": 316.5, ""count"": 42, ""first_time"": 8, ""first_x"": 771, ""sample_2_x"": 869, ""last_y"": 236.5, ""sample_3_time"": 271, ""first_y"": 412.5, ""sample_3_x"": 914, ""sample_1_time"": 95, ""sample_0_time"": 8, ""last_x"": 953, ""sample_2_time"": 186, ""sample_0_x"": 771, ""sample_3_y"": 266.5, ""last_time"": 354, ""sample_1_y"": 363.5, ""sample_0_y"": 412.5, ""sample_1_x"": 823, ""sample_4_x"": 953, ""sample_4_y"": 236.5, ""sample_4_time"": 354}",Q1 (0-90<U+00B0>),Q1 (0-90<U+00B0>),TRUE,TRUE,Correct,45,0.7364090599999997,0.7364090599999997,0.7364090599999997,0.7364090599999997,TRUE
166213,18,righth,1,yes,0,"""5-10""",89,45,45.58762842,1906,384,"{""sample_3_x"": 900, ""sample_2_x"": 863, ""sample_2_y"": 327.5, ""last_time"": 383, ""sample_3_time"": 300, ""sample_1_time"": 117, ""sample_2_time"": 208, ""sample_0_x"": 778, ""last_x"": 949, ""sample_4_y"": 231.5, ""last_y"": 231.5, ""sample_1_x"": 836, ""sample_3_y"": 288.5, ""count"": 44, ""sample_0_time"": 8, ""sample_1_y"": 355.5, ""sample_0_y"": 414.5, ""sample_4_time"": 383, ""sample_4_x"": 949, ""first_x"": 778, ""first_time"": 8, ""first_y"": 414.5}",Q1 (0-90<U+00B0>),Q1 (0-90<U+00B0>),TRUE,TRUE,Correct,45,0.5876284200000015,0.5876284200000015,0.5876284200000015,0.5876284200000015,TRUE
166213,18,righth,1,yes,0,"""5-10""",90,225,224.4031905,1573,325,"{""sample_4_time"": 325, ""count"": 35, ""last_time"": 325, ""first_y"": 449.5, ""last_x"": 562, ""sample_2_time"": 183, ""sample_0_x"": 739, ""first_x"": 739, ""sample_0_time"": 7, ""sample_0_y"": 449.5, ""last_y"": 618.5, ""sample_4_y"": 618.5, ""sample_2_y"": 569.5, ""sample_1_x"": 638, ""sample_3_time"": 258, ""sample_2_x"": 607, ""sample_1_time"": 108, ""sample_4_x"": 562, ""first_time"": 7, ""sample_1_y"": 543.5, ""sample_3_x"": 581, ""sample_3_y"": 598.5}",Q3 (180-270<U+00B0>),Q3 (180-270<U+00B0>),TRUE,TRUE,Correct,225,0.5968095000000062,0.5968095000000062,0.5968095000000062,0.5968095000000062,TRUE
166213,18,righth,1,yes,0,"""5-10""",91,135,136.4917404,1800,179,"{""sample_4_time"": 179, ""sample_0_x"": 722, ""count"": 20, ""last_y"": 241.5, ""sample_1_y"": 341.5, ""sample_3_x"": 567, ""sample_1_time"": 59, ""sample_0_time"": 8, ""sample_1_x"": 630, ""last_x"": 559, ""sample_2_x"": 589, ""first_time"": 8, ""sample_0_y"": 413.5, ""last_time"": 179, ""sample_3_y"": 254.5, ""first_x"": 722, ""sample_2_y"": 289.5, ""sample_4_y"": 241.5, ""sample_3_time"": 145, ""sample_2_time"": 102, ""first_y"": 413.5, ""sample_4_x"": 559}",Q2 (90-180<U+00B0>),Q2 (90-180<U+00B0>),TRUE,TRUE,Correct,135,1.4917403999999976,1.4917403999999976,1.4917403999999976,1.4917403999999976,TRUE
166213,18,righth,1,yes,0,"""5-10""",92,45,43.51598532,2112,270,"{""sample_3_y"": 250.5, ""sample_3_time"": 211, ""sample_0_y"": 386.5, ""sample_1_y"": 311.5, ""sample_4_time"": 269, ""last_x"": 954, ""sample_1_x"": 876, ""sample_1_time"": 77, ""sample_4_y"": 240.5, ""sample_0_x"": 796, ""sample_4_x"": 954, ""sample_2_y"": 272.5, ""count"": 31, ""first_time"": 19, ""first_x"": 796, ""first_y"": 386.5, ""sample_2_time"": 144, ""sample_0_time"": 19, ""sample_3_x"": 945, ""last_time"": 269, ""last_y"": 240.5, ""sample_2_x"": 921}",Q1 (0-90<U+00B0>),Q1 (0-90<U+00B0>),TRUE,TRUE,Correct,45,1.4840146800000014,1.4840146800000014,1.4840146800000014,1.4840146800000014,TRUE
166213,18,righth,1,yes,0,"""5-10""",93,45,42.91201617,1966,292,"{""last_y"": 243.5, ""sample_1_y"": 304.5, ""sample_2_y"": 267.5, ""sample_4_y"": 243.5, ""first_y"": 407.5, ""sample_2_time"": 158, ""sample_3_x"": 944, ""sample_0_time"": 8, ""sample_4_time"": 291, ""sample_1_time"": 83, ""sample_2_x"": 934, ""sample_3_time"": 224, ""first_x"": 781, ""sample_0_x"": 781, ""last_time"": 291, ""first_time"": 8, ""last_x"": 955, ""sample_3_y"": 256.5, ""sample_0_y"": 407.5, ""count"": 34, ""sample_1_x"": 892, ""sample_4_x"": 955}",Q1 (0-90<U+00B0>),Q1 (0-90<U+00B0>),TRUE,TRUE,Correct,45,2.087983829999999,2.087983829999999,2.087983829999999,2.087983829999999,TRUE
166213,18,righth,1,yes,0,"""5-10""",94,225,225.8905363,1740,133,"{""sample_0_x"": 738, ""first_y"": 447.5, ""sample_3_x"": 587, ""count"": 14, ""sample_1_time"": 41, ""sample_0_time"": 8, ""first_time"": 8, ""sample_1_y"": 511.5, ""sample_1_x"": 674, ""sample_2_y"": 577.5, ""sample_2_time"": 83, ""sample_4_x"": 566, ""sample_4_time"": 133, ""last_x"": 566, ""sample_0_y"": 447.5, ""first_x"": 738, ""sample_3_time"": 108, ""sample_3_y"": 604.5, ""last_time"": 133, ""sample_2_x"": 612, ""sample_4_y"": 624.5, ""last_y"": 624.5}",Q3 (180-270<U+00B0>),Q3 (180-270<U+00B0>),TRUE,TRUE,Correct,225,0.8905363000000079,0.8905363000000079,0.8905363000000079,0.8905363000000079,TRUE
166213,18,righth,1,yes,0,"""5-10""",95,135,130.1510424,1642,341,"{""sample_1_y"": 340.5, ""count"": 39, ""first_time"": 7, ""last_time"": 341, ""sample_0_time"": 7, ""sample_2_time"": 174, ""sample_3_y"": 247.5, ""sample_3_x"": 600, ""first_y"": 427.5, ""sample_0_x"": 734, ""sample_3_time"": 257, ""last_y"": 217.5, ""sample_4_time"": 341, ""first_x"": 734, ""sample_2_y"": 271.5, ""sample_1_x"": 668, ""last_x"": 578, ""sample_2_x"": 634, ""sample_4_y"": 217.5, ""sample_0_y"": 427.5, ""sample_4_x"": 578, ""sample_1_time"": 91}",Q2 (90-180<U+00B0>),Q2 (90-180<U+00B0>),TRUE,TRUE,Correct,135,4.848957600000006,4.848957600000006,4.848957600000006,4.848957600000006,TRUE
166213,18,righth,1,yes,0,"""5-10""",96,135,133.9690818,1824,259,"{""sample_2_x"": 604, ""sample_3_time"": 200, ""sample_2_y"": 281.5, ""sample_4_x"": 565, ""sample_0_y"": 413.5, ""sample_3_y"": 254.5, ""sample_2_time"": 142, ""sample_1_x"": 637, ""sample_4_y"": 230.5, ""sample_0_time"": 8, ""first_x"": 732, ""sample_0_x"": 732, ""sample_1_y"": 325.5, ""last_y"": 230.5, ""last_time"": 258, ""first_time"": 8, ""sample_3_x"": 586, ""last_x"": 565, ""sample_4_time"": 258, ""count"": 29, ""sample_1_time"": 82, ""first_y"": 413.5}",Q2 (90-180<U+00B0>),Q2 (90-180<U+00B0>),TRUE,TRUE,Correct,135,1.0309182000000021,1.0309182000000021,1.0309182000000021,1.0309182000000021,TRUE
166213,18,righth,1,yes,0,"""5-10""",97,225,225.7440592,1490,275,"{""first_time"": 8, ""first_x"": 739, ""sample_4_time"": 275, ""count"": 33, ""sample_1_time"": 75, ""sample_2_time"": 141, ""sample_0_y"": 455.5, ""sample_0_x"": 739, ""sample_1_x"": 663, ""sample_3_time"": 208, ""last_y"": 623.5, ""sample_4_y"": 623.5, ""last_time"": 275, ""sample_1_y"": 538.5, ""sample_2_y"": 585.5, ""first_y"": 455.5, ""sample_3_x"": 583, ""last_x"": 566, ""sample_4_x"": 566, ""sample_2_x"": 614, ""sample_3_y"": 608.5, ""sample_0_time"": 8}",Q3 (180-270<U+00B0>),Q3 (180-270<U+00B0>),TRUE,TRUE,Correct,225,0.7440592000000095,0.7440592000000095,0.7440592000000095,0.7440592000000095,TRUE
166213,18,righth,1,yes,0,"""5-10""",98,135,133.8065106,2083,300,"{""last_time"": 299, ""sample_1_x"": 631, ""sample_2_y"": 271.5, ""sample_2_x"": 593, ""last_x"": 568, ""sample_0_time"": 8, ""sample_3_y"": 251.5, ""sample_1_y"": 321.5, ""sample_0_y"": 421.5, ""sample_4_y"": 232.5, ""sample_3_x"": 581, ""sample_4_time"": 299, ""first_y"": 421.5, ""sample_1_time"": 82, ""first_time"": 8, ""last_y"": 232.5, ""sample_3_time"": 232, ""sample_2_time"": 157, ""sample_0_x"": 729, ""count"": 36, ""sample_4_x"": 568, ""first_x"": 729}",Q2 (90-180<U+00B0>),Q2 (90-180<U+00B0>),TRUE,TRUE,Correct,135,1.1934894000000043,1.1934894000000043,1.1934894000000043,1.1934894000000043,TRUE
166213,18,righth,1,yes,0,"""5-10""",99,135,138.1221305,1340,441,"{""first_x"": 732, ""sample_1_time"": 116, ""sample_3_x"": 570, ""sample_2_time"": 233, ""last_y"": 246.5, ""first_y"": 413.5, ""sample_1_x"": 644, ""sample_0_y"": 413.5, ""sample_2_x"": 607, ""sample_3_y"": 258.5, ""sample_1_y"": 329.5, ""sample_4_time"": 441, ""sample_4_y"": 246.5, ""sample_0_time"": 8, ""last_time"": 441, ""count"": 52, ""first_time"": 8, ""last_x"": 553, ""sample_4_x"": 553, ""sample_2_y"": 284.5, ""sample_0_x"": 732, ""sample_3_time"": 341}",Q2 (90-180<U+00B0>),Q2 (90-180<U+00B0>),TRUE,TRUE,Correct,135,3.1221304999999973,3.1221304999999973,3.1221304999999973,3.1221304999999973,TRUE
166213,18,righth,1,yes,0,"""5-10""",100,135,136.1934894,1048,434,"{""count"": 52, ""sample_0_x"": 733, ""sample_2_time"": 225, ""sample_4_time"": 433, ""sample_4_x"": 560, ""sample_3_x"": 588, ""first_time"": 8, ""sample_3_time"": 334, ""first_x"": 733, ""sample_1_x"": 654, ""sample_2_x"": 624, ""sample_3_y"": 257.5, ""last_time"": 433, ""first_y"": 411.5, ""sample_1_y"": 349.5, ""sample_2_y"": 308.5, ""sample_0_time"": 8, ""last_x"": 560, ""sample_0_y"": 411.5, ""sample_4_y"": 240.5, ""last_y"": 240.5, ""sample_1_time"": 117}",Q2 (90-180<U+00B0>),Q2 (90-180<U+00B0>),TRUE,TRUE,Correct,135,1.1934894000000043,1.1934894000000043,1.1934894000000043,1.1934894000000043,TRUE
166237,19,righth,1,yes,0,"""0-1""",21,315,317.7927024,4732,1200,"{""first_y"": 375, ""first_x"": 350.5, ""sample_1_y"": 412, ""sample_0_y"": 375, ""sample_2_x"": 482.5, ""sample_0_time"": 17, ""sample_4_x"": 513.5, ""sample_3_x"": 493.5, ""last_time"": 1200, ""sample_3_y"": 496, ""first_time"": 17, ""sample_2_y"": 477, ""sample_1_x"": 408.5, ""last_y"": 519, ""last_x"": 513.5, ""sample_1_time"": 517, ""sample_4_y"": 519, ""sample_3_time"": 983, ""count"": 56, ""sample_0_x"": 350.5, ""sample_2_time"": 750, ""sample_4_time"": 1200}",Q4 (270-360<U+00B0>),Q4 (270-360<U+00B0>),TRUE,TRUE,Correct,315,2.792702399999996,2.792702399999996,2.792702399999996,2.792702399999996,TRUE
166237,19,righth,1,yes,0,"""0-1""",22,135,139.3719066,3548,1650,"{""first_time"": 16, ""sample_2_y"": 280, ""count"": 99, ""first_y"": 350, ""sample_0_y"": 350, ""last_x"": 165.5, ""sample_4_time"": 1650, ""sample_0_x"": 327.5, ""sample_1_time"": 416, ""sample_2_time"": 833, ""sample_0_time"": 16, ""sample_1_y"": 313, ""last_time"": 1650, ""last_y"": 212, ""sample_4_y"": 212, ""sample_3_y"": 244, ""sample_1_x"": 280.5, ""sample_2_x"": 240.5, ""sample_3_time"": 1250, ""first_x"": 327.5, ""sample_3_x"": 199.5, ""sample_4_x"": 165.5}",Q2 (90-180<U+00B0>),Q2 (90-180<U+00B0>),TRUE,TRUE,Correct,135,4.371906599999988,4.371906599999988,4.371906599999988,4.371906599999988,TRUE
166237,19,righth,1,yes,0,"""0-1""",23,135,135.1752159,3182,1767,"{""first_y"": 351, ""last_y"": 200, ""sample_4_y"": 200, ""count"": 106, ""sample_2_time"": 900, ""sample_4_time"": 1767, ""sample_0_x"": 331.5, ""sample_3_time"": 1334, ""sample_1_x"": 305.5, ""sample_4_x"": 177.5, ""sample_0_time"": 17, ""sample_3_x"": 217.5, ""last_time"": 1767, ""first_time"": 17, ""sample_2_x"": 263.5, ""sample_2_y"": 292, ""first_x"": 331.5, ""last_x"": 177.5, ""sample_1_time"": 450, ""sample_3_y"": 241, ""sample_1_y"": 327, ""sample_0_y"": 351}",Q2 (90-180<U+00B0>),Q2 (90-180<U+00B0>),TRUE,TRUE,Correct,135,0.17521590000001197,0.17521590000001197,0.17521590000001197,0.17521590000001197,TRUE
166237,19,righth,1,yes,0,"""0-1""",24,135,133.7811248,2931,1884,"{""last_x"": 180.5, ""sample_1_y"": 328, ""sample_1_time"": 484, ""sample_0_y"": 350, ""sample_1_x"": 312.5, ""sample_2_time"": 951, ""sample_4_y"": 195, ""first_y"": 350, ""sample_4_x"": 180.5, ""count"": 113, ""first_x"": 333.5, ""sample_0_time"": 17, ""sample_2_y"": 293, ""first_time"": 17, ""sample_3_time"": 1417, ""sample_4_time"": 1884, ""sample_3_x"": 222.5, ""sample_3_y"": 240, ""last_y"": 195, ""sample_2_x"": 276.5, ""sample_0_x"": 333.5, ""last_time"": 1884}",Q2 (90-180<U+00B0>),Q2 (90-180<U+00B0>),TRUE,TRUE,Correct,135,1.2188752000000136,1.2188752000000136,1.2188752000000136,1.2188752000000136,TRUE
166237,19,righth,1,yes,0,"""0-1""",25,225,227.8098081,3898,1650,"{""sample_1_time"": 417, ""sample_0_x"": 339.5, ""first_x"": 339.5, ""sample_4_time"": 1650, ""count"": 99, ""last_y"": 534, ""sample_3_y"": 488, ""sample_3_time"": 1250, ""sample_1_y"": 405, ""sample_0_y"": 377, ""sample_2_time"": 834, ""sample_0_time"": 17, ""sample_3_x"": 226.5, ""last_time"": 1650, ""first_time"": 17, ""sample_4_y"": 534, ""sample_1_x"": 310.5, ""sample_2_x"": 277.5, ""sample_2_y"": 437, ""last_x"": 186.5, ""first_y"": 377, ""sample_4_x"": 186.5}",Q3 (180-270<U+00B0>),Q3 (180-270<U+00B0>),TRUE,TRUE,Correct,225,2.809808099999998,2.809808099999998,2.809808099999998,2.809808099999998,TRUE
166237,19,righth,1,yes,0,"""0-1""",26,45,43.9455955,3249,2333,"{""sample_3_y"": 234, ""sample_0_x"": 357.5, ""sample_4_time"": 2333, ""sample_1_x"": 390.5, ""sample_2_x"": 431.5, ""sample_0_y"": 352, ""last_y"": 203, ""sample_4_y"": 203, ""last_time"": 2333, ""sample_2_y"": 277, ""count"": 140, ""first_time"": 17, ""sample_4_x"": 507.5, ""sample_2_time"": 1183, ""sample_1_y"": 321, ""sample_3_time"": 1767, ""first_y"": 352, ""sample_0_time"": 17, ""first_x"": 357.5, ""sample_3_x"": 473.5, ""sample_1_time"": 600, ""last_x"": 507.5}",Q1 (0-90<U+00B0>),Q1 (0-90<U+00B0>),TRUE,TRUE,Correct,45,1.0544044999999969,1.0544044999999969,1.0544044999999969,1.0544044999999969,TRUE
166237,19,righth,1,yes,0,"""0-1""",27,45,41.48932157,3031,1900,"{""first_y"": 358, ""sample_2_y"": 306, ""sample_3_x"": 474.5, ""first_time"": 17, ""sample_1_y"": 334, ""sample_3_y"": 257, ""last_time"": 1900, ""sample_4_y"": 210, ""count"": 114, ""sample_4_time"": 1900, ""sample_2_time"": 967, ""sample_4_x"": 514.5, ""sample_1_time"": 483, ""sample_3_time"": 1433, ""sample_2_x"": 421.5, ""sample_0_time"": 17, ""sample_1_x"": 386.5, ""sample_0_y"": 358, ""last_y"": 210, ""first_x"": 356.5, ""last_x"": 514.5, ""sample_0_x"": 356.5}",Q1 (0-90<U+00B0>),Q1 (0-90<U+00B0>),TRUE,TRUE,Correct,45,3.5106784299999987,3.5106784299999987,3.5106784299999987,3.5106784299999987,TRUE
166237,19,righth,1,yes,0,"""0-1""",28,135,51.34019175,3066,2333,"{""sample_4_time"": 2333, ""last_y"": 183, ""first_x"": 349.5, ""count"": 140, ""sample_3_y"": 238, ""sample_0_time"": 16, ""sample_3_time"": 1766, ""sample_2_time"": 1183, ""sample_2_x"": 411.5, ""sample_0_y"": 350, ""sample_4_y"": 183, ""first_y"": 350, ""sample_4_x"": 485.5, ""sample_1_time"": 600, ""last_x"": 485.5, ""first_time"": 16, ""sample_2_y"": 282, ""sample_0_x"": 349.5, ""sample_3_x"": 449.5, ""last_time"": 2333, ""sample_1_x"": 384.5, ""sample_1_y"": 318}",Q2 (90-180<U+00B0>),Q1 (0-90<U+00B0>),FALSE,TRUE,Formant,45,6.3401917500000025,6.3401917500000025,83.65980825,83.65980825,FALSE
166237,19,righth,1,yes,0,"""0-1""",29,135,135.3515034,3165,2484,"{""sample_2_time"": 1250, ""first_time"": 17, ""sample_0_y"": 354, ""sample_1_time"": 634, ""sample_3_x"": 213.5, ""sample_4_x"": 177.5, ""sample_4_y"": 201, ""sample_0_time"": 17, ""sample_1_x"": 274.5, ""last_x"": 177.5, ""sample_0_x"": 327.5, ""sample_2_x"": 238.5, ""last_time"": 2484, ""last_y"": 201, ""sample_2_y"": 266, ""first_x"": 327.5, ""sample_4_time"": 2484, ""sample_3_y"": 232, ""first_y"": 354, ""sample_1_y"": 311, ""sample_3_time"": 1867, ""count"": 149}",Q2 (90-180<U+00B0>),Q2 (90-180<U+00B0>),TRUE,TRUE,Correct,135,0.3515034000000128,0.3515034000000128,0.3515034000000128,0.3515034000000128,TRUE
166237,19,righth,1,yes,0,"""0-1""",30,135,136.2263279,3231,2434,"{""first_x"": 333.5, ""sample_0_y"": 350, ""sample_2_time"": 984, ""sample_1_time"": 500, ""sample_1_y"": 313, ""count"": 116, ""sample_3_time"": 1467, ""last_y"": 203, ""sample_0_time"": 17, ""sample_3_x"": 242.5, ""sample_2_y"": 292, ""sample_2_x"": 270.5, ""first_time"": 17, ""first_y"": 350, ""sample_4_y"": 203, ""sample_1_x"": 298.5, ""sample_4_time"": 2434, ""sample_0_x"": 333.5, ""sample_4_x"": 174.5, ""last_x"": 174.5, ""last_time"": 2434, ""sample_3_y"": 265}",Q2 (90-180<U+00B0>),Q2 (90-180<U+00B0>),TRUE,TRUE,Correct,135,1.2263279000000011,1.2263279000000011,1.2263279000000011,1.2263279000000011,TRUE
166237,19,righth,1,yes,0,"""0-1""",31,45,42.70938996,2982,1750,"{""sample_0_time"": 16, ""last_x"": 510.5, ""sample_2_y"": 298, ""sample_1_x"": 377.5, ""first_time"": 16, ""last_time"": 1750, ""last_y"": 207, ""sample_0_x"": 353.5, ""sample_4_y"": 207, ""count"": 105, ""sample_1_y"": 335, ""sample_0_y"": 352, ""sample_2_time"": 883, ""sample_3_y"": 260, ""first_y"": 352, ""sample_4_time"": 1750, ""sample_3_x"": 460.5, ""sample_4_x"": 510.5, ""sample_3_time"": 1316, ""sample_1_time"": 450, ""sample_2_x"": 422.5, ""first_x"": 353.5}",Q1 (0-90<U+00B0>),Q1 (0-90<U+00B0>),TRUE,TRUE,Correct,45,2.290610039999997,2.290610039999997,2.290610039999997,2.290610039999997,TRUE
166237,19,righth,1,yes,0,"""0-1""",32,315,309.393834,3164,1667,"{""sample_2_time"": 850, ""first_y"": 379, ""sample_3_y"": 496, ""sample_0_y"": 379, ""sample_1_y"": 422, ""count"": 100, ""sample_2_x"": 411.5, ""sample_4_time"": 1667, ""sample_1_time"": 433, ""sample_2_y"": 457, ""last_y"": 542, ""last_x"": 488.5, ""sample_4_x"": 488.5, ""sample_3_time"": 1267, ""sample_4_y"": 542, ""first_time"": 17, ""first_x"": 345.5, ""sample_3_x"": 443.5, ""sample_1_x"": 380.5, ""sample_0_x"": 345.5, ""last_time"": 1667, ""sample_0_time"": 17}",Q4 (270-360<U+00B0>),Q4 (270-360<U+00B0>),TRUE,TRUE,Correct,315,5.606165999999973,5.606165999999973,5.606165999999973,5.606165999999973,TRUE
166237,19,righth,1,yes,0,"""0-1""",33,45,42.72338502,3298,1967,"{""first_x"": 357.5, ""sample_4_time"": 1966, ""last_time"": 1966, ""sample_2_y"": 300, ""sample_2_x"": 436.5, ""sample_1_time"": 500, ""count"": 118, ""last_x"": 511.5, ""sample_4_y"": 206, ""sample_1_x"": 391.5, ""sample_0_y"": 361, ""first_time"": 17, ""sample_0_x"": 357.5, ""last_y"": 206, ""sample_1_y"": 338, ""sample_0_time"": 17, ""sample_3_time"": 1484, ""first_y"": 361, ""sample_3_x"": 475.5, ""sample_4_x"": 511.5, ""sample_2_time"": 1000, ""sample_3_y"": 253}",Q1 (0-90<U+00B0>),Q1 (0-90<U+00B0>),TRUE,TRUE,Correct,45,2.276614979999998,2.276614979999998,2.276614979999998,2.276614979999998,TRUE
166237,19,righth,1,yes,0,"""0-1""",34,135,133.9455955,3199,2067,"{""sample_1_time"": 533, ""last_time"": 2066, ""sample_0_time"": 16, ""sample_2_y"": 280, ""count"": 124, ""sample_1_y"": 314, ""sample_2_x"": 239.5, ""sample_0_x"": 327.5, ""first_y"": 354, ""last_x"": 181.5, ""sample_2_time"": 1050, ""sample_3_x"": 209.5, ""sample_1_x"": 272.5, ""sample_4_y"": 197, ""first_time"": 16, ""sample_4_x"": 181.5, ""sample_3_y"": 240, ""first_x"": 327.5, ""sample_0_y"": 354, ""sample_3_time"": 1566, ""sample_4_time"": 2066, ""last_y"": 197}",Q2 (90-180<U+00B0>),Q2 (90-180<U+00B0>),TRUE,TRUE,Correct,135,1.054404500000004,1.054404500000004,1.054404500000004,1.054404500000004,TRUE
166237,19,righth,1,yes,0,"""0-1""",35,225,228.8607326,3098,1684,"{""sample_2_y"": 424, ""sample_4_time"": 1684, ""sample_0_y"": 378, ""sample_2_time"": 851, ""sample_4_x"": 189.5, ""last_x"": 189.5, ""sample_0_x"": 333.5, ""sample_3_time"": 1267, ""first_time"": 17, ""sample_3_x"": 222.5, ""sample_3_y"": 479, ""sample_1_y"": 400, ""sample_1_time"": 434, ""last_time"": 1684, ""first_x"": 333.5, ""sample_2_x"": 263.5, ""last_y"": 537, ""count"": 101, ""sample_4_y"": 537, ""first_y"": 378, ""sample_0_time"": 17, ""sample_1_x"": 296.5}",Q3 (180-270<U+00B0>),Q3 (180-270<U+00B0>),TRUE,TRUE,Correct,225,3.8607326000000057,3.8607326000000057,3.8607326000000057,3.8607326000000057,TRUE
166237,19,righth,1,yes,0,"""0-1""",36,45,132.540956,3481,2134,"{""count"": 128, ""last_time"": 2134, ""sample_4_y"": 193, ""sample_2_time"": 1084, ""sample_1_y"": 316, ""sample_1_time"": 551, ""first_time"": 17, ""sample_1_x"": 272.5, ""sample_3_x"": 211.5, ""sample_3_y"": 232, ""sample_4_time"": 2134, ""sample_0_time"": 17, ""sample_0_x"": 322.5, ""first_y"": 351, ""sample_2_x"": 245.5, ""sample_4_x"": 185.5, ""sample_3_time"": 1617, ""last_x"": 185.5, ""first_x"": 322.5, ""sample_0_y"": 351, ""sample_2_y"": 283, ""last_y"": 193}",Q1 (0-90<U+00B0>),Q2 (90-180<U+00B0>),FALSE,TRUE,Formant,135,2.459044000000006,2.459044000000006,87.540956,87.540956,FALSE
166237,19,righth,1,yes,0,"""0-1""",37,45,133.0614982,3349,1683,"{""sample_4_x"": 184.5, ""sample_0_y"": 360, ""sample_1_x"": 277.5, ""sample_3_x"": 204.5, ""sample_4_time"": 1683, ""sample_3_y"": 244, ""sample_4_y"": 195, ""sample_0_x"": 326.5, ""sample_2_x"": 245.5, ""first_x"": 326.5, ""last_time"": 1683, ""last_y"": 195, ""sample_0_time"": 16, ""count"": 101, ""last_x"": 184.5, ""first_time"": 16, ""sample_3_time"": 1267, ""sample_1_y"": 323, ""sample_1_time"": 433, ""sample_2_time"": 850, ""sample_2_y"": 295, ""first_y"": 360}",Q1 (0-90<U+00B0>),Q2 (90-180<U+00B0>),FALSE,TRUE,Formant,135,1.9385018000000116,1.9385018000000116,88.06149819999999,88.06149819999999,FALSE
166237,19,righth,1,yes,0,"""0-1""",38,45,39.74219083,2865,2384,"{""sample_3_y"": 247, ""sample_0_y"": 350, ""sample_3_x"": 484.5, ""sample_4_y"": 215, ""count"": 143, ""sample_1_x"": 405.5, ""sample_2_time"": 1200, ""sample_0_time"": 17, ""sample_4_x"": 519.5, ""sample_1_time"": 600, ""sample_2_x"": 452.5, ""sample_3_time"": 1800, ""last_x"": 519.5, ""first_time"": 17, ""first_x"": 353.5, ""sample_4_time"": 2383, ""sample_0_x"": 353.5, ""last_time"": 2383, ""first_y"": 350, ""last_y"": 215, ""sample_2_y"": 279, ""sample_1_y"": 322}",Q1 (0-90<U+00B0>),Q1 (0-90<U+00B0>),TRUE,TRUE,Correct,45,5.257809170000002,5.257809170000002,5.257809170000002,5.257809170000002,TRUE
166237,19,righth,1,yes,0,"""0-1""",39,225,225.876014,2965,1867,"{""sample_2_y"": 454, ""sample_1_x"": 299.5, ""first_y"": 378, ""count"": 112, ""last_time"": 1866, ""sample_1_y"": 407, ""sample_4_time"": 1866, ""sample_2_x"": 250.5, ""sample_4_y"": 529, ""sample_3_x"": 214.5, ""sample_0_time"": 16, ""sample_0_x"": 335.5, ""sample_1_time"": 482, ""last_y"": 529, ""sample_4_x"": 180.5, ""sample_0_y"": 378, ""first_x"": 335.5, ""sample_3_time"": 1416, ""sample_2_time"": 950, ""first_time"": 16, ""sample_3_y"": 485, ""last_x"": 180.5}",Q3 (180-270<U+00B0>),Q3 (180-270<U+00B0>),TRUE,TRUE,Correct,225,0.87601399999999785,0.87601399999999785,0.87601399999999785,0.87601399999999785,TRUE
166237,19,righth,1,yes,0,"""0-1""",40,315,313.602819,2914,1884,"{""sample_4_time"": 1883, ""sample_3_y"": 493, ""sample_1_time"": 483, ""sample_2_y"": 458, ""sample_3_x"": 455.5, ""sample_0_time"": 17, ""sample_1_y"": 423, ""sample_0_y"": 378, ""last_y"": 531, ""sample_4_y"": 531, ""first_y"": 378, ""sample_3_time"": 1417, ""last_time"": 1883, ""sample_2_x"": 413.5, ""sample_2_time"": 950, ""sample_4_x"": 501.5, ""count"": 113, ""sample_1_x"": 381.5, ""sample_0_x"": 350.5, ""last_x"": 501.5, ""first_time"": 17, ""first_x"": 350.5}",Q4 (270-360<U+00B0>),Q4 (270-360<U+00B0>),TRUE,TRUE,Correct,315,1.3971809999999891,1.3971809999999891,1.3971809999999891,1.3971809999999891,TRUE
166237,19,righth,1,yes,0,"""0-1""",41,45,42.72338502,3665,2034,"{""sample_4_y"": 206, ""sample_4_x"": 511.5, ""first_x"": 359.5, ""sample_1_y"": 322, ""sample_3_x"": 468.5, ""sample_2_x"": 426.5, ""last_time"": 2034, ""sample_1_x"": 388.5, ""sample_0_y"": 359, ""first_time"": 17, ""sample_3_y"": 249, ""sample_0_time"": 17, ""last_x"": 511.5, ""sample_2_time"": 1034, ""sample_4_time"": 2034, ""last_y"": 206, ""sample_2_y"": 283, ""sample_0_x"": 359.5, ""first_y"": 359, ""sample_3_time"": 1534, ""sample_1_time"": 517, ""count"": 122}",Q1 (0-90<U+00B0>),Q1 (0-90<U+00B0>),TRUE,TRUE,Correct,45,2.276614979999998,2.276614979999998,2.276614979999998,2.276614979999998,TRUE
166237,19,righth,1,yes,0,"""0-1""",42,315,229.3987054,2865,1783,"{""sample_2_time"": 899, ""sample_4_y"": 538, ""sample_0_y"": 373, ""last_time"": 1783, ""sample_3_y"": 498, ""sample_1_x"": 294.5, ""first_x"": 327.5, ""sample_3_time"": 1349, ""first_time"": 16, ""sample_3_x"": 229.5, ""sample_1_time"": 450, ""first_y"": 373, ""sample_2_x"": 264.5, ""sample_4_time"": 1783, ""sample_4_x"": 191.5, ""sample_1_y"": 410, ""count"": 107, ""last_x"": 191.5, ""sample_2_y"": 450, ""sample_0_time"": 16, ""sample_0_x"": 327.5, ""last_y"": 538}",Q4 (270-360<U+00B0>),Q3 (180-270<U+00B0>),FALSE,TRUE,Formant,225,4.398705400000011,4.398705400000011,85.60129459999999,85.60129459999999,FALSE
166237,19,righth,1,yes,0,"""0-1""",43,45,43.06149823,3081,1601,"{""sample_3_y"": 253, ""sample_1_time"": 417, ""sample_2_time"": 817, ""first_x"": 353.5, ""sample_2_y"": 275, ""first_time"": 17, ""sample_1_y"": 308, ""last_x"": 509.5, ""sample_0_x"": 353.5, ""count"": 96, ""last_time"": 1600, ""sample_0_y"": 354, ""sample_1_x"": 416.5, ""last_y"": 206, ""sample_2_x"": 453.5, ""first_y"": 354, ""sample_4_y"": 206, ""sample_3_x"": 471.5, ""sample_0_time"": 17, ""sample_3_time"": 1217, ""sample_4_x"": 509.5, ""sample_4_time"": 1600}",Q1 (0-90<U+00B0>),Q1 (0-90<U+00B0>),TRUE,TRUE,Correct,45,1.938501770000002,1.938501770000002,1.938501770000002,1.938501770000002,TRUE
166237,19,righth,1,yes,0,"""0-1""",44,135,137.1080953,3131,1984,"{""sample_2_y"": 307, ""sample_3_y"": 257, ""sample_3_x"": 194.5, ""first_x"": 328.5, ""sample_1_y"": 334, ""sample_0_time"": 17, ""first_y"": 357, ""first_time"": 17, ""count"": 119, ""sample_0_y"": 357, ""sample_4_x"": 172.5, ""sample_4_y"": 206, ""sample_3_time"": 1500, ""sample_1_x"": 285.5, ""sample_2_time"": 1000, ""last_x"": 172.5, ""sample_2_x"": 248.5, ""last_y"": 206, ""sample_0_x"": 328.5, ""sample_4_time"": 1984, ""sample_1_time"": 500, ""last_time"": 1984}",Q2 (90-180<U+00B0>),Q2 (90-180<U+00B0>),TRUE,TRUE,Correct,135,2.1080953000000022,2.1080953000000022,2.1080953000000022,2.1080953000000022,TRUE
166237,19,righth,1,yes,0,"""0-1""",45,135,130.6012946,2682,1967,"{""sample_3_x"": 204.5, ""sample_4_y"": 188, ""count"": 116, ""sample_4_x"": 191.5, ""sample_2_y"": 249, ""first_time"": 17, ""sample_1_y"": 316, ""sample_0_x"": 324.5, ""first_y"": 353, ""last_x"": 191.5, ""sample_2_time"": 983, ""sample_0_y"": 353, ""sample_0_time"": 17, ""last_time"": 1967, ""sample_3_y"": 213, ""sample_3_time"": 1466, ""sample_4_time"": 1967, ""sample_1_x"": 274.5, ""first_x"": 324.5, ""last_y"": 188, ""sample_1_time"": 500, ""sample_2_x"": 226.5}",Q2 (90-180<U+00B0>),Q2 (90-180<U+00B0>),TRUE,TRUE,Correct,135,4.398705400000011,4.398705400000011,4.398705400000011,4.398705400000011,TRUE
166237,19,righth,1,yes,0,"""0-1""",46,45,41.32550048,2607,1800,"{""sample_4_x"": 515.5, ""last_x"": 515.5, ""sample_2_y"": 321, ""first_y"": 370, ""sample_4_time"": 1800, ""sample_3_time"": 1367, ""sample_2_time"": 917, ""sample_3_y"": 262, ""last_y"": 210, ""sample_4_y"": 210, ""count"": 108, ""sample_0_x"": 356.5, ""first_x"": 356.5, ""sample_2_x"": 438.5, ""sample_1_time"": 467, ""sample_1_x"": 403.5, ""sample_0_time"": 16, ""sample_1_y"": 348, ""first_time"": 16, ""sample_0_y"": 370, ""sample_3_x"": 482.5, ""last_time"": 1800}",Q1 (0-90<U+00B0>),Q1 (0-90<U+00B0>),TRUE,TRUE,Correct,45,3.6744995199999977,3.6744995199999977,3.6744995199999977,3.6744995199999977,TRUE
166237,19,righth,1,yes,0,"""0-1""",47,225,226.397181,2648,1567,"{""sample_2_y"": 439, ""sample_4_x"": 181.5, ""sample_3_y"": 484, ""last_y"": 531, ""sample_3_x"": 200.5, ""sample_1_y"": 396, ""first_x"": 324.5, ""last_time"": 1566, ""sample_0_x"": 324.5, ""first_y"": 369, ""sample_4_y"": 531, ""sample_0_time"": 17, ""last_x"": 181.5, ""sample_4_time"": 1566, ""sample_0_y"": 369, ""sample_1_time"": 400, ""sample_2_x"": 223.5, ""sample_2_time"": 800, ""count"": 94, ""sample_3_time"": 1183, ""sample_1_x"": 274.5, ""first_time"": 17}",Q3 (180-270<U+00B0>),Q3 (180-270<U+00B0>),TRUE,TRUE,Correct,225,1.3971809999999891,1.3971809999999891,1.3971809999999891,1.3971809999999891,TRUE
166237,19,righth,1,yes,0,"""0-1""",48,315,315,2615,1700,"{""sample_1_y"": 387, ""sample_0_time"": 17, ""last_y"": 526, ""sample_2_x"": 434.5, ""count"": 102, ""last_time"": 1700, ""sample_1_x"": 396.5, ""first_y"": 368, ""sample_0_x"": 357.5, ""sample_4_time"": 1700, ""sample_2_y"": 419, ""sample_3_x"": 473.5, ""sample_1_time"": 433, ""sample_3_y"": 475, ""sample_4_y"": 526, ""sample_3_time"": 1283, ""first_time"": 17, ""sample_2_time"": 867, ""first_x"": 357.5, ""sample_4_x"": 504.5, ""sample_0_y"": 368, ""last_x"": 504.5}",Q4 (270-360<U+00B0>),Q4 (270-360<U+00B0>),TRUE,TRUE,Correct,315,0,0,0,0,TRUE
166237,19,righth,1,yes,0,"""0-1""",49,315,312.8919047,2498,1667,"{""sample_4_time"": 1667, ""first_time"": 17, ""sample_0_y"": 371, ""last_x"": 498.5, ""count"": 100, ""sample_1_time"": 434, ""sample_0_time"": 17, ""sample_1_x"": 400.5, ""sample_2_time"": 850, ""sample_1_y"": 399, ""sample_3_y"": 485, ""sample_2_y"": 452, ""last_time"": 1667, ""last_y"": 532, ""sample_3_x"": 472.5, ""sample_4_y"": 532, ""sample_4_x"": 498.5, ""sample_0_x"": 356.5, ""sample_2_x"": 443.5, ""sample_3_time"": 1267, ""first_y"": 371, ""first_x"": 356.5}",Q4 (270-360<U+00B0>),Q4 (270-360<U+00B0>),TRUE,TRUE,Correct,315,2.1080953000000022,2.1080953000000022,2.1080953000000022,2.1080953000000022,TRUE
166237,19,righth,1,yes,0,"""0-1""",50,315,317.6425453,2499,1466,"{""last_x"": 511.5, ""sample_0_y"": 372, ""sample_4_y"": 518, ""sample_1_x"": 408.5, ""last_y"": 518, ""sample_0_x"": 359.5, ""count"": 88, ""sample_3_time"": 1116, ""sample_3_y"": 475, ""first_x"": 359.5, ""first_y"": 372, ""sample_1_y"": 392, ""sample_2_y"": 445, ""last_time"": 1466, ""sample_3_x"": 490.5, ""sample_2_time"": 750, ""sample_1_time"": 383, ""sample_2_x"": 467.5, ""sample_4_x"": 511.5, ""first_time"": 16, ""sample_4_time"": 1466, ""sample_0_time"": 16}",Q4 (270-360<U+00B0>),Q4 (270-360<U+00B0>),TRUE,TRUE,Correct,315,2.6425452999999948,2.6425452999999948,2.6425452999999948,2.6425452999999948,TRUE
166237,19,righth,1,yes,0,"""0-1""",51,45,42.89190469,2615,1667,"{""sample_0_x"": 359.5, ""sample_2_y"": 306, ""first_time"": 17, ""sample_2_time"": 850, ""sample_1_y"": 337, ""sample_3_time"": 1267, ""count"": 100, ""sample_4_y"": 206, ""sample_2_x"": 439.5, ""last_x"": 510.5, ""first_y"": 357, ""sample_4_time"": 1667, ""sample_0_y"": 357, ""first_x"": 359.5, ""last_time"": 1667, ""sample_1_time"": 433, ""sample_0_time"": 17, ""last_y"": 206, ""sample_3_x"": 474.5, ""sample_3_y"": 262, ""sample_4_x"": 510.5, ""sample_1_x"": 405.5}",Q1 (0-90<U+00B0>),Q1 (0-90<U+00B0>),TRUE,TRUE,Correct,45,2.108095310000003,2.108095310000003,2.108095310000003,2.108095310000003,TRUE
166237,19,righth,1,yes,0,"""0-1""",52,315,311.8778695,2681,1767,"{""sample_2_time"": 900, ""count"": 106, ""last_time"": 1767, ""sample_4_time"": 1767, ""sample_4_x"": 497.5, ""sample_2_x"": 439.5, ""sample_0_x"": 360.5, ""first_x"": 360.5, ""first_y"": 360, ""sample_3_x"": 473.5, ""sample_1_y"": 382, ""last_y"": 537, ""sample_2_y"": 420, ""sample_4_y"": 537, ""sample_1_x"": 408.5, ""sample_0_y"": 360, ""sample_3_time"": 1334, ""sample_0_time"": 17, ""first_time"": 17, ""sample_3_y"": 484, ""sample_1_time"": 450, ""last_x"": 497.5}",Q4 (270-360<U+00B0>),Q4 (270-360<U+00B0>),TRUE,TRUE,Correct,315,3.1221305000000257,3.1221305000000257,3.1221305000000257,3.1221305000000257,TRUE
166237,19,righth,1,yes,0,"""0-1""",53,225,231.0360365,2648,1617,"{""last_y"": 546, ""sample_3_y"": 480, ""last_time"": 1616, ""sample_1_y"": 395, ""first_x"": 322.5, ""sample_2_time"": 816, ""sample_2_y"": 441, ""last_x"": 193.5, ""sample_4_x"": 193.5, ""sample_3_x"": 222.5, ""sample_1_x"": 281.5, ""sample_3_time"": 1216, ""sample_0_x"": 322.5, ""sample_0_time"": 16, ""first_y"": 368, ""sample_2_x"": 241.5, ""sample_4_y"": 546, ""sample_4_time"": 1616, ""sample_1_time"": 416, ""count"": 97, ""sample_0_y"": 368, ""first_time"": 16}",Q3 (180-270<U+00B0>),Q3 (180-270<U+00B0>),TRUE,TRUE,Correct,225,6.0360364999999945,6.0360364999999945,6.0360364999999945,6.0360364999999945,TRUE
166237,19,righth,1,yes,0,"""0-1""",54,315,318.6744995,2848,1583,"{""last_x"": 515.5, ""sample_4_y"": 516, ""sample_2_x"": 446.5, ""last_time"": 1583, ""first_x"": 362.5, ""sample_0_x"": 362.5, ""sample_1_x"": 413.5, ""sample_3_y"": 453, ""first_time"": 16, ""first_y"": 365, ""sample_2_y"": 412, ""sample_3_x"": 481.5, ""sample_0_time"": 16, ""sample_3_time"": 1199, ""sample_4_x"": 515.5, ""last_y"": 516, ""sample_0_y"": 365, ""sample_2_time"": 800, ""count"": 95, ""sample_1_time"": 399, ""sample_1_y"": 382, ""sample_4_time"": 1583}",Q4 (270-360<U+00B0>),Q4 (270-360<U+00B0>),TRUE,TRUE,Correct,315,3.6744995000000245,3.6744995000000245,3.6744995000000245,3.6744995000000245,TRUE
166237,19,righth,1,yes,0,"""0-1""",55,135,136.7569883,2864,1884,"{""sample_4_y"": 205, ""sample_1_y"": 320, ""first_y"": 347, ""sample_0_x"": 333.5, ""sample_0_time"": 17, ""sample_4_time"": 1883, ""sample_2_y"": 289, ""sample_2_x"": 252.5, ""first_time"": 17, ""sample_0_y"": 347, ""sample_3_y"": 246, ""sample_4_x"": 173.5, ""count"": 113, ""first_x"": 333.5, ""last_x"": 173.5, ""sample_3_x"": 214.5, ""sample_1_time"": 483, ""last_time"": 1883, ""sample_3_time"": 1417, ""sample_1_x"": 291.5, ""sample_2_time"": 950, ""last_y"": 205}",Q2 (90-180<U+00B0>),Q2 (90-180<U+00B0>),TRUE,TRUE,Correct,135,1.756988299999989,1.756988299999989,1.756988299999989,1.756988299999989,TRUE
166237,19,righth,1,yes,0,"""0-1""",56,135,140.4486514,2831,1384,"{""count"": 83, ""sample_2_x"": 258.5, ""sample_0_time"": 17, ""sample_4_y"": 216, ""sample_3_y"": 272, ""sample_2_y"": 306, ""last_x"": 163.5, ""first_time"": 17, ""sample_1_y"": 337, ""sample_1_time"": 350, ""sample_0_y"": 355, ""sample_0_x"": 326.5, ""sample_2_time"": 700, ""last_y"": 216, ""sample_3_time"": 1050, ""sample_4_x"": 163.5, ""last_time"": 1384, ""sample_3_x"": 214.5, ""sample_4_time"": 1384, ""first_y"": 355, ""sample_1_x"": 300.5, ""first_x"": 326.5}",Q2 (90-180<U+00B0>),Q2 (90-180<U+00B0>),TRUE,TRUE,Correct,135,5.448651399999989,5.448651399999989,5.448651399999989,5.448651399999989,TRUE
166237,19,righth,1,yes,0,"""0-1""",57,225,130.6545683,3232,1233,"{""sample_1_y"": 334, ""first_time"": 16, ""last_y"": 186, ""sample_2_y"": 318, ""last_time"": 1233, ""count"": 74, ""sample_2_time"": 632, ""first_x"": 329.5, ""sample_3_y"": 288, ""sample_4_time"": 1233, ""last_x"": 189.5, ""sample_1_time"": 316, ""first_y"": 353, ""sample_0_time"": 16, ""sample_3_x"": 256.5, ""sample_4_y"": 186, ""sample_2_x"": 286.5, ""sample_4_x"": 189.5, ""sample_1_x"": 304.5, ""sample_0_x"": 329.5, ""sample_0_y"": 353, ""sample_3_time"": 933}",Q3 (180-270<U+00B0>),Q2 (90-180<U+00B0>),TRUE,FALSE,Frequency,135,4.345431700000006,4.345431700000006,94.3454317,94.3454317,FALSE
166237,19,righth,1,yes,0,"""0-1""",58,225,315,3114,8001,"{""last_x"": 363.5, ""sample_2_x"": 417.5, ""last_time"": 7859, ""sample_0_x"": 324.5, ""sample_1_time"": 1634, ""sample_4_y"": 385, ""sample_2_time"": 3684, ""sample_4_x"": 363.5, ""first_y"": 358, ""sample_3_y"": 337, ""count"": 389, ""first_time"": 17, ""first_x"": 324.5, ""sample_2_y"": 331, ""sample_3_x"": 393.5, ""sample_0_time"": 17, ""sample_3_time"": 5334, ""sample_4_time"": 7859, ""sample_0_y"": 358, ""last_y"": 385, ""sample_1_x"": 200.5, ""sample_1_y"": 236}",Q3 (180-270<U+00B0>),Q4 (270-360<U+00B0>),FALSE,TRUE,Formant,315,0,0,90,90,FALSE
166237,19,righth,1,yes,0,"""0-1""",59,315,308.5050597,4782,2500,"{""sample_4_y"": 544, ""sample_3_y"": 494, ""sample_3_time"": 1884, ""sample_4_time"": 2500, ""sample_0_x"": 354.5, ""sample_0_time"": 17, ""first_y"": 372, ""first_time"": 17, ""sample_0_y"": 372, ""last_y"": 544, ""sample_3_x"": 454.5, ""sample_1_time"": 633, ""sample_2_x"": 420.5, ""sample_1_x"": 386.5, ""sample_4_x"": 485.5, ""sample_1_y"": 395, ""count"": 150, ""first_x"": 354.5, ""last_time"": 2500, ""sample_2_y"": 437, ""sample_2_time"": 1267, ""last_x"": 485.5}",Q4 (270-360<U+00B0>),Q4 (270-360<U+00B0>),TRUE,TRUE,Correct,315,6.494940299999996,6.494940299999996,6.494940299999996,6.494940299999996,TRUE
166237,19,righth,1,yes,0,"""0-1""",60,135,131.3029507,3931,2467,"{""sample_3_y"": 243, ""sample_4_y"": 190, ""sample_4_x"": 189.5, ""last_time"": 2466, ""sample_2_x"": 256.5, ""sample_2_time"": 1250, ""sample_3_x"": 214.5, ""sample_1_time"": 634, ""sample_1_y"": 335, ""sample_1_x"": 286.5, ""last_y"": 190, ""sample_2_y"": 308, ""sample_4_time"": 2466, ""sample_3_time"": 1867, ""last_x"": 189.5, ""first_time"": 17, ""first_y"": 356, ""count"": 148, ""sample_0_time"": 17, ""first_x"": 326.5, ""sample_0_y"": 356, ""sample_0_x"": 326.5}",Q2 (90-180<U+00B0>),Q2 (90-180<U+00B0>),TRUE,TRUE,Correct,135,3.6970493000000033,3.6970493000000033,3.6970493000000033,3.6970493000000033,TRUE
166237,19,righth,1,yes,0,"""0-1""",61,45,45.34936018,2748,1834,"{""sample_3_x"": 455.5, ""count"": 110, ""sample_0_time"": 17, ""last_y"": 198, ""last_time"": 1834, ""sample_1_y"": 340, ""sample_1_x"": 385.5, ""sample_3_y"": 269, ""sample_0_y"": 356, ""sample_3_time"": 1384, ""sample_0_x"": 356.5, ""sample_1_time"": 467, ""sample_4_x"": 504.5, ""sample_2_y"": 316, ""sample_2_x"": 412.5, ""sample_2_time"": 934, ""first_y"": 356, ""first_time"": 17, ""sample_4_y"": 198, ""last_x"": 504.5, ""sample_4_time"": 1834, ""first_x"": 356.5}",Q1 (0-90<U+00B0>),Q1 (0-90<U+00B0>),TRUE,TRUE,Correct,45,0.3493601799999979,0.3493601799999979,0.3493601799999979,0.3493601799999979,TRUE
166237,19,righth,1,yes,0,"""0-1""",62,225,229.2104984,2665,1467,"{""sample_2_time"": 750, ""last_y"": 538, ""sample_2_y"": 434, ""sample_0_y"": 373, ""sample_1_y"": 394, ""sample_2_x"": 247.5, ""first_x"": 328.5, ""count"": 88, ""sample_1_time"": 384, ""sample_0_time"": 17, ""sample_3_x"": 211.5, ""last_x"": 190.5, ""last_time"": 1467, ""first_y"": 373, ""sample_4_time"": 1467, ""sample_4_y"": 538, ""first_time"": 17, ""sample_1_x"": 292.5, ""sample_4_x"": 190.5, ""sample_0_x"": 328.5, ""sample_3_y"": 489, ""sample_3_time"": 1117}",Q3 (180-270<U+00B0>),Q3 (180-270<U+00B0>),TRUE,TRUE,Correct,225,4.210498400000006,4.210498400000006,4.210498400000006,4.210498400000006,TRUE
166237,19,righth,1,yes,0,"""0-1""",63,45,46.0544045,3299,1950,"{""last_y"": 197, ""sample_4_time"": 1950, ""sample_4_x"": 501.5, ""sample_1_x"": 387.5, ""sample_4_y"": 197, ""last_time"": 1950, ""first_time"": 16, ""first_y"": 355, ""sample_2_time"": 983, ""sample_2_x"": 426.5, ""sample_1_y"": 327, ""sample_1_time"": 500, ""sample_0_y"": 355, ""sample_0_time"": 16, ""sample_3_x"": 465.5, ""sample_0_x"": 356.5, ""count"": 117, ""sample_3_y"": 242, ""first_x"": 356.5, ""sample_3_time"": 1466, ""last_x"": 501.5, ""sample_2_y"": 291}",Q1 (0-90<U+00B0>),Q1 (0-90<U+00B0>),TRUE,TRUE,Correct,45,1.0544044999999969,1.0544044999999969,1.0544044999999969,1.0544044999999969,TRUE
166237,19,righth,1,yes,0,"""0-1""",64,315,314.2970196,2781,1784,"{""sample_0_y"": 372, ""sample_4_y"": 528, ""sample_4_time"": 1783, ""sample_3_time"": 1350, ""sample_1_time"": 450, ""sample_0_time"": 17, ""sample_1_x"": 399.5, ""sample_4_x"": 502.5, ""last_time"": 1783, ""count"": 107, ""last_x"": 502.5, ""sample_3_y"": 488, ""sample_1_y"": 396, ""sample_2_time"": 900, ""first_y"": 372, ""first_x"": 356.5, ""sample_3_x"": 472.5, ""last_y"": 528, ""first_time"": 17, ""sample_2_y"": 439, ""sample_2_x"": 433.5, ""sample_0_x"": 356.5}",Q4 (270-360<U+00B0>),Q4 (270-360<U+00B0>),TRUE,TRUE,Correct,315,0.7029804000000013,0.7029804000000013,0.7029804000000013,0.7029804000000013,TRUE
166237,19,righth,1,yes,0,"""0-1""",65,225,233.478552,2831,1717,"{""last_y"": 548, ""sample_2_time"": 867, ""last_x"": 204.5, ""sample_0_x"": 328.5, ""sample_1_time"": 433, ""sample_1_y"": 387, ""sample_3_x"": 219.5, ""sample_3_time"": 1300, ""sample_2_y"": 416, ""first_y"": 371, ""sample_2_x"": 245.5, ""sample_4_y"": 548, ""sample_1_x"": 293.5, ""sample_4_x"": 204.5, ""sample_4_time"": 1717, ""last_time"": 1717, ""sample_0_time"": 17, ""first_x"": 328.5, ""sample_3_y"": 471, ""count"": 103, ""sample_0_y"": 371, ""first_time"": 17}",Q3 (180-270<U+00B0>),Q3 (180-270<U+00B0>),TRUE,TRUE,Correct,225,8.478552000000008,8.478552000000008,8.478552000000008,8.478552000000008,TRUE
166237,19,righth,1,yes,0,"""0-1""",66,315,307.068668,2864,1884,"{""count"": 113, ""sample_0_y"": 373, ""first_y"": 373, ""sample_1_y"": 388, ""first_x"": 353.5, ""sample_3_time"": 1417, ""sample_4_x"": 480.5, ""sample_2_y"": 421, ""last_y"": 547, ""sample_1_x"": 380.5, ""last_x"": 480.5, ""sample_4_time"": 1884, ""sample_0_time"": 17, ""sample_3_x"": 448.5, ""sample_4_y"": 547, ""sample_0_x"": 353.5, ""first_time"": 17, ""sample_1_time"": 484, ""sample_2_time"": 950, ""sample_2_x"": 409.5, ""last_time"": 1884, ""sample_3_y"": 481}",Q4 (270-360<U+00B0>),Q4 (270-360<U+00B0>),TRUE,TRUE,Correct,315,7.931331999999998,7.931331999999998,7.931331999999998,7.931331999999998,TRUE
166237,19,righth,1,yes,0,"""0-1""",67,135,139.0480294,3965,2000,"{""sample_1_x"": 270.5, ""sample_2_y"": 311, ""sample_1_time"": 517, ""sample_4_y"": 212, ""last_x"": 167.5, ""sample_0_y"": 366, ""sample_4_time"": 2000, ""last_y"": 212, ""sample_3_x"": 192.5, ""first_time"": 17, ""first_x"": 326.5, ""sample_0_x"": 326.5, ""sample_3_y"": 265, ""sample_2_x"": 228.5, ""first_y"": 366, ""count"": 120, ""sample_0_time"": 17, ""sample_4_x"": 167.5, ""sample_2_time"": 1017, ""sample_3_time"": 1517, ""last_time"": 2000, ""sample_1_y"": 342}",Q2 (90-180<U+00B0>),Q2 (90-180<U+00B0>),TRUE,TRUE,Correct,135,4.04802939999999,4.04802939999999,4.04802939999999,4.04802939999999,TRUE
166237,19,righth,1,yes,0,"""0-1""",68,45,43.24301169,3015,1733,"{""sample_2_x"": 445.5, ""last_time"": 1733, ""sample_2_time"": 883, ""sample_4_time"": 1733, ""sample_1_x"": 396.5, ""sample_4_x"": 509.5, ""first_y"": 358, ""last_y"": 205, ""last_x"": 509.5, ""sample_3_x"": 477.5, ""first_time"": 16, ""sample_3_y"": 260, ""sample_4_y"": 205, ""sample_3_time"": 1316, ""count"": 104, ""sample_0_y"": 358, ""first_x"": 357.5, ""sample_0_time"": 16, ""sample_2_y"": 305, ""sample_1_time"": 450, ""sample_0_x"": 357.5, ""sample_1_y"": 348}",Q1 (0-90<U+00B0>),Q1 (0-90<U+00B0>),TRUE,TRUE,Correct,45,1.756988309999997,1.756988309999997,1.756988309999997,1.756988309999997,TRUE
166237,19,righth,1,yes,0,"""0-1""",69,135,135.7029804,2798,2117,"{""sample_0_x"": 319.5, ""sample_2_time"": 1066, ""first_x"": 319.5, ""sample_3_y"": 264, ""sample_4_x"": 176.5, ""sample_2_y"": 308, ""sample_4_time"": 2116, ""first_time"": 17, ""last_x"": 176.5, ""sample_3_x"": 184.5, ""sample_1_time"": 533, ""last_time"": 2116, ""sample_4_y"": 202, ""sample_0_time"": 17, ""sample_0_y"": 365, ""count"": 127, ""last_y"": 202, ""sample_2_x"": 204.5, ""sample_1_y"": 344, ""first_y"": 365, ""sample_3_time"": 1600, ""sample_1_x"": 253.5}",Q2 (90-180<U+00B0>),Q2 (90-180<U+00B0>),TRUE,TRUE,Correct,135,0.7029804000000013,0.7029804000000013,0.7029804000000013,0.7029804000000013,TRUE
166237,19,righth,1,yes,0,"""0-1""",70,225,133.602819,4598,1300,"{""first_time"": 16, ""sample_3_y"": 258, ""first_x"": 330.5, ""last_time"": 1300, ""sample_3_time"": 1083, ""sample_1_y"": 304, ""sample_4_x"": 181.5, ""count"": 53, ""first_y"": 353, ""sample_0_y"": 353, ""sample_2_x"": 235.5, ""sample_1_time"": 650, ""sample_2_y"": 283, ""sample_4_y"": 195, ""last_y"": 195, ""last_x"": 181.5, ""sample_1_x"": 253.5, ""sample_2_time"": 867, ""sample_4_time"": 1300, ""sample_3_x"": 215.5, ""sample_0_time"": 16, ""sample_0_x"": 330.5}",Q3 (180-270<U+00B0>),Q2 (90-180<U+00B0>),TRUE,FALSE,Frequency,135,1.3971809999999891,1.3971809999999891,91.39718099999999,91.39718099999999,FALSE
166237,19,righth,1,yes,0,"""0-1""",71,315,46.04797665,4466,1450,"{""first_time"": 17, ""last_x"": 502.5, ""sample_0_x"": 357.5, ""count"": 87, ""sample_2_x"": 428.5, ""sample_4_time"": 1450, ""last_y"": 196, ""sample_3_x"": 462.5, ""sample_1_time"": 367, ""sample_0_time"": 17, ""sample_4_y"": 196, ""sample_3_y"": 267, ""sample_2_time"": 733, ""sample_0_y"": 361, ""sample_3_time"": 1100, ""sample_2_y"": 311, ""last_time"": 1450, ""sample_1_y"": 336, ""first_x"": 357.5, ""first_y"": 361, ""sample_4_x"": 502.5, ""sample_1_x"": 398.5}",Q4 (270-360<U+00B0>),Q1 (0-90<U+00B0>),TRUE,FALSE,Frequency,45,1.0479766500000025,1.0479766500000025,268.95202335,91.04797665000001,FALSE
166237,19,righth,1,yes,0,"""0-1""",72,135,133.7736721,2899,1750,"{""sample_1_y"": 346, ""sample_2_x"": 233.5, ""count"": 103, ""last_x"": 181.5, ""first_x"": 324.5, ""sample_0_y"": 363, ""first_y"": 363, ""last_time"": 1750, ""sample_0_time"": 17, ""sample_1_x"": 274.5, ""sample_4_time"": 1750, ""sample_0_x"": 324.5, ""sample_2_time"": 867, ""sample_2_y"": 318, ""sample_4_y"": 196, ""sample_3_time"": 1333, ""sample_3_y"": 288, ""sample_3_x"": 204.5, ""last_y"": 196, ""first_time"": 17, ""sample_1_time"": 433, ""sample_4_x"": 181.5}",Q2 (90-180<U+00B0>),Q2 (90-180<U+00B0>),TRUE,TRUE,Correct,135,1.2263279000000011,1.2263279000000011,1.2263279000000011,1.2263279000000011,TRUE
166237,19,righth,1,yes,0,"""0-1""",73,225,232.5368972,2815,1533,"{""first_y"": 366, ""last_time"": 1533, ""sample_1_y"": 382, ""sample_0_x"": 326.5, ""sample_4_x"": 200.5, ""sample_1_x"": 287.5, ""sample_4_time"": 1533, ""last_y"": 547, ""first_time"": 17, ""sample_3_x"": 228.5, ""count"": 92, ""sample_4_y"": 547, ""sample_2_y"": 413, ""sample_2_time"": 783, ""sample_2_x"": 256.5, ""sample_3_time"": 1167, ""sample_1_time"": 400, ""sample_0_y"": 366, ""sample_3_y"": 456, ""first_x"": 326.5, ""last_x"": 200.5, ""sample_0_time"": 17}",Q3 (180-270<U+00B0>),Q3 (180-270<U+00B0>),TRUE,TRUE,Correct,225,7.5368971999999985,7.5368971999999985,7.5368971999999985,7.5368971999999985,TRUE
166237,19,righth,1,yes,0,"""0-1""",74,225,236.2414788,2732,1433,"{""sample_0_time"": 16, ""sample_4_y"": 556, ""sample_4_x"": 212.5, ""sample_1_y"": 387, ""count"": 84, ""sample_2_y"": 427, ""sample_4_time"": 1433, ""sample_0_x"": 327.5, ""sample_0_y"": 365, ""sample_1_x"": 285.5, ""sample_3_y"": 491, ""first_y"": 365, ""first_x"": 327.5, ""sample_2_time"": 750, ""last_y"": 556, ""sample_1_time"": 400, ""sample_3_x"": 224.5, ""first_time"": 16, ""sample_3_time"": 1100, ""sample_2_x"": 251.5, ""last_x"": 212.5, ""last_time"": 1433}",Q3 (180-270<U+00B0>),Q3 (180-270<U+00B0>),TRUE,TRUE,Correct,225,11.24147880000001,11.24147880000001,11.24147880000001,11.24147880000001,TRUE
166237,19,righth,1,yes,0,"""0-1""",75,45,42.00571888,2998,1517,"{""sample_2_y"": 305, ""sample_3_time"": 1150, ""sample_0_y"": 356, ""sample_2_time"": 767, ""first_y"": 356, ""count"": 91, ""last_y"": 209, ""first_x"": 362.5, ""sample_1_time"": 384, ""last_x"": 512.5, ""sample_2_x"": 444.5, ""last_time"": 1517, ""first_time"": 17, ""sample_1_y"": 337, ""sample_4_y"": 209, ""sample_1_x"": 411.5, ""sample_0_time"": 17, ""sample_4_x"": 512.5, ""sample_3_y"": 258, ""sample_3_x"": 478.5, ""sample_4_time"": 1517, ""sample_0_x"": 362.5}",Q1 (0-90<U+00B0>),Q1 (0-90<U+00B0>),TRUE,TRUE,Correct,45,2.9942811199999966,2.9942811199999966,2.9942811199999966,2.9942811199999966,TRUE
166237,19,righth,1,yes,0,"""0-1""",76,225,230.0680181,2764,1250,"{""last_x"": 192.5, ""sample_1_y"": 395, ""sample_0_x"": 319.5, ""first_x"": 319.5, ""last_y"": 541, ""sample_2_time"": 633, ""sample_4_y"": 541, ""sample_3_x"": 217.5, ""sample_4_x"": 192.5, ""count"": 75, ""last_time"": 1250, ""sample_3_time"": 950, ""sample_0_time"": 17, ""sample_3_y"": 492, ""sample_1_x"": 284.5, ""sample_4_time"": 1250, ""sample_1_time"": 317, ""first_time"": 17, ""sample_2_x"": 243.5, ""sample_2_y"": 448, ""first_y"": 371, ""sample_0_y"": 371}",Q3 (180-270<U+00B0>),Q3 (180-270<U+00B0>),TRUE,TRUE,Correct,225,5.068018099999989,5.068018099999989,5.068018099999989,5.068018099999989,TRUE
166237,19,righth,1,yes,0,"""0-1""",77,45,39.70991879,3131,1601,"{""last_y"": 216, ""sample_3_y"": 266, ""first_y"": 356, ""last_time"": 1600, ""sample_3_x"": 494.5, ""last_x"": 518.5, ""sample_1_time"": 417, ""sample_2_y"": 307, ""first_time"": 17, ""sample_2_x"": 460.5, ""first_x"": 362.5, ""sample_4_time"": 1600, ""count"": 96, ""sample_4_y"": 216, ""sample_3_time"": 1217, ""sample_0_x"": 362.5, ""sample_1_y"": 341, ""sample_1_x"": 409.5, ""sample_4_x"": 518.5, ""sample_0_time"": 17, ""sample_2_time"": 817, ""sample_0_y"": 356}",Q1 (0-90<U+00B0>),Q1 (0-90<U+00B0>),TRUE,TRUE,Correct,45,5.290081209999997,5.290081209999997,5.290081209999997,5.290081209999997,TRUE
166237,19,righth,1,yes,0,"""0-1""",78,315,301.5763039,2532,3534,"{""sample_2_y"": 496, ""last_time"": 3534, ""sample_2_time"": 1300, ""sample_0_y"": 360, ""last_y"": 568, ""sample_0_x"": 357.5, ""last_x"": 467.5, ""sample_4_y"": 568, ""sample_3_y"": 531, ""sample_4_time"": 3534, ""sample_1_time"": 650, ""sample_0_time"": 17, ""sample_2_x"": 456.5, ""first_y"": 360, ""sample_1_y"": 413, ""sample_3_x"": 461.5, ""first_x"": 357.5, ""sample_4_x"": 467.5, ""sample_3_time"": 1950, ""sample_1_x"": 426.5, ""count"": 155, ""first_time"": 17}",Q4 (270-360<U+00B0>),Q4 (270-360<U+00B0>),TRUE,TRUE,Correct,315,13.423696099999972,13.423696099999972,13.423696099999972,13.423696099999972,TRUE
166237,19,righth,1,yes,0,"""0-1""",79,225,230.4155251,5131,1751,"{""sample_3_y"": 478, ""sample_0_x"": 324.5, ""sample_4_y"": 542, ""sample_4_x"": 193.5, ""sample_1_x"": 276.5, ""sample_1_time"": 451, ""sample_2_x"": 238.5, ""first_y"": 369, ""sample_0_y"": 369, ""sample_1_y"": 386, ""sample_2_y"": 424, ""last_time"": 1751, ""sample_0_time"": 17, ""sample_3_time"": 1317, ""first_x"": 324.5, ""last_y"": 542, ""count"": 105, ""first_time"": 17, ""sample_4_time"": 1751, ""sample_2_time"": 884, ""last_x"": 193.5, ""sample_3_x"": 211.5}",Q3 (180-270<U+00B0>),Q3 (180-270<U+00B0>),TRUE,TRUE,Correct,225,5.415525099999996,5.415525099999996,5.415525099999996,5.415525099999996,TRUE
166237,19,righth,1,yes,0,"""0-1""",80,45,48.6970493,3065,2083,"{""sample_1_x"": 392.5, ""last_x"": 493.5, ""sample_4_time"": 2083, ""first_x"": 357.5, ""first_time"": 17, ""sample_1_time"": 534, ""sample_0_y"": 357, ""last_y"": 190, ""sample_2_y"": 318, ""first_y"": 357, ""sample_4_x"": 493.5, ""sample_0_x"": 357.5, ""sample_4_y"": 190, ""sample_3_y"": 266, ""sample_3_x"": 462.5, ""last_time"": 2083, ""sample_1_y"": 343, ""sample_2_time"": 1050, ""sample_2_x"": 433.5, ""count"": 125, ""sample_0_time"": 17, ""sample_3_time"": 1567}",Q1 (0-90<U+00B0>),Q1 (0-90<U+00B0>),TRUE,TRUE,Correct,45,3.6970493000000033,3.6970493000000033,3.6970493000000033,3.6970493000000033,TRUE
166237,19,righth,1,yes,0,"""0-1""",81,135,133.7736721,2599,1633,"{""sample_2_y"": 316, ""sample_0_time"": 17, ""first_y"": 370, ""first_x"": 326.5, ""sample_3_time"": 1233, ""sample_0_y"": 370, ""sample_1_time"": 417, ""count"": 98, ""sample_4_time"": 1633, ""sample_4_x"": 181.5, ""sample_3_y"": 266, ""sample_3_x"": 201.5, ""sample_2_time"": 833, ""last_y"": 196, ""sample_4_y"": 196, ""first_time"": 17, ""sample_0_x"": 326.5, ""sample_1_y"": 354, ""last_time"": 1633, ""sample_2_x"": 234.5, ""sample_1_x"": 286.5, ""last_x"": 181.5}",Q2 (90-180<U+00B0>),Q2 (90-180<U+00B0>),TRUE,TRUE,Correct,135,1.2263279000000011,1.2263279000000011,1.2263279000000011,1.2263279000000011,TRUE
166237,19,righth,1,yes,0,"""0-1""",82,315,305.3364391,2748,1684,"{""sample_2_y"": 444, ""sample_3_y"": 488, ""sample_1_x"": 397.5, ""sample_3_time"": 1267, ""count"": 101, ""sample_3_x"": 446.5, ""sample_2_time"": 850, ""last_x"": 475.5, ""sample_4_x"": 475.5, ""sample_1_y"": 408, ""last_time"": 1684, ""sample_4_y"": 552, ""first_y"": 378, ""first_x"": 353.5, ""sample_0_time"": 17, ""first_time"": 17, ""sample_2_x"": 429.5, ""sample_0_y"": 378, ""sample_0_x"": 353.5, ""sample_1_time"": 434, ""sample_4_time"": 1684, ""last_y"": 552}",Q4 (270-360<U+00B0>),Q4 (270-360<U+00B0>),TRUE,TRUE,Correct,315,9.663560899999993,9.663560899999993,9.663560899999993,9.663560899999993,TRUE
166237,19,righth,1,yes,0,"""0-1""",83,135,129.3376221,3132,3051,"{""sample_0_time"": 17, ""sample_0_x"": 327.5, ""sample_1_time"": 767, ""sample_0_y"": 369, ""sample_4_y"": 169, ""sample_2_y"": 281, ""sample_3_time"": 2301, ""sample_1_y"": 337, ""last_time"": 3051, ""sample_2_x"": 209.5, ""first_y"": 369, ""count"": 181, ""last_x"": 182.5, ""sample_4_x"": 182.5, ""last_y"": 169, ""sample_3_x"": 273.5, ""sample_2_time"": 1517, ""sample_1_x"": 247.5, ""sample_4_time"": 3051, ""first_x"": 327.5, ""sample_3_y"": 288, ""first_time"": 17}",Q2 (90-180<U+00B0>),Q2 (90-180<U+00B0>),TRUE,TRUE,Correct,135,5.662377899999996,5.662377899999996,5.662377899999996,5.662377899999996,TRUE
166237,19,righth,1,yes,0,"""0-1""",84,45,315,3998,2050,"{""sample_3_x"": 460.5, ""sample_2_y"": 409, ""sample_3_y"": 453, ""sample_2_time"": 1033, ""first_y"": 373, ""sample_1_time"": 517, ""sample_2_x"": 418.5, ""sample_4_x"": 505.5, ""first_time"": 17, ""sample_4_time"": 2050, ""first_x"": 353.5, ""sample_0_x"": 353.5, ""sample_3_time"": 1550, ""last_x"": 505.5, ""last_time"": 2050, ""sample_4_y"": 527, ""sample_0_y"": 373, ""sample_0_time"": 17, ""sample_1_y"": 385, ""last_y"": 527, ""count"": 123, ""sample_1_x"": 390.5}",Q1 (0-90<U+00B0>),Q4 (270-360<U+00B0>),TRUE,FALSE,Frequency,315,0,0,270,90,FALSE
166237,19,righth,1,yes,0,"""0-1""",85,135,135.3515034,3132,1900,"{""first_time"": 16, ""sample_0_y"": 365, ""sample_3_x"": 186.5, ""sample_3_y"": 247, ""sample_3_time"": 1450, ""last_y"": 201, ""sample_2_time"": 1000, ""sample_1_y"": 348, ""count"": 109, ""sample_2_x"": 215.5, ""last_time"": 1900, ""sample_4_y"": 201, ""sample_4_x"": 177.5, ""sample_0_x"": 326.5, ""sample_0_time"": 16, ""first_y"": 365, ""sample_1_time"": 550, ""last_x"": 177.5, ""sample_2_y"": 322, ""sample_1_x"": 273.5, ""sample_4_time"": 1900, ""first_x"": 326.5}",Q2 (90-180<U+00B0>),Q2 (90-180<U+00B0>),TRUE,TRUE,Correct,135,0.3515034000000128,0.3515034000000128,0.3515034000000128,0.3515034000000128,TRUE
166237,19,righth,1,yes,0,"""0-1""",86,225,225.3430844,2914,1900,"{""first_y"": 360, ""sample_3_time"": 1455, ""sample_0_time"": 17, ""sample_3_y"": 477, ""sample_4_x"": 175.5, ""sample_1_y"": 389, ""sample_0_y"": 360, ""count"": 110, ""last_x"": 175.5, ""sample_2_y"": 458, ""sample_1_time"": 467, ""sample_4_y"": 531, ""sample_1_x"": 261.5, ""first_time"": 17, ""sample_3_x"": 193.5, ""sample_2_time"": 934, ""sample_0_x"": 322.5, ""first_x"": 322.5, ""last_time"": 1900, ""sample_2_x"": 205.5, ""last_y"": 531, ""sample_4_time"": 1900}",Q3 (180-270<U+00B0>),Q3 (180-270<U+00B0>),TRUE,TRUE,Correct,225,0.3430844000000093,0.3430844000000093,0.3430844000000093,0.3430844000000093,TRUE
166237,19,righth,1,yes,0,"""0-1""",87,315,316.0479766,3565,1300,"{""sample_3_x"": 493.5, ""last_time"": 1300, ""count"": 72, ""sample_3_time"": 1016, ""sample_1_x"": 367.5, ""sample_2_time"": 716, ""first_time"": 16, ""sample_0_time"": 16, ""sample_1_time"": 416, ""sample_3_y"": 477, ""sample_4_x"": 508.5, ""sample_2_y"": 410, ""sample_2_x"": 451.5, ""sample_0_x"": 354.5, ""last_y"": 524, ""sample_4_y"": 524, ""first_y"": 370, ""sample_1_y"": 370, ""last_x"": 508.5, ""sample_4_time"": 1300, ""sample_0_y"": 370, ""first_x"": 354.5}",Q4 (270-360<U+00B0>),Q4 (270-360<U+00B0>),TRUE,TRUE,Correct,315,1.0479766000000268,1.0479766000000268,1.0479766000000268,1.0479766000000268,TRUE
166237,19,righth,1,yes,0,"""0-1""",88,315,49.34543175,2715,1750,"{""sample_2_y"": 314, ""count"": 105, ""first_time"": 16, ""first_x"": 363.5, ""sample_2_x"": 421.5, ""last_y"": 186, ""sample_3_time"": 1316, ""first_y"": 361, ""sample_3_x"": 452.5, ""sample_1_time"": 450, ""sample_0_time"": 16, ""last_x"": 493.5, ""sample_2_time"": 883, ""sample_0_x"": 363.5, ""sample_3_y"": 264, ""last_time"": 1750, ""sample_1_y"": 344, ""sample_0_y"": 361, ""sample_1_x"": 394.5, ""sample_4_x"": 493.5, ""sample_4_y"": 186, ""sample_4_time"": 1750}",Q4 (270-360<U+00B0>),Q1 (0-90<U+00B0>),TRUE,FALSE,Frequency,45,4.345431750000003,4.345431750000003,265.65456825,94.34543174999999,FALSE
166237,19,righth,1,yes,0,"""0-1""",89,225,230.099042,3865,1900,"{""sample_3_x"": 209.5, ""sample_2_x"": 233.5, ""sample_2_y"": 450, ""last_time"": 1900, ""sample_3_time"": 1433, ""sample_1_time"": 483, ""sample_2_time"": 966, ""sample_0_x"": 330.5, ""last_x"": 193.5, ""sample_4_y"": 540, ""last_y"": 540, ""sample_1_x"": 269.5, ""sample_3_y"": 488, ""count"": 114, ""sample_0_time"": 16, ""sample_1_y"": 413, ""sample_0_y"": 378, ""sample_4_time"": 1900, ""sample_4_x"": 193.5, ""first_x"": 330.5, ""first_time"": 16, ""first_y"": 378}",Q3 (180-270<U+00B0>),Q3 (180-270<U+00B0>),TRUE,TRUE,Correct,225,5.099041999999997,5.099041999999997,5.099041999999997,5.099041999999997,TRUE
166237,19,righth,1,yes,0,"""0-1""",90,45,52.23415104,2992,1734,"{""sample_4_time"": 1733, ""count"": 104, ""last_time"": 1733, ""first_y"": 362, ""last_x"": 482.5, ""sample_2_time"": 883, ""sample_0_x"": 355.5, ""first_x"": 355.5, ""sample_0_time"": 17, ""sample_0_y"": 362, ""last_y"": 181, ""sample_4_y"": 181, ""sample_2_y"": 305, ""sample_1_x"": 385.5, ""sample_3_time"": 1316, ""sample_2_x"": 415.5, ""sample_1_time"": 450, ""sample_4_x"": 482.5, ""first_time"": 17, ""sample_1_y"": 344, ""sample_3_x"": 443.5, ""sample_3_y"": 262}",Q1 (0-90<U+00B0>),Q1 (0-90<U+00B0>),TRUE,TRUE,Correct,45,7.23415104,7.23415104,7.23415104,7.23415104,TRUE
166237,19,righth,1,yes,0,"""0-1""",91,225,231.3401917,3931,1467,"{""sample_4_time"": 1467, ""sample_0_x"": 326.5, ""count"": 88, ""last_y"": 543, ""sample_1_y"": 388, ""sample_3_x"": 224.5, ""sample_1_time"": 384, ""sample_0_time"": 17, ""sample_1_x"": 289.5, ""last_x"": 197.5, ""sample_2_x"": 244.5, ""first_time"": 17, ""sample_0_y"": 368, ""last_time"": 1467, ""sample_3_y"": 479, ""first_x"": 326.5, ""sample_2_y"": 436, ""sample_4_y"": 543, ""sample_3_time"": 1117, ""sample_2_time"": 751, ""first_y"": 368, ""sample_4_x"": 197.5}",Q3 (180-270<U+00B0>),Q3 (180-270<U+00B0>),TRUE,TRUE,Correct,225,6.340191699999991,6.340191699999991,6.340191699999991,6.340191699999991,TRUE
166237,19,righth,1,yes,0,"""0-1""",92,45,41.85887016,4381,1635,"{""sample_3_y"": 266, ""sample_3_time"": 1234, ""sample_0_y"": 370, ""sample_1_y"": 355, ""sample_4_time"": 1634, ""last_x"": 514.5, ""sample_1_x"": 407.5, ""sample_1_time"": 417, ""sample_4_y"": 208, ""sample_0_x"": 357.5, ""sample_4_x"": 514.5, ""sample_2_y"": 334, ""count"": 98, ""first_time"": 17, ""first_x"": 357.5, ""first_y"": 370, ""sample_2_time"": 834, ""sample_0_time"": 17, ""sample_3_x"": 483.5, ""last_time"": 1634, ""last_y"": 208, ""sample_2_x"": 436.5}",Q1 (0-90<U+00B0>),Q1 (0-90<U+00B0>),TRUE,TRUE,Correct,45,3.141129839999998,3.141129839999998,3.141129839999998,3.141129839999998,TRUE
166237,19,righth,1,yes,0,"""0-1""",93,225,223.2430117,3081,1350,"{""last_y"": 521, ""sample_1_y"": 376, ""sample_2_y"": 412, ""sample_4_y"": 521, ""first_y"": 366, ""sample_2_time"": 684, ""sample_3_x"": 205.5, ""sample_0_time"": 17, ""sample_4_time"": 1350, ""sample_1_time"": 350, ""sample_2_x"": 231.5, ""sample_3_time"": 1017, ""first_x"": 323.5, ""sample_0_x"": 323.5, ""last_time"": 1350, ""first_time"": 17, ""last_x"": 173.5, ""sample_3_y"": 450, ""sample_0_y"": 366, ""count"": 81, ""sample_1_x"": 282.5, ""sample_4_x"": 173.5}",Q3 (180-270<U+00B0>),Q3 (180-270<U+00B0>),TRUE,TRUE,Correct,225,1.756988299999989,1.756988299999989,1.756988299999989,1.756988299999989,TRUE
166237,19,righth,1,yes,0,"""0-1""",94,135,135.5224394,2715,1900,"{""sample_0_x"": 325.5, ""first_y"": 370, ""sample_3_x"": 211.5, ""count"": 114, ""sample_1_time"": 483, ""sample_0_time"": 16, ""first_time"": 16, ""sample_1_y"": 359, ""sample_1_x"": 280.5, ""sample_2_y"": 303, ""sample_2_time"": 966, ""sample_4_x"": 175.5, ""sample_4_time"": 1900, ""last_x"": 175.5, ""sample_0_y"": 370, ""first_x"": 325.5, ""sample_3_time"": 1432, ""sample_3_y"": 281, ""last_time"": 1900, ""sample_2_x"": 222.5, ""sample_4_y"": 200, ""last_y"": 200}",Q2 (90-180<U+00B0>),Q2 (90-180<U+00B0>),TRUE,TRUE,Correct,135,0.5224393999999961,0.5224393999999961,0.5224393999999961,0.5224393999999961,TRUE
166237,19,righth,1,yes,0,"""0-1""",95,225,230.9905947,3581,1350,"{""sample_1_y"": 399, ""count"": 81, ""first_time"": 17, ""last_time"": 1350, ""sample_0_time"": 17, ""sample_2_time"": 683, ""sample_3_y"": 513, ""sample_3_x"": 215.5, ""first_y"": 375, ""sample_0_x"": 331.5, ""sample_3_time"": 1017, ""last_y"": 542, ""sample_4_time"": 1350, ""first_x"": 331.5, ""sample_2_y"": 443, ""sample_1_x"": 306.5, ""last_x"": 196.5, ""sample_2_x"": 267.5, ""sample_4_y"": 542, ""sample_0_y"": 375, ""sample_4_x"": 196.5, ""sample_1_time"": 350}",Q3 (180-270<U+00B0>),Q3 (180-270<U+00B0>),TRUE,TRUE,Correct,225,5.990594700000003,5.990594700000003,5.990594700000003,5.990594700000003,TRUE
166237,19,righth,1,yes,0,"""0-1""",96,315,44.65063982,4249,1300,"{""sample_2_x"": 408.5, ""sample_3_time"": 983, ""sample_2_y"": 293, ""sample_4_x"": 506.5, ""sample_0_y"": 353, ""sample_3_y"": 247, ""sample_2_time"": 666, ""sample_1_x"": 389.5, ""sample_4_y"": 200, ""sample_0_time"": 16, ""first_x"": 355.5, ""sample_0_x"": 355.5, ""sample_1_y"": 314, ""last_y"": 200, ""last_time"": 1300, ""first_time"": 16, ""sample_3_x"": 456.5, ""last_x"": 506.5, ""sample_4_time"": 1300, ""count"": 78, ""sample_1_time"": 333, ""first_y"": 353}",Q4 (270-360<U+00B0>),Q1 (0-90<U+00B0>),TRUE,FALSE,Frequency,45,0.3493601799999979,0.3493601799999979,270.34936018,89.65063981999998,FALSE
166237,19,righth,1,yes,0,"""0-1""",97,315,315.3515034,2649,1466,"{""first_time"": 16, ""first_x"": 353.5, ""sample_4_time"": 1466, ""count"": 88, ""sample_1_time"": 383, ""sample_2_time"": 750, ""sample_0_y"": 371, ""sample_0_x"": 353.5, ""sample_1_x"": 373.5, ""sample_3_time"": 1116, ""last_y"": 525, ""sample_4_y"": 525, ""last_time"": 1466, ""sample_1_y"": 390, ""sample_2_y"": 417, ""first_y"": 371, ""sample_3_x"": 466.5, ""last_x"": 505.5, ""sample_4_x"": 505.5, ""sample_2_x"": 403.5, ""sample_3_y"": 484, ""sample_0_time"": 16}",Q4 (270-360<U+00B0>),Q4 (270-360<U+00B0>),TRUE,TRUE,Correct,315,0.3515034000000128,0.3515034000000128,0.3515034000000128,0.3515034000000128,TRUE
166237,19,righth,1,yes,0,"""0-1""",98,315,313.9455955,2848,1434,"{""last_time"": 1434, ""sample_1_x"": 381.5, ""sample_2_y"": 431, ""sample_2_x"": 410.5, ""last_x"": 501.5, ""sample_0_time"": 17, ""sample_3_y"": 477, ""sample_1_y"": 401, ""sample_0_y"": 379, ""sample_4_y"": 529, ""sample_3_x"": 454.5, ""sample_4_time"": 1434, ""first_y"": 379, ""sample_1_time"": 367, ""first_time"": 17, ""last_y"": 529, ""sample_3_time"": 1084, ""sample_2_time"": 734, ""sample_0_x"": 351.5, ""count"": 86, ""sample_4_x"": 501.5, ""first_x"": 351.5}",Q4 (270-360<U+00B0>),Q4 (270-360<U+00B0>),TRUE,TRUE,Correct,315,1.0544044999999755,1.0544044999999755,1.0544044999999755,1.0544044999999755,TRUE
166237,19,righth,1,yes,0,"""0-1""",99,225,226.4057493,2915,1483,"{""first_x"": 329.5, ""sample_1_time"": 383, ""sample_3_x"": 209.5, ""sample_2_time"": 750, ""last_y"": 530, ""first_y"": 376, ""sample_1_x"": 287.5, ""sample_0_y"": 376, ""sample_2_x"": 244.5, ""sample_3_y"": 500, ""sample_1_y"": 409, ""sample_4_time"": 1483, ""sample_4_y"": 530, ""sample_0_time"": 16, ""last_time"": 1483, ""count"": 89, ""first_time"": 16, ""last_x"": 182.5, ""sample_4_x"": 182.5, ""sample_2_y"": 445, ""sample_0_x"": 329.5, ""sample_3_time"": 1116}",Q3 (180-270<U+00B0>),Q3 (180-270<U+00B0>),TRUE,TRUE,Correct,225,1.4057492999999965,1.4057492999999965,1.4057492999999965,1.4057492999999965,TRUE
166237,19,righth,1,yes,0,"""0-1""",100,135,140.4155251,2848,1434,"{""count"": 86, ""sample_0_x"": 326.5, ""sample_2_time"": 733, ""sample_4_time"": 1433, ""sample_4_x"": 162.5, ""sample_3_x"": 186.5, ""first_time"": 17, ""sample_3_time"": 1084, ""first_x"": 326.5, ""sample_1_x"": 302.5, ""sample_2_x"": 203.5, ""sample_3_y"": 251, ""last_time"": 1433, ""first_y"": 356, ""sample_1_y"": 337, ""sample_2_y"": 267, ""sample_0_time"": 17, ""last_x"": 162.5, ""sample_0_y"": 356, ""sample_4_y"": 215, ""last_y"": 215, ""sample_1_time"": 367}",Q2 (90-180<U+00B0>),Q2 (90-180<U+00B0>),TRUE,TRUE,Correct,135,5.415525099999996,5.415525099999996,5.415525099999996,5.415525099999996,TRUE
166270,20,righth,1,no,0,"""0-1""",21,315,316.1017061,2531,1084,"{""first_y"": 356, ""first_x"": 732, ""sample_1_y"": 393, ""sample_0_y"": 356, ""sample_2_x"": 819, ""sample_0_time"": 16, ""sample_4_x"": 879, ""sample_3_x"": 843, ""last_time"": 1083, ""sample_3_y"": 465, ""first_time"": 16, ""sample_2_y"": 440, ""sample_1_x"": 767, ""last_y"": 495, ""last_x"": 879, ""sample_1_time"": 284, ""sample_4_y"": 495, ""sample_3_time"": 816, ""count"": 65, ""sample_0_x"": 732, ""sample_2_time"": 550, ""sample_4_time"": 1083}",Q4 (270-360<U+00B0>),Q4 (270-360<U+00B0>),TRUE,TRUE,Correct,315,1.1017061000000012,1.1017061000000012,1.1017061000000012,1.1017061000000012,TRUE
166270,20,righth,1,no,0,"""0-1""",22,135,44.2559408,2417,1333,"{""first_time"": 16, ""sample_2_y"": 233, ""count"": 80, ""first_y"": 334, ""sample_0_y"": 334, ""last_x"": 876, ""sample_4_time"": 1333, ""sample_0_x"": 742, ""sample_1_time"": 349, ""sample_2_time"": 683, ""sample_0_time"": 16, ""sample_1_y"": 267, ""last_time"": 1333, ""last_y"": 190, ""sample_4_y"": 190, ""sample_3_y"": 211, ""sample_1_x"": 820, ""sample_2_x"": 842, ""sample_3_time"": 1016, ""first_x"": 742, ""sample_3_x"": 859, ""sample_4_x"": 876}",Q2 (90-180<U+00B0>),Q1 (0-90<U+00B0>),FALSE,TRUE,Formant,45,0.7440592000000024,0.7440592000000024,90.74405920000001,90.74405920000001,FALSE
166270,20,righth,1,no,0,"""0-1""",23,225,314.0669265,2715,1667,"{""first_y"": 356, ""last_y"": 498, ""sample_4_y"": 498, ""count"": 100, ""sample_2_time"": 850, ""sample_4_time"": 1667, ""sample_0_x"": 728, ""sample_3_time"": 1267, ""sample_1_x"": 752, ""sample_4_x"": 871, ""sample_0_time"": 16, ""sample_3_x"": 838, ""last_time"": 1667, ""first_time"": 16, ""sample_2_x"": 795, ""sample_2_y"": 427, ""first_x"": 728, ""last_x"": 871, ""sample_1_time"": 433, ""sample_3_y"": 466, ""sample_1_y"": 383, ""sample_0_y"": 356}",Q3 (180-270<U+00B0>),Q4 (270-360<U+00B0>),FALSE,TRUE,Formant,315,0.9330734999999777,0.9330734999999777,89.06692650000002,89.06692650000002,FALSE
166270,20,righth,1,no,0,"""0-1""",24,225,223.1523897,2866,1417,"{""last_x"": 560, ""sample_1_y"": 377, ""sample_1_time"": 366, ""sample_0_y"": 344, ""sample_1_x"": 669, ""sample_2_time"": 716, ""sample_4_y"": 492, ""first_y"": 344, ""sample_4_x"": 560, ""count"": 85, ""first_x"": 700, ""sample_0_time"": 16, ""sample_2_y"": 419, ""first_time"": 16, ""sample_3_time"": 1066, ""sample_4_time"": 1416, ""sample_3_x"": 605, ""sample_3_y"": 455, ""last_y"": 492, ""sample_2_x"": 639, ""sample_0_x"": 700, ""last_time"": 1416}",Q3 (180-270<U+00B0>),Q3 (180-270<U+00B0>),TRUE,TRUE,Correct,225,1.8476103000000137,1.8476103000000137,1.8476103000000137,1.8476103000000137,TRUE
166270,20,righth,1,no,0,"""0-1""",25,225,224.0669265,2549,1434,"{""sample_1_time"": 366, ""sample_0_x"": 711, ""first_x"": 711, ""sample_4_time"": 1434, ""count"": 86, ""last_y"": 493, ""sample_3_y"": 459, ""sample_3_time"": 1083, ""sample_1_y"": 385, ""sample_0_y"": 357, ""sample_2_time"": 734, ""sample_0_time"": 17, ""sample_3_x"": 593, ""last_time"": 1434, ""first_time"": 17, ""sample_4_y"": 493, ""sample_1_x"": 685, ""sample_2_x"": 650, ""sample_2_y"": 415, ""last_x"": 564, ""first_y"": 357, ""sample_4_x"": 564}",Q3 (180-270<U+00B0>),Q3 (180-270<U+00B0>),TRUE,TRUE,Correct,225,0.9330735000000061,0.9330735000000061,0.9330735000000061,0.9330735000000061,TRUE
166270,20,righth,1,no,0,"""0-1""",26,135,133.5121325,2598,1417,"{""sample_3_y"": 210, ""sample_0_x"": 711, ""sample_4_time"": 1416, ""sample_1_x"": 679, ""sample_2_x"": 639, ""sample_0_y"": 329, ""last_y"": 184, ""sample_4_y"": 184, ""last_time"": 1416, ""sample_2_y"": 255, ""count"": 85, ""first_time"": 16, ""sample_4_x"": 570, ""sample_2_time"": 716, ""sample_1_y"": 304, ""sample_3_time"": 1066, ""first_y"": 329, ""sample_0_time"": 16, ""first_x"": 711, ""sample_3_x"": 598, ""sample_1_time"": 366, ""last_x"": 570}",Q2 (90-180<U+00B0>),Q2 (90-180<U+00B0>),TRUE,TRUE,Correct,135,1.487867499999993,1.487867499999993,1.487867499999993,1.487867499999993,TRUE
166270,20,righth,1,no,0,"""0-1""",27,135,135.1854226,2665,1501,"{""first_y"": 340, ""sample_2_y"": 261, ""sample_3_x"": 593, ""first_time"": 16, ""sample_1_y"": 309, ""sample_3_y"": 218, ""last_time"": 1500, ""sample_4_y"": 188, ""count"": 90, ""sample_4_time"": 1500, ""sample_2_time"": 766, ""sample_4_x"": 565, ""sample_1_time"": 383, ""sample_3_time"": 1133, ""sample_2_x"": 625, ""sample_0_time"": 16, ""sample_1_x"": 677, ""sample_0_y"": 340, ""last_y"": 188, ""first_x"": 706, ""last_x"": 565, ""sample_0_x"": 706}",Q2 (90-180<U+00B0>),Q2 (90-180<U+00B0>),TRUE,TRUE,Correct,135,0.18542260000000965,0.18542260000000965,0.18542260000000965,0.18542260000000965,TRUE
166270,20,righth,1,no,0,"""0-1""",28,225,221.4585241,2649,1484,"{""sample_4_time"": 1483, ""last_y"": 486, ""first_x"": 705, ""count"": 89, ""sample_3_y"": 445, ""sample_0_time"": 17, ""sample_3_time"": 1116, ""sample_2_time"": 750, ""sample_2_x"": 634, ""sample_0_y"": 348, ""sample_4_y"": 486, ""first_y"": 348, ""sample_4_x"": 557, ""sample_1_time"": 383, ""last_x"": 557, ""first_time"": 17, ""sample_2_y"": 410, ""sample_0_x"": 705, ""sample_3_x"": 596, ""last_time"": 1483, ""sample_1_x"": 674, ""sample_1_y"": 373}",Q3 (180-270<U+00B0>),Q3 (180-270<U+00B0>),TRUE,TRUE,Correct,225,3.5414758999999947,3.5414758999999947,3.5414758999999947,3.5414758999999947,TRUE
166270,20,righth,1,no,0,"""0-1""",29,45,43.88398961,2615,1851,"{""sample_2_time"": 934, ""first_time"": 16, ""sample_0_y"": 341, ""sample_1_time"": 467, ""sample_3_x"": 837, ""sample_4_x"": 877, ""sample_4_y"": 191, ""sample_0_time"": 16, ""sample_1_x"": 766, ""last_x"": 877, ""sample_0_x"": 735, ""sample_2_x"": 802, ""last_time"": 1850, ""last_y"": 191, ""sample_2_y"": 262, ""first_x"": 735, ""sample_4_time"": 1850, ""sample_3_y"": 223, ""first_y"": 341, ""sample_1_y"": 307, ""sample_3_time"": 1400, ""count"": 111}",Q1 (0-90<U+00B0>),Q1 (0-90<U+00B0>),TRUE,TRUE,Correct,45,1.1160103899999996,1.1160103899999996,1.1160103899999996,1.1160103899999996,TRUE
166270,20,righth,1,no,0,"""0-1""",30,315,317.2311746,3248,1751,"{""first_x"": 733, ""sample_0_y"": 352, ""sample_2_time"": 883, ""sample_1_time"": 449, ""sample_1_y"": 376, ""count"": 105, ""sample_3_time"": 1317, ""last_y"": 490, ""sample_0_time"": 17, ""sample_3_x"": 845, ""sample_2_y"": 420, ""sample_2_x"": 803, ""first_time"": 17, ""first_y"": 352, ""sample_4_y"": 490, ""sample_1_x"": 760, ""sample_4_time"": 1750, ""sample_0_x"": 733, ""sample_4_x"": 880, ""last_x"": 880, ""last_time"": 1750, ""sample_3_y"": 457}",Q4 (270-360<U+00B0>),Q4 (270-360<U+00B0>),TRUE,TRUE,Correct,315,2.2311745999999744,2.2311745999999744,2.2311745999999744,2.2311745999999744,TRUE
166270,20,righth,1,no,0,"""0-1""",31,315,318.7152891,2548,1667,"{""sample_0_time"": 16, ""last_x"": 884, ""sample_2_y"": 426, ""sample_1_x"": 757, ""first_time"": 16, ""last_time"": 1666, ""last_y"": 486, ""sample_0_x"": 731, ""sample_4_y"": 486, ""count"": 100, ""sample_1_y"": 380, ""sample_0_y"": 353, ""sample_2_time"": 850, ""sample_3_y"": 459, ""first_y"": 353, ""sample_4_time"": 1666, ""sample_3_x"": 847, ""sample_4_x"": 884, ""sample_3_time"": 1267, ""sample_1_time"": 434, ""sample_2_x"": 803, ""first_x"": 731}",Q4 (270-360<U+00B0>),Q4 (270-360<U+00B0>),TRUE,TRUE,Correct,315,3.715289100000007,3.715289100000007,3.715289100000007,3.715289100000007,TRUE
166270,20,righth,1,no,0,"""0-1""",32,45,43.88398961,2550,1731,"{""sample_2_time"": 864, ""first_y"": 331, ""sample_3_y"": 228, ""sample_0_y"": 331, ""sample_1_y"": 297, ""count"": 103, ""sample_2_x"": 808, ""sample_4_time"": 1731, ""sample_1_time"": 431, ""sample_2_y"": 260, ""last_y"": 191, ""last_x"": 877, ""sample_4_x"": 877, ""sample_3_time"": 1298, ""sample_4_y"": 191, ""first_time"": 13, ""first_x"": 736, ""sample_3_x"": 838, ""sample_1_x"": 767, ""sample_0_x"": 736, ""last_time"": 1731, ""sample_0_time"": 13}",Q1 (0-90<U+00B0>),Q1 (0-90<U+00B0>),TRUE,TRUE,Correct,45,1.1160103899999996,1.1160103899999996,1.1160103899999996,1.1160103899999996,TRUE
166270,20,righth,1,no,0,"""0-1""",33,315,317.4090814,2848,1450,"{""first_x"": 732, ""sample_4_time"": 1450, ""last_time"": 1450, ""sample_2_y"": 428, ""sample_2_x"": 803, ""sample_1_time"": 366, ""count"": 87, ""last_x"": 881, ""sample_4_y"": 490, ""sample_1_x"": 779, ""sample_0_y"": 358, ""first_time"": 17, ""sample_0_x"": 732, ""last_y"": 490, ""sample_1_y"": 405, ""sample_0_time"": 17, ""sample_3_time"": 1099, ""first_y"": 358, ""sample_3_x"": 840, ""sample_4_x"": 881, ""sample_2_time"": 733, ""sample_3_y"": 460}",Q4 (270-360<U+00B0>),Q4 (270-360<U+00B0>),TRUE,TRUE,Correct,315,2.409081399999991,2.409081399999991,2.409081399999991,2.409081399999991,TRUE
166270,20,righth,1,no,0,"""0-1""",34,45,45,2883,1784,"{""sample_1_time"": 450, ""last_time"": 1783, ""sample_0_time"": 17, ""sample_2_y"": 276, ""count"": 107, ""sample_1_y"": 304, ""sample_2_x"": 795, ""sample_0_x"": 730, ""first_y"": 331, ""last_x"": 874, ""sample_2_time"": 900, ""sample_3_x"": 835, ""sample_1_x"": 762, ""sample_4_y"": 188, ""first_time"": 17, ""sample_4_x"": 874, ""sample_3_y"": 230, ""first_x"": 730, ""sample_0_y"": 331, ""sample_3_time"": 1350, ""sample_4_time"": 1783, ""last_y"": 188}",Q1 (0-90<U+00B0>),Q1 (0-90<U+00B0>),TRUE,TRUE,Correct,45,0,0,0,0,TRUE
166270,20,righth,1,no,0,"""0-1""",35,225,223.5217273,2764,1500,"{""sample_2_y"": 409, ""sample_4_time"": 1499, ""sample_0_y"": 351, ""sample_2_time"": 767, ""sample_4_x"": 561, ""last_x"": 561, ""sample_0_x"": 710, ""sample_3_time"": 1133, ""first_time"": 17, ""sample_3_x"": 590, ""sample_3_y"": 459, ""sample_1_y"": 371, ""sample_1_time"": 383, ""last_time"": 1499, ""first_x"": 710, ""sample_2_x"": 643, ""last_y"": 493, ""count"": 90, ""sample_4_y"": 493, ""first_y"": 351, ""sample_0_time"": 17, ""sample_1_x"": 685}",Q3 (180-270<U+00B0>),Q3 (180-270<U+00B0>),TRUE,TRUE,Correct,225,1.478272699999991,1.478272699999991,1.478272699999991,1.478272699999991,TRUE
166270,20,righth,1,no,0,"""0-1""",36,45,44.26074064,2732,1701,"{""count"": 102, ""last_time"": 1700, ""sample_4_y"": 189, ""sample_2_time"": 867, ""sample_1_y"": 310, ""sample_1_time"": 434, ""first_time"": 17, ""sample_1_x"": 760, ""sample_3_x"": 838, ""sample_3_y"": 223, ""sample_4_time"": 1700, ""sample_0_time"": 17, ""sample_0_x"": 735, ""first_y"": 335, ""sample_2_x"": 794, ""sample_4_x"": 877, ""sample_3_time"": 1283, ""last_x"": 877, ""first_x"": 735, ""sample_0_y"": 335, ""sample_2_y"": 272, ""last_y"": 189}",Q1 (0-90<U+00B0>),Q1 (0-90<U+00B0>),TRUE,TRUE,Correct,45,0.7392593599999984,0.7392593599999984,0.7392593599999984,0.7392593599999984,TRUE
166270,20,righth,1,no,0,"""0-1""",37,315,315.5526753,2599,1566,"{""sample_4_x"": 877, ""sample_0_y"": 358, ""sample_1_x"": 753, ""sample_3_x"": 828, ""sample_4_time"": 1565, ""sample_3_y"": 453, ""sample_4_y"": 496, ""sample_0_x"": 720, ""sample_2_x"": 787, ""first_x"": 720, ""last_time"": 1565, ""last_y"": 496, ""sample_0_time"": 16, ""count"": 94, ""last_x"": 877, ""first_time"": 16, ""sample_3_time"": 1183, ""sample_1_y"": 391, ""sample_1_time"": 399, ""sample_2_time"": 799, ""sample_2_y"": 420, ""first_y"": 358}",Q4 (270-360<U+00B0>),Q4 (270-360<U+00B0>),TRUE,TRUE,Correct,315,0.5526752999999758,0.5526752999999758,0.5526752999999758,0.5526752999999758,TRUE
166270,20,righth,1,no,0,"""0-1""",38,45,45.18663054,2998,1401,"{""sample_3_y"": 231, ""sample_0_y"": 329, ""sample_3_x"": 838, ""sample_4_y"": 188, ""count"": 84, ""sample_1_x"": 764, ""sample_2_time"": 716, ""sample_0_time"": 16, ""sample_4_x"": 873, ""sample_1_time"": 367, ""sample_2_x"": 804, ""sample_3_time"": 1066, ""last_x"": 873, ""first_time"": 16, ""first_x"": 732, ""sample_4_time"": 1400, ""sample_0_x"": 732, ""last_time"": 1400, ""first_y"": 329, ""last_y"": 188, ""sample_2_y"": 270, ""sample_1_y"": 303}",Q1 (0-90<U+00B0>),Q1 (0-90<U+00B0>),TRUE,TRUE,Correct,45,0.186630540000003,0.186630540000003,0.186630540000003,0.186630540000003,TRUE
166270,20,righth,1,no,0,"""0-1""",39,225,313.5121325,2564,1384,"{""sample_2_y"": 421, ""sample_1_x"": 755, ""first_y"": 350, ""count"": 83, ""last_time"": 1384, ""sample_1_y"": 376, ""sample_4_time"": 1384, ""sample_2_x"": 782, ""sample_4_y"": 500, ""sample_3_x"": 823, ""sample_0_time"": 16, ""sample_0_x"": 735, ""sample_1_time"": 349, ""last_y"": 500, ""sample_4_x"": 870, ""sample_0_y"": 350, ""first_x"": 735, ""sample_3_time"": 1050, ""sample_2_time"": 700, ""first_time"": 16, ""sample_3_y"": 457, ""last_x"": 870}",Q3 (180-270<U+00B0>),Q4 (270-360<U+00B0>),FALSE,TRUE,Formant,315,1.487867499999993,1.487867499999993,88.5121325,88.5121325,FALSE
166270,20,righth,1,no,0,"""0-1""",40,45,43.88398961,2614,1601,"{""sample_4_time"": 1600, ""sample_3_y"": 226, ""sample_1_time"": 417, ""sample_2_y"": 274, ""sample_3_x"": 849, ""sample_0_time"": 16, ""sample_1_y"": 305, ""sample_0_y"": 331, ""last_y"": 191, ""sample_4_y"": 191, ""first_y"": 331, ""sample_3_time"": 1217, ""last_time"": 1600, ""sample_2_x"": 806, ""sample_2_time"": 817, ""sample_4_x"": 877, ""count"": 96, ""sample_1_x"": 765, ""sample_0_x"": 734, ""last_x"": 877, ""first_time"": 16, ""first_x"": 734}",Q1 (0-90<U+00B0>),Q1 (0-90<U+00B0>),TRUE,TRUE,Correct,45,1.1160103899999996,1.1160103899999996,1.1160103899999996,1.1160103899999996,TRUE
166270,20,righth,1,no,0,"""0-1""",41,45,43.89118787,3033,1467,"{""sample_4_y"": 190, ""sample_4_x"": 878, ""first_x"": 735, ""sample_1_y"": 303, ""sample_3_x"": 842, ""sample_2_x"": 813, ""last_time"": 1466, ""sample_1_x"": 786, ""sample_0_y"": 334, ""first_time"": 16, ""sample_3_y"": 239, ""sample_0_time"": 16, ""last_x"": 878, ""sample_2_time"": 749, ""sample_4_time"": 1466, ""last_y"": 190, ""sample_2_y"": 276, ""sample_0_x"": 735, ""first_y"": 334, ""sample_3_time"": 1116, ""sample_1_time"": 383, ""count"": 88}",Q1 (0-90<U+00B0>),Q1 (0-90<U+00B0>),TRUE,TRUE,Correct,45,1.108812129999997,1.108812129999997,1.108812129999997,1.108812129999997,TRUE
166270,20,righth,1,no,0,"""0-1""",42,315,318.7152891,2516,1567,"{""sample_2_time"": 800, ""sample_4_y"": 486, ""sample_0_y"": 349, ""last_time"": 1566, ""sample_3_y"": 458, ""sample_1_x"": 761, ""first_x"": 736, ""sample_3_time"": 1183, ""first_time"": 16, ""sample_3_x"": 842, ""sample_1_time"": 399, ""first_y"": 349, ""sample_2_x"": 795, ""sample_4_time"": 1566, ""sample_4_x"": 884, ""sample_1_y"": 375, ""count"": 94, ""last_x"": 884, ""sample_2_y"": 412, ""sample_0_time"": 16, ""sample_0_x"": 736, ""last_y"": 486}",Q4 (270-360<U+00B0>),Q4 (270-360<U+00B0>),TRUE,TRUE,Correct,315,3.715289100000007,3.715289100000007,3.715289100000007,3.715289100000007,TRUE
166270,20,righth,1,no,0,"""0-1""",43,45,44.62795471,2464,1684,"{""sample_3_y"": 206, ""sample_1_time"": 434, ""sample_2_time"": 850, ""first_x"": 730, ""sample_2_y"": 265, ""first_time"": 17, ""sample_1_y"": 301, ""last_x"": 875, ""sample_0_x"": 730, ""count"": 101, ""last_time"": 1684, ""sample_0_y"": 327, ""sample_1_x"": 772, ""last_y"": 189, ""sample_2_x"": 817, ""first_y"": 327, ""sample_4_y"": 189, ""sample_3_x"": 858, ""sample_0_time"": 17, ""sample_3_time"": 1267, ""sample_4_x"": 875, ""sample_4_time"": 1684}",Q1 (0-90<U+00B0>),Q1 (0-90<U+00B0>),TRUE,TRUE,Correct,45,0.37204529000000264,0.37204529000000264,0.37204529000000264,0.37204529000000264,TRUE
166270,20,righth,1,no,0,"""0-1""",44,45,44.62795471,2615,1851,"{""sample_2_y"": 262, ""sample_3_y"": 226, ""sample_3_x"": 840, ""first_x"": 734, ""sample_1_y"": 301, ""sample_0_time"": 17, ""first_y"": 336, ""first_time"": 17, ""count"": 111, ""sample_0_y"": 336, ""sample_4_x"": 875, ""sample_4_y"": 189, ""sample_3_time"": 1400, ""sample_1_x"": 770, ""sample_2_time"": 933, ""last_x"": 875, ""sample_2_x"": 811, ""last_y"": 189, ""sample_0_x"": 734, ""sample_4_time"": 1850, ""sample_1_time"": 467, ""last_time"": 1850}",Q1 (0-90<U+00B0>),Q1 (0-90<U+00B0>),TRUE,TRUE,Correct,45,0.37204529000000264,0.37204529000000264,0.37204529000000264,0.37204529000000264,TRUE
166270,20,righth,1,no,0,"""0-1""",45,135,136.8476103,2647,1618,"{""sample_3_x"": 596, ""sample_4_y"": 192, ""count"": 97, ""sample_4_x"": 560, ""sample_2_y"": 267, ""first_time"": 17, ""sample_1_y"": 305, ""sample_0_x"": 705, ""first_y"": 339, ""last_x"": 560, ""sample_2_time"": 816, ""sample_0_y"": 339, ""sample_0_time"": 17, ""last_time"": 1617, ""sample_3_y"": 238, ""sample_3_time"": 1217, ""sample_4_time"": 1617, ""sample_1_x"": 661, ""first_x"": 705, ""last_y"": 192, ""sample_1_time"": 416, ""sample_2_x"": 618}",Q2 (90-180<U+00B0>),Q2 (90-180<U+00B0>),TRUE,TRUE,Correct,135,1.8476103000000137,1.8476103000000137,1.8476103000000137,1.8476103000000137,TRUE
166270,20,righth,1,no,0,"""0-1""",46,135,134.8145774,2732,1783,"{""sample_4_x"": 566, ""last_x"": 566, ""sample_2_y"": 280, ""first_y"": 331, ""sample_4_time"": 1783, ""sample_3_time"": 1350, ""sample_2_time"": 900, ""sample_3_y"": 245, ""last_y"": 187, ""sample_4_y"": 187, ""count"": 107, ""sample_0_x"": 706, ""first_x"": 706, ""sample_2_x"": 641, ""sample_1_time"": 450, ""sample_1_x"": 676, ""sample_0_time"": 17, ""sample_1_y"": 309, ""first_time"": 17, ""sample_0_y"": 331, ""sample_3_x"": 603, ""last_time"": 1783}",Q2 (90-180<U+00B0>),Q2 (90-180<U+00B0>),TRUE,TRUE,Correct,135,0.18542260000000965,0.18542260000000965,0.18542260000000965,0.18542260000000965,TRUE
166270,20,righth,1,no,0,"""0-1""",47,225,224.8133695,2564,1667,"{""sample_2_y"": 420, ""sample_4_x"": 566, ""sample_3_y"": 452, ""last_y"": 495, ""sample_3_x"": 609, ""sample_1_y"": 387, ""first_x"": 706, ""last_time"": 1666, ""sample_0_x"": 706, ""first_y"": 350, ""sample_4_y"": 495, ""sample_0_time"": 17, ""last_x"": 566, ""sample_4_time"": 1666, ""sample_0_y"": 350, ""sample_1_time"": 434, ""sample_2_x"": 640, ""sample_2_time"": 850, ""count"": 100, ""sample_3_time"": 1267, ""sample_1_x"": 674, ""first_time"": 17}",Q3 (180-270<U+00B0>),Q3 (180-270<U+00B0>),TRUE,TRUE,Correct,225,0.1866305000000068,0.1866305000000068,0.1866305000000068,0.1866305000000068,TRUE
166270,20,righth,1,no,0,"""0-1""",48,45,136.6791999,2532,1666,"{""sample_1_y"": 293, ""sample_0_time"": 17, ""last_y"": 193, ""sample_2_x"": 624, ""count"": 100, ""last_time"": 1666, ""sample_1_x"": 654, ""first_y"": 332, ""sample_0_x"": 706, ""sample_4_time"": 1666, ""sample_2_y"": 262, ""sample_3_x"": 595, ""sample_1_time"": 433, ""sample_3_y"": 225, ""sample_4_y"": 193, ""sample_3_time"": 1266, ""first_time"": 17, ""sample_2_time"": 850, ""first_x"": 706, ""sample_4_x"": 562, ""sample_0_y"": 332, ""last_x"": 562}",Q1 (0-90<U+00B0>),Q2 (90-180<U+00B0>),FALSE,TRUE,Formant,135,1.6791998999999862,1.6791998999999862,91.67919989999999,91.67919989999999,FALSE
166270,20,righth,1,no,0,"""0-1""",49,225,225.3720453,2598,1600,"{""sample_4_time"": 1600, ""first_time"": 16, ""sample_0_y"": 345, ""last_x"": 567, ""count"": 96, ""sample_1_time"": 417, ""sample_0_time"": 16, ""sample_1_x"": 689, ""sample_2_time"": 817, ""sample_1_y"": 368, ""sample_3_y"": 459, ""sample_2_y"": 409, ""last_time"": 1600, ""last_y"": 497, ""sample_3_x"": 614, ""sample_4_y"": 497, ""sample_4_x"": 567, ""sample_0_x"": 706, ""sample_2_x"": 672, ""sample_3_time"": 1217, ""first_y"": 345, ""first_x"": 706}",Q3 (180-270<U+00B0>),Q3 (180-270<U+00B0>),TRUE,TRUE,Correct,225,0.37204529999999636,0.37204529999999636,0.37204529999999636,0.37204529999999636,TRUE
166270,20,righth,1,no,0,"""0-1""",50,135,136.6791999,3231,1567,"{""last_x"": 562, ""sample_0_y"": 333, ""sample_4_y"": 193, ""sample_1_x"": 673, ""last_y"": 193, ""sample_0_x"": 706, ""count"": 94, ""sample_3_time"": 1183, ""sample_3_y"": 226, ""first_x"": 706, ""first_y"": 333, ""sample_1_y"": 310, ""sample_2_y"": 274, ""last_time"": 1567, ""sample_3_x"": 590, ""sample_2_time"": 800, ""sample_1_time"": 400, ""sample_2_x"": 627, ""sample_4_x"": 562, ""first_time"": 17, ""sample_4_time"": 1567, ""sample_0_time"": 17}",Q2 (90-180<U+00B0>),Q2 (90-180<U+00B0>),TRUE,TRUE,Correct,135,1.6791998999999862,1.6791998999999862,1.6791998999999862,1.6791998999999862,TRUE
166270,20,righth,1,no,0,"""0-1""",51,225,226.6683374,2481,1483,"{""sample_0_x"": 711, ""sample_2_y"": 432, ""first_time"": 17, ""sample_2_time"": 750, ""sample_1_y"": 401, ""sample_3_time"": 1117, ""count"": 89, ""sample_4_y"": 501, ""sample_2_x"": 668, ""last_x"": 570, ""first_y"": 358, ""sample_4_time"": 1483, ""sample_0_y"": 358, ""first_x"": 711, ""last_time"": 1483, ""sample_1_time"": 383, ""sample_0_time"": 17, ""last_y"": 501, ""sample_3_x"": 630, ""sample_3_y"": 462, ""sample_4_x"": 570, ""sample_1_x"": 687}",Q3 (180-270<U+00B0>),Q3 (180-270<U+00B0>),TRUE,TRUE,Correct,225,1.6683374000000128,1.6683374000000128,1.6683374000000128,1.6683374000000128,TRUE
166270,20,righth,1,no,0,"""0-1""",52,45,135.3720453,2865,1517,"{""sample_2_time"": 767, ""count"": 91, ""last_time"": 1517, ""sample_4_time"": 1517, ""sample_4_x"": 565, ""sample_2_x"": 626, ""sample_0_x"": 711, ""first_x"": 711, ""first_y"": 330, ""sample_3_x"": 601, ""sample_1_y"": 303, ""last_y"": 189, ""sample_2_y"": 265, ""sample_4_y"": 189, ""sample_1_x"": 679, ""sample_0_y"": 330, ""sample_3_time"": 1150, ""sample_0_time"": 17, ""first_time"": 17, ""sample_3_y"": 233, ""sample_1_time"": 383, ""last_x"": 565}",Q1 (0-90<U+00B0>),Q2 (90-180<U+00B0>),FALSE,TRUE,Formant,135,0.37204529999999636,0.37204529999999636,90.3720453,90.3720453,FALSE
166270,20,righth,1,no,0,"""0-1""",53,45,43.32080011,3433,1516,"{""last_y"": 193, ""sample_3_y"": 222, ""last_time"": 1516, ""sample_1_y"": 290, ""first_x"": 733, ""sample_2_time"": 765, ""sample_2_y"": 249, ""last_x"": 878, ""sample_4_x"": 878, ""sample_3_x"": 852, ""sample_1_x"": 783, ""sample_3_time"": 1149, ""sample_0_x"": 733, ""sample_0_time"": 15, ""first_y"": 330, ""sample_2_x"": 827, ""sample_4_y"": 193, ""sample_4_time"": 1516, ""sample_1_time"": 383, ""count"": 91, ""sample_0_y"": 330, ""first_time"": 15}",Q1 (0-90<U+00B0>),Q1 (0-90<U+00B0>),TRUE,TRUE,Correct,45,1.6791998899999996,1.6791998899999996,1.6791998899999996,1.6791998899999996,TRUE
166270,20,righth,1,no,0,"""0-1""",54,315,224.2607406,2598,1384,"{""last_x"": 563, ""sample_4_y"": 495, ""sample_2_x"": 646, ""last_time"": 1383, ""first_x"": 705, ""sample_0_x"": 705, ""sample_1_x"": 674, ""sample_3_y"": 453, ""first_time"": 17, ""first_y"": 345, ""sample_2_y"": 414, ""sample_3_x"": 610, ""sample_0_time"": 17, ""sample_3_time"": 1049, ""sample_4_x"": 563, ""last_y"": 495, ""sample_0_y"": 345, ""sample_2_time"": 700, ""count"": 83, ""sample_1_time"": 350, ""sample_1_y"": 376, ""sample_4_time"": 1383}",Q4 (270-360<U+00B0>),Q3 (180-270<U+00B0>),FALSE,TRUE,Formant,225,0.7392594000000088,0.7392594000000088,90.73925940000001,90.73925940000001,FALSE
166270,20,righth,1,no,0,"""0-1""",55,225,314.0789253,2465,1450,"{""sample_4_y"": 500, ""sample_1_y"": 390, ""first_y"": 356, ""sample_0_x"": 735, ""sample_0_time"": 16, ""sample_4_time"": 1450, ""sample_2_y"": 429, ""sample_2_x"": 788, ""first_time"": 16, ""sample_0_y"": 356, ""sample_3_y"": 464, ""sample_4_x"": 873, ""count"": 87, ""first_x"": 735, ""last_x"": 873, ""sample_3_x"": 822, ""sample_1_time"": 367, ""last_time"": 1450, ""sample_3_time"": 1099, ""sample_1_x"": 759, ""sample_2_time"": 732, ""last_y"": 500}",Q3 (180-270<U+00B0>),Q4 (270-360<U+00B0>),FALSE,TRUE,Formant,315,0.9210747000000197,0.9210747000000197,89.07892529999998,89.07892529999998,FALSE
166270,20,righth,1,no,0,"""0-1""",56,45,43.51213247,2615,1800,"{""count"": 108, ""sample_2_x"": 800, ""sample_0_time"": 17, ""sample_4_y"": 192, ""sample_3_y"": 240, ""sample_2_y"": 279, ""last_x"": 878, ""first_time"": 17, ""sample_1_y"": 312, ""sample_1_time"": 466, ""sample_0_y"": 334, ""sample_0_x"": 732, ""sample_2_time"": 917, ""last_y"": 192, ""sample_3_time"": 1366, ""sample_4_x"": 878, ""last_time"": 1800, ""sample_3_x"": 838, ""sample_4_time"": 1800, ""first_y"": 334, ""sample_1_x"": 764, ""first_x"": 732}",Q1 (0-90<U+00B0>),Q1 (0-90<U+00B0>),TRUE,TRUE,Correct,45,1.4878675300000026,1.4878675300000026,1.4878675300000026,1.4878675300000026,TRUE
166270,20,righth,1,no,0,"""0-1""",57,315,226.8476103,2481,1434,"{""sample_1_y"": 401, ""first_time"": 16, ""last_y"": 502, ""sample_2_y"": 431, ""last_time"": 1433, ""count"": 86, ""sample_2_time"": 733, ""first_x"": 706, ""sample_3_y"": 456, ""sample_4_time"": 1433, ""last_x"": 570, ""sample_1_time"": 366, ""first_y"": 354, ""sample_0_time"": 16, ""sample_3_x"": 620, ""sample_4_y"": 502, ""sample_2_x"": 643, ""sample_4_x"": 570, ""sample_1_x"": 666, ""sample_0_x"": 706, ""sample_0_y"": 354, ""sample_3_time"": 1082}",Q4 (270-360<U+00B0>),Q3 (180-270<U+00B0>),FALSE,TRUE,Formant,225,1.8476103000000137,1.8476103000000137,88.15238969999999,88.15238969999999,FALSE
166270,20,righth,1,no,0,"""0-1""",58,315,223.1404007,2516,1533,"{""last_x"": 561, ""sample_2_x"": 620, ""last_time"": 1533, ""sample_0_x"": 700, ""sample_1_time"": 399, ""sample_4_y"": 491, ""sample_2_time"": 784, ""sample_4_x"": 561, ""first_y"": 347, ""sample_3_y"": 449, ""count"": 92, ""first_time"": 17, ""first_x"": 700, ""sample_2_y"": 400, ""sample_3_x"": 588, ""sample_0_time"": 17, ""sample_3_time"": 1167, ""sample_4_time"": 1533, ""sample_0_y"": 347, ""last_y"": 491, ""sample_1_x"": 653, ""sample_1_y"": 369}",Q4 (270-360<U+00B0>),Q3 (180-270<U+00B0>),FALSE,TRUE,Formant,225,1.8595993000000135,1.8595993000000135,91.85959930000001,91.85959930000001,FALSE
166270,20,righth,1,no,0,"""0-1""",59,135,45.18542259,2898,1566,"{""sample_4_y"": 187, ""sample_3_y"": 225, ""sample_3_time"": 1183, ""sample_4_time"": 1566, ""sample_0_x"": 742, ""sample_0_time"": 16, ""first_y"": 333, ""first_time"": 16, ""sample_0_y"": 333, ""last_y"": 187, ""sample_3_x"": 850, ""sample_1_time"": 400, ""sample_2_x"": 822, ""sample_1_x"": 780, ""sample_4_x"": 874, ""sample_1_y"": 305, ""count"": 94, ""first_x"": 742, ""last_time"": 1566, ""sample_2_y"": 266, ""sample_2_time"": 800, ""last_x"": 874}",Q2 (90-180<U+00B0>),Q1 (0-90<U+00B0>),FALSE,TRUE,Formant,45,0.18542259000000172,0.18542259000000172,89.81457741,89.81457741,FALSE
166270,20,righth,1,no,0,"""0-1""",60,135,46.48786753,3698,1417,"{""sample_3_y"": 216, ""sample_4_y"": 184, ""sample_4_x"": 870, ""last_time"": 1417, ""sample_2_x"": 793, ""sample_2_time"": 717, ""sample_3_x"": 835, ""sample_1_time"": 366, ""sample_1_y"": 299, ""sample_1_x"": 762, ""last_y"": 184, ""sample_2_y"": 256, ""sample_4_time"": 1417, ""sample_3_time"": 1067, ""last_x"": 870, ""first_time"": 17, ""first_y"": 330, ""count"": 85, ""sample_0_time"": 17, ""first_x"": 737, ""sample_0_y"": 330, ""sample_0_x"": 737}",Q2 (90-180<U+00B0>),Q1 (0-90<U+00B0>),FALSE,TRUE,Formant,45,1.4878675300000026,1.4878675300000026,88.51213247,88.51213247,FALSE
166270,20,righth,1,no,0,"""0-1""",61,135,45.92703527,2483,1599,"{""sample_3_x"": 830, ""count"": 96, ""sample_0_time"": 15, ""last_y"": 185, ""last_time"": 1598, ""sample_1_y"": 296, ""sample_1_x"": 751, ""sample_3_y"": 226, ""sample_0_y"": 328, ""sample_3_time"": 1216, ""sample_0_x"": 728, ""sample_1_time"": 416, ""sample_4_x"": 872, ""sample_2_y"": 260, ""sample_2_x"": 793, ""sample_2_time"": 816, ""first_y"": 328, ""first_time"": 15, ""sample_4_y"": 185, ""last_x"": 872, ""sample_4_time"": 1598, ""first_x"": 728}",Q2 (90-180<U+00B0>),Q1 (0-90<U+00B0>),FALSE,TRUE,Formant,45,0.9270352699999975,0.9270352699999975,89.07296473,89.07296473,FALSE
166270,20,righth,1,no,0,"""0-1""",62,135,139.484606,2615,1599,"{""sample_2_time"": 816, ""last_y"": 201, ""sample_2_y"": 271, ""sample_0_y"": 325, ""sample_1_y"": 303, ""sample_2_x"": 635, ""first_x"": 707, ""count"": 96, ""sample_1_time"": 416, ""sample_0_time"": 16, ""sample_3_x"": 600, ""last_x"": 555, ""last_time"": 1599, ""first_y"": 325, ""sample_4_time"": 1599, ""sample_4_y"": 201, ""first_time"": 16, ""sample_1_x"": 673, ""sample_4_x"": 555, ""sample_0_x"": 707, ""sample_3_y"": 233, ""sample_3_time"": 1216}",Q2 (90-180<U+00B0>),Q2 (90-180<U+00B0>),TRUE,TRUE,Correct,135,4.484606000000014,4.484606000000014,4.484606000000014,4.484606000000014,TRUE
166270,20,righth,1,no,0,"""0-1""",63,135,134.6303549,2597,1701,"{""last_y"": 186, ""sample_4_time"": 1701, ""sample_4_x"": 566, ""sample_1_x"": 665, ""sample_4_y"": 186, ""last_time"": 1701, ""first_time"": 17, ""first_y"": 328, ""sample_2_time"": 868, ""sample_2_x"": 624, ""sample_1_y"": 293, ""sample_1_time"": 434, ""sample_0_y"": 328, ""sample_0_time"": 17, ""sample_3_x"": 601, ""sample_0_x"": 714, ""count"": 102, ""sample_3_y"": 237, ""first_x"": 714, ""sample_3_time"": 1284, ""last_x"": 566, ""sample_2_y"": 262}",Q2 (90-180<U+00B0>),Q2 (90-180<U+00B0>),TRUE,TRUE,Correct,135,0.3696451000000138,0.3696451000000138,0.3696451000000138,0.3696451000000138,TRUE
166270,20,righth,1,no,0,"""0-1""",64,135,133.3208001,2715,1567,"{""sample_0_y"": 328, ""sample_4_y"": 184, ""sample_4_time"": 1566, ""sample_3_time"": 1183, ""sample_1_time"": 399, ""sample_0_time"": 16, ""sample_1_x"": 683, ""sample_4_x"": 571, ""last_time"": 1566, ""count"": 94, ""last_x"": 571, ""sample_3_y"": 228, ""sample_1_y"": 299, ""sample_2_time"": 799, ""first_y"": 328, ""first_x"": 715, ""sample_3_x"": 599, ""last_y"": 184, ""first_time"": 16, ""sample_2_y"": 271, ""sample_2_x"": 637, ""sample_0_x"": 715}",Q2 (90-180<U+00B0>),Q2 (90-180<U+00B0>),TRUE,TRUE,Correct,135,1.6791998999999862,1.6791998999999862,1.6791998999999862,1.6791998999999862,TRUE
166270,20,righth,1,no,0,"""0-1""",65,225,226.6576146,2533,1350,"{""last_y"": 502, ""sample_2_time"": 683, ""last_x"": 569, ""sample_0_x"": 709, ""sample_1_time"": 349, ""sample_1_y"": 382, ""sample_3_x"": 613, ""sample_3_time"": 1016, ""sample_2_y"": 432, ""first_y"": 355, ""sample_2_x"": 645, ""sample_4_y"": 502, ""sample_1_x"": 684, ""sample_4_x"": 569, ""sample_4_time"": 1349, ""last_time"": 1349, ""sample_0_time"": 16, ""first_x"": 709, ""sample_3_y"": 467, ""count"": 81, ""sample_0_y"": 355, ""first_time"": 16}",Q3 (180-270<U+00B0>),Q3 (180-270<U+00B0>),TRUE,TRUE,Correct,225,1.657614599999988,1.657614599999988,1.657614599999988,1.657614599999988,TRUE
166270,20,righth,1,no,0,"""0-1""",66,135,135.9330735,3565,1550,"{""count"": 93, ""sample_0_y"": 351, ""first_y"": 351, ""sample_1_y"": 332, ""first_x"": 710, ""sample_3_time"": 1167, ""sample_4_x"": 564, ""sample_2_y"": 284, ""last_y"": 191, ""sample_1_x"": 681, ""last_x"": 564, ""sample_4_time"": 1550, ""sample_0_time"": 16, ""sample_3_x"": 597, ""sample_4_y"": 191, ""sample_0_x"": 710, ""first_time"": 16, ""sample_1_time"": 400, ""sample_2_time"": 783, ""sample_2_x"": 628, ""last_time"": 1550, ""sample_3_y"": 238}",Q2 (90-180<U+00B0>),Q2 (90-180<U+00B0>),TRUE,TRUE,Correct,135,0.9330735000000061,0.9330735000000061,0.9330735000000061,0.9330735000000061,TRUE
166270,20,righth,1,no,0,"""0-1""",67,135,136.3061921,3198,1517,"{""sample_1_x"": 689, ""sample_2_y"": 263, ""sample_1_time"": 383, ""sample_4_y"": 192, ""last_x"": 563, ""sample_0_y"": 330, ""sample_4_time"": 1516, ""last_y"": 192, ""sample_3_x"": 600, ""first_time"": 16, ""first_x"": 712, ""sample_0_x"": 712, ""sample_3_y"": 228, ""sample_2_x"": 646, ""first_y"": 330, ""count"": 91, ""sample_0_time"": 16, ""sample_4_x"": 563, ""sample_2_time"": 766, ""sample_3_time"": 1150, ""last_time"": 1516, ""sample_1_y"": 299}",Q2 (90-180<U+00B0>),Q2 (90-180<U+00B0>),TRUE,TRUE,Correct,135,1.306192100000004,1.306192100000004,1.306192100000004,1.306192100000004,TRUE
166270,20,righth,1,no,0,"""0-1""",68,225,227.424757,2614,1616,"{""sample_2_x"": 644, ""last_time"": 1616, ""sample_2_time"": 817, ""sample_4_time"": 1616, ""sample_1_x"": 677, ""sample_4_x"": 573, ""first_y"": 349, ""last_y"": 502, ""last_x"": 573, ""sample_3_x"": 606, ""first_time"": 17, ""sample_3_y"": 473, ""sample_4_y"": 502, ""sample_3_time"": 1217, ""count"": 97, ""sample_0_y"": 349, ""first_x"": 705, ""sample_0_time"": 17, ""sample_2_y"": 433, ""sample_1_time"": 416, ""sample_0_x"": 705, ""sample_1_y"": 384}",Q3 (180-270<U+00B0>),Q3 (180-270<U+00B0>),TRUE,TRUE,Correct,225,2.4247569999999996,2.4247569999999996,2.4247569999999996,2.4247569999999996,TRUE
166270,20,righth,1,no,0,"""0-1""",69,45,43.69380791,2964,1551,"{""sample_0_x"": 737, ""sample_2_time"": 784, ""first_x"": 737, ""sample_3_y"": 233, ""sample_4_x"": 877, ""sample_2_y"": 273, ""sample_4_time"": 1550, ""first_time"": 17, ""last_x"": 877, ""sample_3_x"": 844, ""sample_1_time"": 401, ""last_time"": 1550, ""sample_4_y"": 192, ""sample_0_time"": 17, ""sample_0_y"": 339, ""count"": 93, ""last_y"": 192, ""sample_2_x"": 813, ""sample_1_y"": 308, ""first_y"": 339, ""sample_3_time"": 1167, ""sample_1_x"": 777}",Q1 (0-90<U+00B0>),Q1 (0-90<U+00B0>),TRUE,TRUE,Correct,45,1.3061920900000032,1.3061920900000032,1.3061920900000032,1.3061920900000032,TRUE
166270,20,righth,1,no,0,"""0-1""",70,45,135.3720453,2998,1701,"{""first_time"": 17, ""sample_3_y"": 227, ""first_x"": 707, ""last_time"": 1700, ""sample_3_time"": 1283, ""sample_1_y"": 309, ""sample_4_x"": 565, ""count"": 102, ""first_y"": 340, ""sample_0_y"": 340, ""sample_2_x"": 654, ""sample_1_time"": 433, ""sample_2_y"": 265, ""sample_4_y"": 189, ""last_y"": 189, ""last_x"": 565, ""sample_1_x"": 683, ""sample_2_time"": 867, ""sample_4_time"": 1700, ""sample_3_x"": 607, ""sample_0_time"": 17, ""sample_0_x"": 707}",Q1 (0-90<U+00B0>),Q2 (90-180<U+00B0>),FALSE,TRUE,Formant,135,0.37204529999999636,0.37204529999999636,90.3720453,90.3720453,FALSE
166270,20,righth,1,no,0,"""0-1""",71,135,45.93307352,2499,1816,"{""first_time"": 16, ""last_x"": 871, ""sample_0_x"": 736, ""count"": 109, ""sample_2_x"": 788, ""sample_4_time"": 1816, ""last_y"": 186, ""sample_3_x"": 822, ""sample_1_time"": 465, ""sample_0_time"": 16, ""sample_4_y"": 186, ""sample_3_y"": 244, ""sample_2_time"": 916, ""sample_0_y"": 341, ""sample_3_time"": 1366, ""sample_2_y"": 293, ""last_time"": 1816, ""sample_1_y"": 318, ""first_x"": 736, ""first_y"": 341, ""sample_4_x"": 871, ""sample_1_x"": 764}",Q2 (90-180<U+00B0>),Q1 (0-90<U+00B0>),FALSE,TRUE,Formant,45,0.9330735200000007,0.9330735200000007,89.06692648,89.06692648,FALSE
166270,20,righth,1,no,0,"""0-1""",72,45,46.29774068,2549,1667,"{""sample_1_y"": 298, ""sample_2_x"": 795, ""count"": 100, ""last_x"": 871, ""first_x"": 726, ""sample_0_y"": 327, ""first_y"": 327, ""last_time"": 1667, ""sample_0_time"": 16, ""sample_1_x"": 755, ""sample_4_time"": 1667, ""sample_0_x"": 726, ""sample_2_time"": 850, ""sample_2_y"": 262, ""sample_4_y"": 184, ""sample_3_time"": 1266, ""sample_3_y"": 224, ""sample_3_x"": 831, ""last_y"": 184, ""first_time"": 16, ""sample_1_time"": 433, ""sample_4_x"": 871}",Q1 (0-90<U+00B0>),Q1 (0-90<U+00B0>),TRUE,TRUE,Correct,45,1.2977406799999969,1.2977406799999969,1.2977406799999969,1.2977406799999969,TRUE
166270,20,righth,1,no,0,"""0-1""",73,315,224.0669265,2649,1550,"{""first_y"": 349, ""last_time"": 1549, ""sample_1_y"": 397, ""sample_0_x"": 706, ""sample_4_x"": 564, ""sample_1_x"": 665, ""sample_4_time"": 1549, ""last_y"": 493, ""first_time"": 16, ""sample_3_x"": 601, ""count"": 93, ""sample_4_y"": 493, ""sample_2_y"": 428, ""sample_2_time"": 783, ""sample_2_x"": 633, ""sample_3_time"": 1166, ""sample_1_time"": 400, ""sample_0_y"": 349, ""sample_3_y"": 459, ""first_x"": 706, ""last_x"": 564, ""sample_0_time"": 16}",Q4 (270-360<U+00B0>),Q3 (180-270<U+00B0>),FALSE,TRUE,Formant,225,0.9330735000000061,0.9330735000000061,90.9330735,90.9330735,FALSE
166270,20,righth,1,no,0,"""0-1""",74,315,223.8839896,2532,1865,"{""sample_0_time"": 16, ""sample_4_y"": 493, ""sample_4_x"": 563, ""sample_1_y"": 387, ""count"": 107, ""sample_2_y"": 428, ""sample_4_time"": 1865, ""sample_0_x"": 714, ""sample_0_y"": 360, ""sample_1_x"": 690, ""sample_3_y"": 479, ""first_y"": 360, ""first_x"": 714, ""sample_2_time"": 982, ""last_y"": 493, ""sample_1_time"": 450, ""sample_3_x"": 603, ""first_time"": 16, ""sample_3_time"": 1432, ""sample_2_x"": 657, ""last_x"": 563, ""last_time"": 1865}",Q4 (270-360<U+00B0>),Q3 (180-270<U+00B0>),FALSE,TRUE,Formant,225,1.1160103999999933,1.1160103999999933,91.1160104,91.1160104,FALSE
166270,20,righth,1,no,0,"""0-1""",75,315,313.3208001,2497,1634,"{""sample_2_y"": 435, ""sample_3_time"": 1234, ""sample_0_y"": 355, ""sample_2_time"": 833, ""first_y"": 355, ""count"": 98, ""last_y"": 500, ""first_x"": 733, ""sample_1_time"": 417, ""last_x"": 869, ""sample_2_x"": 788, ""last_time"": 1634, ""first_time"": 16, ""sample_1_y"": 394, ""sample_4_y"": 500, ""sample_1_x"": 754, ""sample_0_time"": 16, ""sample_4_x"": 869, ""sample_3_y"": 467, ""sample_3_x"": 828, ""sample_4_time"": 1634, ""sample_0_x"": 733}",Q4 (270-360<U+00B0>),Q4 (270-360<U+00B0>),TRUE,TRUE,Correct,315,1.6791999000000146,1.6791999000000146,1.6791999000000146,1.6791999000000146,TRUE
166270,20,righth,1,no,0,"""0-1""",76,135,135.3720453,2616,1634,"{""last_x"": 565, ""sample_1_y"": 318, ""sample_0_x"": 708, ""first_x"": 708, ""last_y"": 189, ""sample_2_time"": 833, ""sample_4_y"": 189, ""sample_3_x"": 602, ""sample_4_x"": 565, ""count"": 98, ""last_time"": 1633, ""sample_3_time"": 1234, ""sample_0_time"": 16, ""sample_3_y"": 225, ""sample_1_x"": 686, ""sample_4_time"": 1633, ""sample_1_time"": 417, ""first_time"": 16, ""sample_2_x"": 652, ""sample_2_y"": 274, ""first_y"": 333, ""sample_0_y"": 333}",Q2 (90-180<U+00B0>),Q2 (90-180<U+00B0>),TRUE,TRUE,Correct,135,0.37204529999999636,0.37204529999999636,0.37204529999999636,0.37204529999999636,TRUE
166270,20,righth,1,no,0,"""0-1""",77,225,226.2893979,2832,1500,"{""last_y"": 501, ""sample_3_y"": 460, ""first_y"": 355, ""last_time"": 1500, ""sample_3_x"": 619, ""last_x"": 568, ""sample_1_time"": 300, ""sample_2_y"": 423, ""first_time"": 17, ""sample_2_x"": 659, ""first_x"": 713, ""sample_4_time"": 1500, ""count"": 71, ""sample_4_y"": 501, ""sample_3_time"": 1216, ""sample_0_x"": 713, ""sample_1_y"": 394, ""sample_1_x"": 685, ""sample_4_x"": 568, ""sample_0_time"": 17, ""sample_2_time"": 917, ""sample_0_y"": 355}",Q3 (180-270<U+00B0>),Q3 (180-270<U+00B0>),TRUE,TRUE,Correct,225,1.2893979000000115,1.2893979000000115,1.2893979000000115,1.2893979000000115,TRUE
166270,20,righth,1,no,0,"""0-1""",78,225,311.6335393,3798,1516,"{""sample_2_y"": 446, ""last_time"": 1516, ""sample_2_time"": 767, ""sample_0_y"": 355, ""last_y"": 504, ""sample_0_x"": 732, ""last_x"": 864, ""sample_4_y"": 504, ""sample_3_y"": 482, ""sample_4_time"": 1516, ""sample_1_time"": 383, ""sample_0_time"": 16, ""sample_2_x"": 804, ""first_y"": 355, ""sample_1_y"": 399, ""sample_3_x"": 834, ""first_x"": 732, ""sample_4_x"": 864, ""sample_3_time"": 1150, ""sample_1_x"": 763, ""count"": 91, ""first_time"": 16}",Q3 (180-270<U+00B0>),Q4 (270-360<U+00B0>),FALSE,TRUE,Formant,315,3.3664607000000046,3.3664607000000046,86.6335393,86.6335393,FALSE
166270,20,righth,1,no,0,"""0-1""",79,225,225.5562522,2682,1650,"{""sample_3_y"": 470, ""sample_0_x"": 722, ""sample_4_y"": 498, ""sample_4_x"": 567, ""sample_1_x"": 696, ""sample_1_time"": 416, ""sample_2_x"": 662, ""first_y"": 358, ""sample_0_y"": 358, ""sample_1_y"": 395, ""sample_2_y"": 430, ""last_time"": 1650, ""sample_0_time"": 16, ""sample_3_time"": 1249, ""first_x"": 722, ""last_y"": 498, ""count"": 99, ""first_time"": 16, ""sample_4_time"": 1650, ""sample_2_time"": 833, ""last_x"": 567, ""sample_3_x"": 605}",Q3 (180-270<U+00B0>),Q3 (180-270<U+00B0>),TRUE,TRUE,Correct,225,0.5562521999999888,0.5562521999999888,0.5562521999999888,0.5562521999999888,TRUE
166270,20,righth,1,no,0,"""0-1""",80,315,224.4401242,2565,1383,"{""sample_1_x"": 690, ""last_x"": 565, ""sample_4_time"": 1382, ""first_x"": 716, ""first_time"": 16, ""sample_1_time"": 349, ""sample_0_y"": 358, ""last_y"": 494, ""sample_2_y"": 424, ""first_y"": 358, ""sample_4_x"": 565, ""sample_0_x"": 716, ""sample_4_y"": 494, ""sample_3_y"": 471, ""sample_3_x"": 598, ""last_time"": 1382, ""sample_1_y"": 390, ""sample_2_time"": 700, ""sample_2_x"": 659, ""count"": 83, ""sample_0_time"": 16, ""sample_3_time"": 1050}",Q4 (270-360<U+00B0>),Q3 (180-270<U+00B0>),FALSE,TRUE,Formant,225,0.5598757999999862,0.5598757999999862,90.55987579999999,90.55987579999999,FALSE
166270,20,righth,1,no,0,"""0-1""",81,315,227.7972435,3849,1833,"{""sample_2_y"": 437, ""sample_0_time"": 16, ""first_y"": 355, ""first_x"": 713, ""sample_3_time"": 1383, ""sample_0_y"": 355, ""sample_1_time"": 466, ""count"": 110, ""sample_4_time"": 1832, ""sample_4_x"": 574, ""sample_3_y"": 473, ""sample_3_x"": 617, ""sample_2_time"": 933, ""last_y"": 503, ""sample_4_y"": 503, ""first_time"": 16, ""sample_0_x"": 713, ""sample_1_y"": 396, ""last_time"": 1832, ""sample_2_x"": 654, ""sample_1_x"": 688, ""last_x"": 574}",Q4 (270-360<U+00B0>),Q3 (180-270<U+00B0>),FALSE,TRUE,Formant,225,2.7972435000000075,2.7972435000000075,87.20275649999999,87.20275649999999,FALSE
166270,20,righth,1,no,0,"""0-1""",82,45,43.33166255,2849,1434,"{""sample_2_y"": 246, ""sample_3_y"": 214, ""sample_1_x"": 755, ""sample_3_time"": 1084, ""count"": 86, ""sample_3_x"": 847, ""sample_2_time"": 733, ""last_x"": 879, ""sample_4_x"": 879, ""sample_1_y"": 290, ""last_time"": 1433, ""sample_4_y"": 192, ""first_y"": 328, ""first_x"": 730, ""sample_0_time"": 17, ""first_time"": 17, ""sample_2_x"": 810, ""sample_0_y"": 328, ""sample_0_x"": 730, ""sample_1_time"": 367, ""sample_4_time"": 1433, ""last_y"": 192}",Q1 (0-90<U+00B0>),Q1 (0-90<U+00B0>),TRUE,TRUE,Correct,45,1.6683374500000028,1.6683374500000028,1.6683374500000028,1.6683374500000028,TRUE
166270,20,righth,1,no,0,"""0-1""",83,135,134.4437478,2931,1868,"{""sample_0_time"": 17, ""sample_0_x"": 708, ""sample_1_time"": 483, ""sample_0_y"": 332, ""sample_4_y"": 186, ""sample_2_y"": 258, ""sample_3_time"": 1417, ""sample_1_y"": 301, ""last_time"": 1867, ""sample_2_x"": 636, ""first_y"": 332, ""count"": 112, ""last_x"": 567, ""sample_4_x"": 567, ""last_y"": 186, ""sample_3_x"": 600, ""sample_2_time"": 950, ""sample_1_x"": 679, ""sample_4_time"": 1867, ""first_x"": 708, ""sample_3_y"": 223, ""first_time"": 17}",Q2 (90-180<U+00B0>),Q2 (90-180<U+00B0>),TRUE,TRUE,Correct,135,0.5562521999999888,0.5562521999999888,0.5562521999999888,0.5562521999999888,TRUE
166270,20,righth,1,no,0,"""0-1""",84,225,227.424757,2582,1751,"{""sample_3_x"": 656, ""sample_2_y"": 433, ""sample_3_y"": 460, ""sample_2_time"": 884, ""first_y"": 358, ""sample_1_time"": 450, ""sample_2_x"": 681, ""sample_4_x"": 573, ""first_time"": 17, ""sample_4_time"": 1751, ""first_x"": 721, ""sample_0_x"": 721, ""sample_3_time"": 1317, ""last_x"": 573, ""last_time"": 1751, ""sample_4_y"": 502, ""sample_0_y"": 358, ""sample_0_time"": 17, ""sample_1_y"": 395, ""last_y"": 502, ""count"": 105, ""sample_1_x"": 703}",Q3 (180-270<U+00B0>),Q3 (180-270<U+00B0>),TRUE,TRUE,Correct,225,2.4247569999999996,2.4247569999999996,2.4247569999999996,2.4247569999999996,TRUE
166270,20,righth,1,no,0,"""0-1""",85,45,45.55987579,4582,1750,"{""first_time"": 16, ""sample_0_y"": 332, ""sample_3_x"": 840, ""sample_3_y"": 213, ""sample_3_time"": 1316, ""last_y"": 187, ""sample_2_time"": 882, ""sample_1_y"": 298, ""count"": 105, ""sample_2_x"": 794, ""last_time"": 1750, ""sample_4_y"": 187, ""sample_4_x"": 872, ""sample_0_x"": 730, ""sample_0_time"": 16, ""first_y"": 332, ""sample_1_time"": 450, ""last_x"": 872, ""sample_2_y"": 265, ""sample_1_x"": 762, ""sample_4_time"": 1750, ""first_x"": 730}",Q1 (0-90<U+00B0>),Q1 (0-90<U+00B0>),TRUE,TRUE,Correct,45,0.5598757899999995,0.5598757899999995,0.5598757899999995,0.5598757899999995,TRUE
166270,20,righth,1,no,0,"""0-1""",86,315,229.2568844,2664,1718,"{""first_y"": 355, ""sample_3_time"": 1300, ""sample_0_time"": 17, ""sample_3_y"": 471, ""sample_4_x"": 577, ""sample_1_y"": 388, ""sample_0_y"": 355, ""count"": 103, ""last_x"": 577, ""sample_2_y"": 430, ""sample_1_time"": 433, ""sample_4_y"": 508, ""sample_1_x"": 712, ""first_time"": 17, ""sample_3_x"": 628, ""sample_2_time"": 866, ""sample_0_x"": 721, ""first_x"": 721, ""last_time"": 1717, ""sample_2_x"": 683, ""last_y"": 508, ""sample_4_time"": 1717}",Q4 (270-360<U+00B0>),Q3 (180-270<U+00B0>),FALSE,TRUE,Formant,225,4.25688439999999,4.25688439999999,85.74311560000001,85.74311560000001,FALSE
166270,20,righth,1,no,0,"""0-1""",87,315,316.2977407,4382,1533,"{""sample_3_x"": 848, ""last_time"": 1533, ""count"": 92, ""sample_3_time"": 1166, ""sample_1_x"": 759, ""sample_2_time"": 783, ""first_time"": 16, ""sample_0_time"": 16, ""sample_1_time"": 399, ""sample_3_y"": 461, ""sample_4_x"": 878, ""sample_2_y"": 435, ""sample_2_x"": 801, ""sample_0_x"": 719, ""last_y"": 493, ""sample_4_y"": 493, ""first_y"": 357, ""sample_1_y"": 400, ""last_x"": 878, ""sample_4_time"": 1533, ""sample_0_y"": 357, ""first_x"": 719}",Q4 (270-360<U+00B0>),Q4 (270-360<U+00B0>),TRUE,TRUE,Correct,315,1.2977407000000198,1.2977407000000198,1.2977407000000198,1.2977407000000198,TRUE
166270,20,righth,1,no,0,"""0-1""",88,315,313.8839896,2565,1383,"{""sample_2_y"": 453, ""count"": 83, ""first_time"": 17, ""first_x"": 726, ""sample_2_x"": 812, ""last_y"": 499, ""sample_3_time"": 1050, ""first_y"": 358, ""sample_3_x"": 844, ""sample_1_time"": 350, ""sample_0_time"": 17, ""last_x"": 871, ""sample_2_time"": 700, ""sample_0_x"": 726, ""sample_3_y"": 482, ""last_time"": 1383, ""sample_1_y"": 396, ""sample_0_y"": 358, ""sample_1_x"": 755, ""sample_4_x"": 871, ""sample_4_y"": 499, ""sample_4_time"": 1383}",Q4 (270-360<U+00B0>),Q4 (270-360<U+00B0>),TRUE,TRUE,Correct,315,1.1160103999999933,1.1160103999999933,1.1160103999999933,1.1160103999999933,TRUE
166270,20,righth,1,no,0,"""0-1""",89,135,45.7440592,3231,1884,"{""sample_3_x"": 836, ""sample_2_x"": 800, ""sample_2_y"": 273, ""last_time"": 1883, ""sample_3_time"": 1417, ""sample_1_time"": 483, ""sample_2_time"": 950, ""sample_0_x"": 733, ""last_x"": 872, ""sample_4_y"": 186, ""last_y"": 186, ""sample_1_x"": 761, ""sample_3_y"": 231, ""count"": 113, ""sample_0_time"": 16, ""sample_1_y"": 310, ""sample_0_y"": 336, ""sample_4_time"": 1883, ""sample_4_x"": 872, ""first_x"": 733, ""first_time"": 16, ""first_y"": 336}",Q2 (90-180<U+00B0>),Q1 (0-90<U+00B0>),FALSE,TRUE,Formant,45,0.7440592000000024,0.7440592000000024,89.25594079999999,89.25594079999999,FALSE
166270,20,righth,1,no,0,"""0-1""",90,45,45.92703527,3382,1884,"{""sample_4_time"": 1884, ""count"": 113, ""last_time"": 1884, ""first_y"": 332, ""last_x"": 872, ""sample_2_time"": 950, ""sample_0_x"": 729, ""first_x"": 729, ""sample_0_time"": 17, ""sample_0_y"": 332, ""last_y"": 185, ""sample_4_y"": 185, ""sample_2_y"": 276, ""sample_1_x"": 744, ""sample_3_time"": 1416, ""sample_2_x"": 777, ""sample_1_time"": 483, ""sample_4_x"": 872, ""first_time"": 17, ""sample_1_y"": 312, ""sample_3_x"": 810, ""sample_3_y"": 236}",Q1 (0-90<U+00B0>),Q1 (0-90<U+00B0>),TRUE,TRUE,Correct,45,0.9270352699999975,0.9270352699999975,0.9270352699999975,0.9270352699999975,TRUE
166270,20,righth,1,no,0,"""0-1""",91,225,226.8595993,2564,1784,"{""sample_4_time"": 1784, ""sample_0_x"": 728, ""count"": 107, ""last_y"": 501, ""sample_1_y"": 382, ""sample_3_x"": 618, ""sample_1_time"": 450, ""sample_0_time"": 16, ""sample_1_x"": 716, ""last_x"": 571, ""sample_2_x"": 663, ""first_time"": 16, ""sample_0_y"": 355, ""last_time"": 1784, ""sample_3_y"": 476, ""first_x"": 728, ""sample_2_y"": 438, ""sample_4_y"": 501, ""sample_3_time"": 1350, ""sample_2_time"": 899, ""first_y"": 355, ""sample_4_x"": 571}",Q3 (180-270<U+00B0>),Q3 (180-270<U+00B0>),TRUE,TRUE,Correct,225,1.8595993000000135,1.8595993000000135,1.8595993000000135,1.8595993000000135,TRUE
166270,20,righth,1,no,0,"""0-1""",92,315,312.7688254,2635,1597,"{""sample_3_y"": 463, ""sample_3_time"": 1214, ""sample_0_y"": 358, ""sample_1_y"": 380, ""sample_4_time"": 1596, ""last_x"": 868, ""sample_1_x"": 729, ""sample_1_time"": 414, ""sample_4_y"": 502, ""sample_0_x"": 718, ""sample_4_x"": 868, ""sample_2_y"": 433, ""count"": 96, ""first_time"": 13, ""first_x"": 718, ""first_y"": 358, ""sample_2_time"": 814, ""sample_0_time"": 13, ""sample_3_x"": 812, ""last_time"": 1596, ""last_y"": 502, ""sample_2_x"": 769}",Q4 (270-360<U+00B0>),Q4 (270-360<U+00B0>),TRUE,TRUE,Correct,315,2.2311745999999744,2.2311745999999744,2.2311745999999744,2.2311745999999744,TRUE
166270,20,righth,1,no,0,"""0-1""",93,225,318.1694935,3964,1668,"{""last_y"": 487, ""sample_1_y"": 396, ""sample_2_y"": 426, ""sample_4_y"": 487, ""first_y"": 358, ""sample_2_time"": 851, ""sample_3_x"": 846, ""sample_0_time"": 16, ""sample_4_time"": 1667, ""sample_1_time"": 434, ""sample_2_x"": 799, ""sample_3_time"": 1267, ""first_x"": 728, ""sample_0_x"": 728, ""last_time"": 1667, ""first_time"": 16, ""last_x"": 882, ""sample_3_y"": 459, ""sample_0_y"": 358, ""count"": 100, ""sample_1_x"": 761, ""sample_4_x"": 882}",Q3 (180-270<U+00B0>),Q4 (270-360<U+00B0>),FALSE,TRUE,Formant,315,3.1694934999999873,3.1694934999999873,93.16949349999999,93.16949349999999,FALSE
166270,20,righth,1,no,0,"""0-1""",94,225,227.993132,2648,1700,"{""sample_0_x"": 709, ""first_y"": 354, ""sample_3_x"": 620, ""count"": 102, ""sample_1_time"": 433, ""sample_0_time"": 16, ""first_time"": 16, ""sample_1_y"": 382, ""sample_1_x"": 683, ""sample_2_y"": 419, ""sample_2_time"": 866, ""sample_4_x"": 575, ""sample_4_time"": 1700, ""last_x"": 575, ""sample_0_y"": 354, ""first_x"": 709, ""sample_3_time"": 1283, ""sample_3_y"": 464, ""last_time"": 1700, ""sample_2_x"": 655, ""sample_4_y"": 503, ""last_y"": 503}",Q3 (180-270<U+00B0>),Q3 (180-270<U+00B0>),TRUE,TRUE,Correct,225,2.993132000000003,2.993132000000003,2.993132000000003,2.993132000000003,TRUE
166270,20,righth,1,no,0,"""0-1""",95,315,225.9270353,2999,1701,"{""sample_1_y"": 391, ""count"": 92, ""first_time"": 17, ""last_time"": 1700, ""sample_0_time"": 17, ""sample_2_time"": 949, ""sample_3_y"": 465, ""sample_3_x"": 612, ""first_y"": 357, ""sample_0_x"": 721, ""sample_3_time"": 1334, ""last_y"": 499, ""sample_4_time"": 1700, ""first_x"": 721, ""sample_2_y"": 421, ""sample_1_x"": 689, ""last_x"": 568, ""sample_2_x"": 664, ""sample_4_y"": 499, ""sample_0_y"": 357, ""sample_4_x"": 568, ""sample_1_time"": 567}",Q4 (270-360<U+00B0>),Q3 (180-270<U+00B0>),FALSE,TRUE,Formant,225,0.9270353,0.9270353,89.0729647,89.0729647,FALSE
166270,20,righth,1,no,0,"""0-1""",96,225,227.0520654,2581,1916,"{""sample_2_x"": 650, ""sample_3_time"": 1450, ""sample_2_y"": 427, ""sample_4_x"": 572, ""sample_0_y"": 356, ""sample_3_y"": 474, ""sample_2_time"": 966, ""sample_1_x"": 688, ""sample_4_y"": 501, ""sample_0_time"": 16, ""first_x"": 717, ""sample_0_x"": 717, ""sample_1_y"": 391, ""last_y"": 501, ""last_time"": 1916, ""first_time"": 16, ""sample_3_x"": 606, ""last_x"": 572, ""sample_4_time"": 1916, ""count"": 115, ""sample_1_time"": 482, ""first_y"": 356}",Q3 (180-270<U+00B0>),Q3 (180-270<U+00B0>),TRUE,TRUE,Correct,225,2.0520654000000036,2.0520654000000036,2.0520654000000036,2.0520654000000036,TRUE
166270,20,righth,1,no,0,"""0-1""",97,135,43.32080011,3881,1683,"{""first_time"": 16, ""first_x"": 734, ""sample_4_time"": 1683, ""count"": 101, ""sample_1_time"": 433, ""sample_2_time"": 850, ""sample_0_y"": 336, ""sample_0_x"": 734, ""sample_1_x"": 765, ""sample_3_time"": 1266, ""last_y"": 193, ""sample_4_y"": 193, ""last_time"": 1683, ""sample_1_y"": 307, ""sample_2_y"": 282, ""first_y"": 336, ""sample_3_x"": 838, ""last_x"": 878, ""sample_4_x"": 878, ""sample_2_x"": 791, ""sample_3_y"": 239, ""sample_0_time"": 16}",Q2 (90-180<U+00B0>),Q1 (0-90<U+00B0>),FALSE,TRUE,Formant,45,1.6791998899999996,1.6791998899999996,91.67919989,91.67919989,FALSE
166270,20,righth,1,no,0,"""0-1""",98,45,133.7022593,2865,1867,"{""last_time"": 1867, ""sample_1_x"": 673, ""sample_2_y"": 251, ""sample_2_x"": 636, ""last_x"": 569, ""sample_0_time"": 17, ""sample_3_y"": 207, ""sample_1_y"": 300, ""sample_0_y"": 333, ""sample_4_y"": 184, ""sample_3_x"": 603, ""sample_4_time"": 1867, ""first_y"": 333, ""sample_1_time"": 484, ""first_time"": 17, ""last_y"": 184, ""sample_3_time"": 1416, ""sample_2_time"": 950, ""sample_0_x"": 709, ""count"": 112, ""sample_4_x"": 569, ""first_x"": 709}",Q1 (0-90<U+00B0>),Q2 (90-180<U+00B0>),FALSE,TRUE,Formant,135,1.2977406999999914,1.2977406999999914,88.70225930000001,88.70225930000001,FALSE
166270,20,righth,1,no,0,"""0-1""",99,315,228.7152891,2633,1766,"{""first_x"": 713, ""sample_1_time"": 449, ""sample_3_x"": 621, ""sample_2_time"": 899, ""last_y"": 506, ""first_y"": 356, ""sample_1_x"": 690, ""sample_0_y"": 356, ""sample_2_x"": 664, ""sample_3_y"": 467, ""sample_1_y"": 392, ""sample_4_time"": 1765, ""sample_4_y"": 506, ""sample_0_time"": 16, ""last_time"": 1765, ""count"": 106, ""first_time"": 16, ""last_x"": 576, ""sample_4_x"": 576, ""sample_2_y"": 428, ""sample_0_x"": 713, ""sample_3_time"": 1333}",Q4 (270-360<U+00B0>),Q3 (180-270<U+00B0>),FALSE,TRUE,Formant,225,3.715289100000007,3.715289100000007,86.2847109,86.2847109,FALSE
166270,20,righth,1,no,0,"""0-1""",100,135,44.44732474,2699,1800,"{""count"": 108, ""sample_0_x"": 731, ""sample_2_time"": 917, ""sample_4_time"": 1800, ""sample_4_x"": 877, ""sample_3_x"": 815, ""first_time"": 17, ""sample_3_time"": 1366, ""first_x"": 731, ""sample_1_x"": 747, ""sample_2_x"": 789, ""sample_3_y"": 256, ""last_time"": 1800, ""first_y"": 332, ""sample_1_y"": 318, ""sample_2_y"": 282, ""sample_0_time"": 17, ""last_x"": 877, ""sample_0_y"": 332, ""sample_4_y"": 188, ""last_y"": 188, ""sample_1_time"": 466}",Q2 (90-180<U+00B0>),Q1 (0-90<U+00B0>),FALSE,TRUE,Formant,45,0.5526752600000009,0.5526752600000009,90.55267526,90.55267526,FALSE
166360,21,righth,2,yes,2,"""5-10""",21,315,311.2314703,4885,2734,"{""first_y"": 377, ""first_x"": 714.5, ""sample_1_y"": 505, ""sample_0_y"": 377, ""sample_2_x"": 648.5, ""sample_0_time"": 16, ""sample_4_x"": 887.5, ""sample_3_x"": 790.5, ""last_time"": 2733, ""sample_3_y"": 442, ""first_time"": 16, ""sample_2_y"": 434, ""sample_1_x"": 622.5, ""last_y"": 551, ""last_x"": 887.5, ""sample_1_time"": 667, ""sample_4_y"": 551, ""sample_3_time"": 2133, ""count"": 148, ""sample_0_x"": 714.5, ""sample_2_time"": 1450, ""sample_4_time"": 2733}",Q4 (270-360<U+00B0>),Q4 (270-360<U+00B0>),TRUE,TRUE,Correct,315,3.7685296999999878,3.7685296999999878,3.7685296999999878,3.7685296999999878,TRUE
166360,21,righth,2,yes,2,"""5-10""",22,45,47.03331567,2274,2453,"{""first_time"": 15, ""sample_2_y"": 223, ""count"": 127, ""first_y"": 358, ""sample_0_y"": 358, ""last_x"": 894.5, ""sample_4_time"": 2453, ""sample_0_x"": 721.5, ""sample_1_time"": 770, ""sample_2_time"": 1303, ""sample_0_time"": 15, ""sample_1_y"": 297, ""last_time"": 2453, ""last_y"": 198, ""sample_4_y"": 198, ""sample_3_y"": 294, ""sample_1_x"": 667.5, ""sample_2_x"": 590.5, ""sample_3_time"": 1936, ""first_x"": 721.5, ""sample_3_x"": 790.5, ""sample_4_x"": 894.5}",Q1 (0-90<U+00B0>),Q1 (0-90<U+00B0>),TRUE,TRUE,Correct,45,2.0333156700000004,2.0333156700000004,2.0333156700000004,2.0333156700000004,TRUE
166360,21,righth,2,yes,2,"""5-10""",23,45,47.56377021,2428,2331,"{""first_y"": 351, ""last_y"": 198, ""sample_4_y"": 198, ""count"": 99, ""sample_2_time"": 950, ""sample_4_time"": 2330, ""sample_0_x"": 747.5, ""sample_3_time"": 1930, ""sample_1_x"": 830.5, ""sample_4_x"": 891.5, ""sample_0_time"": 16, ""sample_3_x"": 777.5, ""last_time"": 2330, ""first_time"": 16, ""sample_2_x"": 738.5, ""sample_2_y"": 337, ""first_x"": 747.5, ""last_x"": 891.5, ""sample_1_time"": 417, ""sample_3_y"": 282, ""sample_1_y"": 261, ""sample_0_y"": 351}",Q1 (0-90<U+00B0>),Q1 (0-90<U+00B0>),TRUE,TRUE,Correct,45,2.5637702100000013,2.5637702100000013,2.5637702100000013,2.5637702100000013,TRUE
166360,21,righth,2,yes,2,"""5-10""",24,45,45.51308282,2325,1198,"{""last_x"": 897.5, ""sample_1_y"": 281, ""sample_1_time"": 267, ""sample_0_y"": 325, ""sample_1_x"": 771.5, ""sample_2_time"": 696, ""sample_4_y"": 204, ""first_y"": 325, ""sample_4_x"": 897.5, ""count"": 61, ""first_x"": 742.5, ""sample_0_time"": 17, ""sample_2_y"": 257, ""first_time"": 17, ""sample_3_time"": 946, ""sample_4_time"": 1197, ""sample_3_x"": 855.5, ""sample_3_y"": 230, ""last_y"": 204, ""sample_2_x"": 805.5, ""sample_0_x"": 742.5, ""last_time"": 1197}",Q1 (0-90<U+00B0>),Q1 (0-90<U+00B0>),TRUE,TRUE,Correct,45,0.513082820000001,0.513082820000001,0.513082820000001,0.513082820000001,TRUE
166360,21,righth,2,yes,2,"""5-10""",25,45,47.40021446,2292,1257,"{""sample_1_time"": 317, ""sample_0_x"": 727.5, ""first_x"": 727.5, ""sample_4_time"": 1257, ""count"": 74, ""last_y"": 199, ""sample_3_y"": 209, ""sample_3_time"": 933, ""sample_1_y"": 254, ""sample_0_y"": 357, ""sample_2_time"": 634, ""sample_0_time"": 17, ""sample_3_x"": 867.5, ""last_time"": 1257, ""first_time"": 17, ""sample_4_y"": 199, ""sample_1_x"": 807.5, ""sample_2_x"": 840.5, ""sample_2_y"": 226, ""last_x"": 891.5, ""first_y"": 357, ""sample_4_x"": 891.5}",Q1 (0-90<U+00B0>),Q1 (0-90<U+00B0>),TRUE,TRUE,Correct,45,2.400214460000001,2.400214460000001,2.400214460000001,2.400214460000001,TRUE
166360,21,righth,2,yes,2,"""5-10""",26,135,135.8500234,13117,1068,"{""sample_3_y"": 234, ""sample_0_x"": 729.5, ""sample_4_time"": 1067, ""sample_1_x"": 665.5, ""sample_2_x"": 606.5, ""sample_0_y"": 351, ""last_y"": 207, ""sample_4_y"": 207, ""last_time"": 1067, ""sample_2_y"": 259, ""count"": 57, ""first_time"": 17, ""sample_4_x"": 560.5, ""sample_2_time"": 517, ""sample_1_y"": 289, ""sample_3_time"": 751, ""first_y"": 351, ""sample_0_time"": 17, ""first_x"": 729.5, ""sample_3_x"": 581.5, ""sample_1_time"": 283, ""last_x"": 560.5}",Q2 (90-180<U+00B0>),Q2 (90-180<U+00B0>),TRUE,TRUE,Correct,135,0.8500233999999978,0.8500233999999978,0.8500233999999978,0.8500233999999978,TRUE
166360,21,righth,2,yes,2,"""5-10""",27,225,231.0000493,2412,1268,"{""first_y"": 387, ""sample_2_y"": 446, ""sample_3_x"": 608.5, ""first_time"": 16, ""sample_1_y"": 420, ""sample_3_y"": 512, ""last_time"": 1266, ""sample_4_y"": 557, ""count"": 76, ""sample_4_time"": 1266, ""sample_2_time"": 650, ""sample_4_x"": 582.5, ""sample_1_time"": 333, ""sample_3_time"": 966, ""sample_2_x"": 641.5, ""sample_0_time"": 16, ""sample_1_x"": 659.5, ""sample_0_y"": 387, ""last_y"": 557, ""first_x"": 701.5, ""last_x"": 582.5, ""sample_0_x"": 701.5}",Q3 (180-270<U+00B0>),Q3 (180-270<U+00B0>),TRUE,TRUE,Correct,225,6.000049300000001,6.000049300000001,6.000049300000001,6.000049300000001,TRUE
166360,21,righth,2,yes,2,"""5-10""",28,225,229.451174,2112,884,"{""sample_4_time"": 883, ""last_y"": 553, ""first_x"": 715.5, ""count"": 53, ""sample_3_y"": 535, ""sample_0_time"": 17, ""sample_3_time"": 667, ""sample_2_time"": 451, ""sample_2_x"": 597.5, ""sample_0_y"": 376, ""sample_4_y"": 553, ""first_y"": 376, ""sample_4_x"": 577.5, ""sample_1_time"": 234, ""last_x"": 577.5, ""first_time"": 17, ""sample_2_y"": 511, ""sample_0_x"": 715.5, ""sample_3_x"": 585.5, ""last_time"": 883, ""sample_1_x"": 641.5, ""sample_1_y"": 433}",Q3 (180-270<U+00B0>),Q3 (180-270<U+00B0>),TRUE,TRUE,Correct,225,4.451174000000009,4.451174000000009,4.451174000000009,4.451174000000009,TRUE
166360,21,righth,2,yes,2,"""5-10""",29,135,46.02303019,2251,1015,"{""sample_2_time"": 384, ""first_time"": 17, ""sample_0_y"": 354, ""sample_1_time"": 200, ""sample_3_x"": 836.5, ""sample_4_x"": 896.5, ""sample_4_y"": 202, ""sample_0_time"": 17, ""sample_1_x"": 785.5, ""last_x"": 896.5, ""sample_0_x"": 747.5, ""sample_2_x"": 812.5, ""last_time"": 1014, ""last_y"": 202, ""sample_2_y"": 263, ""first_x"": 747.5, ""sample_4_time"": 1014, ""sample_3_y"": 238, ""first_y"": 354, ""sample_1_y"": 299, ""sample_3_time"": 567, ""count"": 44}",Q2 (90-180<U+00B0>),Q1 (0-90<U+00B0>),FALSE,TRUE,Formant,45,1.02303019,1.02303019,88.97696981,88.97696981,FALSE
166360,21,righth,2,yes,2,"""5-10""",30,315,309.0706575,2241,2435,"{""first_x"": 716.5, ""sample_0_y"": 391, ""sample_2_time"": 1268, ""sample_1_time"": 500, ""sample_1_y"": 467, ""count"": 119, ""sample_3_time"": 1951, ""last_y"": 559, ""sample_0_time"": 18, ""sample_3_x"": 806.5, ""sample_2_y"": 368, ""sample_2_x"": 726.5, ""first_time"": 18, ""first_y"": 391, ""sample_4_y"": 559, ""sample_1_x"": 625.5, ""sample_4_time"": 2434, ""sample_0_x"": 716.5, ""sample_4_x"": 882.5, ""last_x"": 882.5, ""last_time"": 2434, ""sample_3_y"": 421}",Q4 (270-360<U+00B0>),Q4 (270-360<U+00B0>),TRUE,TRUE,Correct,315,5.929342500000018,5.929342500000018,5.929342500000018,5.929342500000018,TRUE
166360,21,righth,2,yes,2,"""5-10""",31,315,326.8447667,1731,668,"{""sample_0_time"": 16, ""last_x"": 930.5, ""sample_2_y"": 401, ""sample_1_x"": 757.5, ""first_time"": 16, ""last_time"": 666, ""last_y"": 503, ""sample_0_x"": 746.5, ""sample_4_y"": 503, ""count"": 37, ""sample_1_y"": 380, ""sample_0_y"": 379, ""sample_2_time"": 366, ""sample_3_y"": 463, ""first_y"": 379, ""sample_4_time"": 666, ""sample_3_x"": 891.5, ""sample_4_x"": 930.5, ""sample_3_time"": 516, ""sample_1_time"": 216, ""sample_2_x"": 807.5, ""first_x"": 746.5}",Q4 (270-360<U+00B0>),Q4 (270-360<U+00B0>),TRUE,TRUE,Correct,315,11.84476669999998,11.84476669999998,11.84476669999998,11.84476669999998,TRUE
166360,21,righth,2,yes,2,"""5-10""",32,135,135.1710317,2253,2584,"{""sample_2_time"": 1334, ""first_y"": 355, ""sample_3_y"": 230, ""sample_0_y"": 355, ""sample_1_y"": 315, ""count"": 140, ""sample_2_x"": 651.5, ""sample_4_time"": 2584, ""sample_1_time"": 750, ""sample_2_y"": 261, ""last_y"": 206, ""last_x"": 563.5, ""sample_4_x"": 563.5, ""sample_3_time"": 1917, ""sample_4_y"": 206, ""first_time"": 17, ""first_x"": 732.5, ""sample_3_x"": 614.5, ""sample_1_x"": 707.5, ""sample_0_x"": 732.5, ""last_time"": 2584, ""sample_0_time"": 17}",Q2 (90-180<U+00B0>),Q2 (90-180<U+00B0>),TRUE,TRUE,Correct,135,0.17103169999998613,0.17103169999998613,0.17103169999998613,0.17103169999998613,TRUE
166360,21,righth,2,yes,2,"""5-10""",33,135,132.4362298,2138,1301,"{""first_x"": 726.5, ""sample_4_time"": 1300, ""last_time"": 1300, ""sample_2_y"": 253, ""sample_2_x"": 651.5, ""sample_1_time"": 333, ""count"": 78, ""last_x"": 571.5, ""sample_4_y"": 198, ""sample_1_x"": 698.5, ""sample_0_y"": 356, ""first_time"": 17, ""sample_0_x"": 726.5, ""last_y"": 198, ""sample_1_y"": 309, ""sample_0_time"": 17, ""sample_3_time"": 983, ""first_y"": 356, ""sample_3_x"": 605.5, ""sample_4_x"": 571.5, ""sample_2_time"": 667, ""sample_3_y"": 217}",Q2 (90-180<U+00B0>),Q2 (90-180<U+00B0>),TRUE,TRUE,Correct,135,2.5637701999999933,2.5637701999999933,2.5637701999999933,2.5637701999999933,TRUE
166360,21,righth,2,yes,2,"""5-10""",34,315,311.5935562,2097,734,"{""sample_1_time"": 200, ""last_time"": 733, ""sample_0_time"": 16, ""sample_2_y"": 483, ""count"": 44, ""sample_1_y"": 442, ""sample_2_x"": 835.5, ""sample_0_x"": 740.5, ""first_y"": 388, ""last_x"": 889.5, ""sample_2_time"": 384, ""sample_3_x"": 872.5, ""sample_1_x"": 795.5, ""sample_4_y"": 551, ""first_time"": 16, ""sample_4_x"": 889.5, ""sample_3_y"": 526, ""first_x"": 740.5, ""sample_0_y"": 388, ""sample_3_time"": 566, ""sample_4_time"": 733, ""last_y"": 551}",Q4 (270-360<U+00B0>),Q4 (270-360<U+00B0>),TRUE,TRUE,Correct,315,3.406443799999977,3.406443799999977,3.406443799999977,3.406443799999977,TRUE
166360,21,righth,2,yes,2,"""5-10""",35,225,230.5927354,3604,1034,"{""sample_2_y"": 477, ""sample_4_time"": 1033, ""sample_0_y"": 392, ""sample_2_time"": 533, ""sample_4_x"": 579.5, ""last_x"": 579.5, ""sample_0_x"": 717.5, ""sample_3_time"": 783, ""first_time"": 16, ""sample_3_x"": 597.5, ""sample_3_y"": 511, ""sample_1_y"": 435, ""sample_1_time"": 266, ""last_time"": 1033, ""first_x"": 717.5, ""sample_2_x"": 618.5, ""last_y"": 558, ""count"": 62, ""sample_4_y"": 558, ""first_y"": 392, ""sample_0_time"": 16, ""sample_1_x"": 659.5}",Q3 (180-270<U+00B0>),Q3 (180-270<U+00B0>),TRUE,TRUE,Correct,225,5.592735400000009,5.592735400000009,5.592735400000009,5.592735400000009,TRUE
166360,21,righth,2,yes,2,"""5-10""",36,315,316.8695249,2015,833,"{""count"": 50, ""last_time"": 833, ""sample_4_y"": 536, ""sample_2_time"": 432, ""sample_1_y"": 400, ""sample_1_time"": 216, ""first_time"": 16, ""sample_1_x"": 781.5, ""sample_3_x"": 883.5, ""sample_3_y"": 498, ""sample_4_time"": 833, ""sample_0_time"": 16, ""sample_0_x"": 744.5, ""first_y"": 382, ""sample_2_x"": 842.5, ""sample_4_x"": 905.5, ""sample_3_time"": 632, ""last_x"": 905.5, ""first_x"": 744.5, ""sample_0_y"": 382, ""sample_2_y"": 450, ""last_y"": 536}",Q4 (270-360<U+00B0>),Q4 (270-360<U+00B0>),TRUE,TRUE,Correct,315,1.8695248999999876,1.8695248999999876,1.8695248999999876,1.8695248999999876,TRUE
166360,21,righth,2,yes,2,"""5-10""",37,225,216.4860121,2252,501,"{""sample_4_x"": 539.5, ""sample_0_y"": 371, ""sample_1_x"": 615.5, ""sample_3_x"": 547.5, ""sample_4_time"": 500, ""sample_3_y"": 499, ""sample_4_y"": 515, ""sample_0_x"": 710.5, ""sample_2_x"": 562.5, ""first_x"": 710.5, ""last_time"": 500, ""last_y"": 515, ""sample_0_time"": 16, ""count"": 30, ""last_x"": 539.5, ""first_time"": 16, ""sample_3_time"": 383, ""sample_1_y"": 439, ""sample_1_time"": 133, ""sample_2_time"": 266, ""sample_2_y"": 484, ""first_y"": 371}",Q3 (180-270<U+00B0>),Q3 (180-270<U+00B0>),TRUE,TRUE,Correct,225,8.51398789999999,8.51398789999999,8.51398789999999,8.51398789999999,TRUE
166360,21,righth,2,yes,2,"""5-10""",38,135,134.1449026,2223,1100,"{""sample_3_y"": 223, ""sample_0_y"": 349, ""sample_3_x"": 605.5, ""sample_4_y"": 203, ""count"": 66, ""sample_1_x"": 666.5, ""sample_2_time"": 566, ""sample_0_time"": 16, ""sample_4_x"": 566.5, ""sample_1_time"": 283, ""sample_2_x"": 631.5, ""sample_3_time"": 833, ""last_x"": 566.5, ""first_time"": 16, ""first_x"": 716.5, ""sample_4_time"": 1100, ""sample_0_x"": 716.5, ""last_time"": 1100, ""first_y"": 349, ""last_y"": 203, ""sample_2_y"": 253, ""sample_1_y"": 292}",Q2 (90-180<U+00B0>),Q2 (90-180<U+00B0>),TRUE,TRUE,Correct,135,0.8550974000000053,0.8550974000000053,0.8550974000000053,0.8550974000000053,TRUE
166360,21,righth,2,yes,2,"""5-10""",39,45,45.33703011,2322,718,"{""sample_2_y"": 254, ""sample_1_x"": 797.5, ""first_y"": 346, ""count"": 43, ""last_time"": 717, ""sample_1_y"": 283, ""sample_4_time"": 717, ""sample_2_x"": 828.5, ""sample_4_y"": 202, ""sample_3_x"": 859.5, ""sample_0_time"": 17, ""sample_0_x"": 749.5, ""sample_1_time"": 183, ""last_y"": 202, ""sample_4_x"": 900.5, ""sample_0_y"": 346, ""first_x"": 749.5, ""sample_3_time"": 550, ""sample_2_time"": 367, ""first_time"": 17, ""sample_3_y"": 229, ""last_x"": 900.5}",Q1 (0-90<U+00B0>),Q1 (0-90<U+00B0>),TRUE,TRUE,Correct,45,0.3370301100000006,0.3370301100000006,0.3370301100000006,0.3370301100000006,TRUE
166360,21,righth,2,yes,2,"""5-10""",40,225,232.9863841,2852,2451,"{""sample_4_time"": 2450, ""sample_3_y"": 492, ""sample_1_time"": 800, ""sample_2_y"": 396, ""sample_3_x"": 628.5, ""sample_0_time"": 16, ""sample_1_y"": 430, ""sample_0_y"": 389, ""last_y"": 564, ""sample_4_y"": 564, ""first_y"": 389, ""sample_3_time"": 1916, ""last_time"": 2450, ""sample_2_x"": 686.5, ""sample_2_time"": 1366, ""sample_4_x"": 587.5, ""count"": 132, ""sample_1_x"": 800.5, ""sample_0_x"": 742.5, ""last_x"": 587.5, ""first_time"": 16, ""first_x"": 742.5}",Q3 (180-270<U+00B0>),Q3 (180-270<U+00B0>),TRUE,TRUE,Correct,225,7.986384100000009,7.986384100000009,7.986384100000009,7.986384100000009,TRUE
166360,21,righth,2,yes,2,"""5-10""",41,135,137.0576459,2361,1051,"{""sample_4_y"": 212, ""sample_4_x"": 558.5, ""first_x"": 725.5, ""sample_1_y"": 305, ""sample_3_x"": 598.5, ""sample_2_x"": 640.5, ""last_time"": 1050, ""sample_1_x"": 686.5, ""sample_0_y"": 354, ""first_time"": 16, ""sample_3_y"": 231, ""sample_0_time"": 16, ""last_x"": 558.5, ""sample_2_time"": 533, ""sample_4_time"": 1050, ""last_y"": 212, ""sample_2_y"": 265, ""sample_0_x"": 725.5, ""first_y"": 354, ""sample_3_time"": 800, ""sample_1_time"": 267, ""count"": 63}",Q2 (90-180<U+00B0>),Q2 (90-180<U+00B0>),TRUE,TRUE,Correct,135,2.0576459000000114,2.0576459000000114,2.0576459000000114,2.0576459000000114,TRUE
166360,21,righth,2,yes,2,"""5-10""",42,135,134.1449026,2352,2251,"{""sample_2_time"": 1216, ""sample_4_y"": 203, ""sample_0_y"": 358, ""last_time"": 2250, ""sample_3_y"": 294, ""sample_1_x"": 862.5, ""first_x"": 747.5, ""sample_3_time"": 1734, ""first_time"": 16, ""sample_3_x"": 658.5, ""sample_1_time"": 533, ""first_y"": 358, ""sample_2_x"": 719.5, ""sample_4_time"": 2250, ""sample_4_x"": 566.5, ""sample_1_y"": 231, ""count"": 126, ""last_x"": 566.5, ""sample_2_y"": 391, ""sample_0_time"": 16, ""sample_0_x"": 747.5, ""last_y"": 203}",Q2 (90-180<U+00B0>),Q2 (90-180<U+00B0>),TRUE,TRUE,Correct,135,0.8550974000000053,0.8550974000000053,0.8550974000000053,0.8550974000000053,TRUE
166360,21,righth,2,yes,2,"""5-10""",43,225,313.1193218,2406,967,"{""sample_3_y"": 521, ""sample_1_time"": 249, ""sample_2_time"": 499, ""first_x"": 737.5, ""sample_2_y"": 483, ""first_time"": 15, ""sample_1_y"": 435, ""last_x"": 893.5, ""sample_0_x"": 737.5, ""count"": 58, ""last_time"": 966, ""sample_0_y"": 389, ""sample_1_x"": 806.5, ""last_y"": 546, ""sample_2_x"": 854.5, ""first_y"": 389, ""sample_4_y"": 546, ""sample_3_x"": 882.5, ""sample_0_time"": 15, ""sample_3_time"": 732, ""sample_4_x"": 893.5, ""sample_4_time"": 966}",Q3 (180-270<U+00B0>),Q4 (270-360<U+00B0>),FALSE,TRUE,Formant,315,1.880678199999977,1.880678199999977,88.11932180000002,88.11932180000002,FALSE
166360,21,righth,2,yes,2,"""5-10""",44,45,49.08561678,2254,734,"{""sample_2_y"": 256, ""sample_3_y"": 214, ""sample_3_x"": 854.5, ""first_x"": 745.5, ""sample_1_y"": 301, ""sample_0_time"": 17, ""first_y"": 350, ""first_time"": 17, ""count"": 44, ""sample_0_y"": 350, ""sample_4_x"": 887.5, ""sample_4_y"": 193, ""sample_3_time"": 568, ""sample_1_x"": 782.5, ""sample_2_time"": 383, ""last_x"": 887.5, ""sample_2_x"": 818.5, ""last_y"": 193, ""sample_0_x"": 745.5, ""sample_4_time"": 733, ""sample_1_time"": 201, ""last_time"": 733}",Q1 (0-90<U+00B0>),Q1 (0-90<U+00B0>),TRUE,TRUE,Correct,45,4.085616780000002,4.085616780000002,4.085616780000002,4.085616780000002,TRUE
166360,21,righth,2,yes,2,"""5-10""",45,135,137.4002145,2279,968,"{""sample_3_x"": 577.5, ""sample_4_y"": 213, ""count"": 58, ""sample_4_x"": 557.5, ""sample_2_y"": 240, ""first_time"": 17, ""sample_1_y"": 276, ""sample_0_x"": 714.5, ""first_y"": 349, ""last_x"": 557.5, ""sample_2_time"": 500, ""sample_0_y"": 349, ""sample_0_time"": 17, ""last_time"": 967, ""sample_3_y"": 215, ""sample_3_time"": 733, ""sample_4_time"": 967, ""sample_1_x"": 645.5, ""first_x"": 714.5, ""last_y"": 213, ""sample_1_time"": 250, ""sample_2_x"": 612.5}",Q2 (90-180<U+00B0>),Q2 (90-180<U+00B0>),TRUE,TRUE,Correct,135,2.400214500000004,2.400214500000004,2.400214500000004,2.400214500000004,TRUE
166360,21,righth,2,yes,2,"""5-10""",46,45,48.32740424,2053,585,"{""sample_4_x"": 893.5, ""last_x"": 893.5, ""sample_2_y"": 264, ""first_y"": 358, ""sample_4_time"": 584, ""sample_3_time"": 450, ""sample_2_time"": 301, ""sample_3_y"": 224, ""last_y"": 191, ""sample_4_y"": 191, ""count"": 35, ""sample_0_x"": 739.5, ""first_x"": 739.5, ""sample_2_x"": 804.5, ""sample_1_time"": 150, ""sample_1_x"": 758.5, ""sample_0_time"": 17, ""sample_1_y"": 319, ""first_time"": 17, ""sample_0_y"": 358, ""sample_3_x"": 848.5, ""last_time"": 584}",Q1 (0-90<U+00B0>),Q1 (0-90<U+00B0>),TRUE,TRUE,Correct,45,3.32740424,3.32740424,3.32740424,3.32740424,TRUE
166360,21,righth,2,yes,2,"""5-10""",47,225,229.451174,2458,1334,"{""sample_2_y"": 457, ""sample_4_x"": 577.5, ""sample_3_y"": 515, ""last_y"": 553, ""sample_3_x"": 610.5, ""sample_1_y"": 435, ""first_x"": 711.5, ""last_time"": 1333, ""sample_0_x"": 711.5, ""first_y"": 391, ""sample_4_y"": 553, ""sample_0_time"": 17, ""last_x"": 577.5, ""sample_4_time"": 1333, ""sample_0_y"": 391, ""sample_1_time"": 351, ""sample_2_x"": 654.5, ""sample_2_time"": 684, ""count"": 80, ""sample_3_time"": 1017, ""sample_1_x"": 674.5, ""first_time"": 17}",Q3 (180-270<U+00B0>),Q3 (180-270<U+00B0>),TRUE,TRUE,Correct,225,4.451174000000009,4.451174000000009,4.451174000000009,4.451174000000009,TRUE
166360,21,righth,2,yes,2,"""5-10""",48,45,128.6973546,2475,1951,"{""sample_1_y"": 289, ""sample_0_time"": 17, ""last_y"": 187, ""sample_2_x"": 736.5, ""count"": 108, ""last_time"": 1950, ""sample_1_x"": 790.5, ""first_y"": 354, ""sample_0_x"": 740.5, ""sample_4_time"": 1950, ""sample_2_y"": 339, ""sample_3_x"": 641.5, ""sample_1_time"": 467, ""sample_3_y"": 263, ""sample_4_y"": 187, ""sample_3_time"": 1517, ""first_time"": 17, ""sample_2_time"": 1051, ""first_x"": 740.5, ""sample_4_x"": 582.5, ""sample_0_y"": 354, ""last_x"": 582.5}",Q1 (0-90<U+00B0>),Q2 (90-180<U+00B0>),FALSE,TRUE,Formant,135,6.302645399999989,6.302645399999989,83.69735460000001,83.69735460000001,FALSE
166360,21,righth,2,yes,2,"""5-10""",49,135,136.7149302,2294,701,"{""sample_4_time"": 700, ""first_time"": 17, ""sample_0_y"": 342, ""last_x"": 559.5, ""count"": 42, ""sample_1_time"": 182, ""sample_0_time"": 17, ""sample_1_x"": 669.5, ""sample_2_time"": 366, ""sample_1_y"": 273, ""sample_3_y"": 218, ""sample_2_y"": 237, ""last_time"": 700, ""last_y"": 211, ""sample_3_x"": 595.5, ""sample_4_y"": 211, ""sample_4_x"": 559.5, ""sample_0_x"": 721.5, ""sample_2_x"": 625.5, ""sample_3_time"": 532, ""first_y"": 342, ""first_x"": 721.5}",Q2 (90-180<U+00B0>),Q2 (90-180<U+00B0>),TRUE,TRUE,Correct,135,1.7149301999999977,1.7149301999999977,1.7149301999999977,1.7149301999999977,TRUE
166360,21,righth,2,yes,2,"""5-10""",50,45,42.59978554,2254,2167,"{""last_x"": 905.5, ""sample_0_y"": 349, ""sample_4_y"": 213, ""sample_1_x"": 842.5, ""last_y"": 213, ""sample_0_x"": 755.5, ""count"": 117, ""sample_3_time"": 1632, ""sample_3_y"": 369, ""first_x"": 755.5, ""first_y"": 349, ""sample_1_y"": 221, ""sample_2_y"": 262, ""last_time"": 2166, ""sample_3_x"": 717.5, ""sample_2_time"": 1133, ""sample_1_time"": 499, ""sample_2_x"": 807.5, ""sample_4_x"": 905.5, ""first_time"": 16, ""sample_4_time"": 2166, ""sample_0_time"": 16}",Q1 (0-90<U+00B0>),Q1 (0-90<U+00B0>),TRUE,TRUE,Correct,45,2.400214460000001,2.400214460000001,2.400214460000001,2.400214460000001,TRUE
166360,21,righth,2,yes,2,"""5-10""",51,45,47.04540849,2317,985,"{""sample_0_x"": 747.5, ""sample_2_y"": 297, ""first_time"": 17, ""sample_2_time"": 500, ""sample_1_y"": 324, ""sample_3_time"": 751, ""count"": 59, ""sample_4_y"": 199, ""sample_2_x"": 809.5, ""last_x"": 893.5, ""first_y"": 360, ""sample_4_time"": 984, ""sample_0_y"": 360, ""first_x"": 747.5, ""last_time"": 984, ""sample_1_time"": 251, ""sample_0_time"": 17, ""last_y"": 199, ""sample_3_x"": 855.5, ""sample_3_y"": 236, ""sample_4_x"": 893.5, ""sample_1_x"": 786.5}",Q1 (0-90<U+00B0>),Q1 (0-90<U+00B0>),TRUE,TRUE,Correct,45,2.04540849,2.04540849,2.04540849,2.04540849,TRUE
166360,21,righth,2,yes,2,"""5-10""",52,315,316.5118543,2205,1050,"{""sample_2_time"": 532, ""count"": 63, ""last_time"": 1049, ""sample_4_time"": 1049, ""sample_4_x"": 906.5, ""sample_2_x"": 834.5, ""sample_0_x"": 741.5, ""first_x"": 741.5, ""first_y"": 388, ""sample_3_x"": 866.5, ""sample_1_y"": 423, ""last_y"": 539, ""sample_2_y"": 463, ""sample_4_y"": 539, ""sample_1_x"": 782.5, ""sample_0_y"": 388, ""sample_3_time"": 799, ""sample_0_time"": 16, ""first_time"": 16, ""sample_3_y"": 494, ""sample_1_time"": 266, ""last_x"": 906.5}",Q4 (270-360<U+00B0>),Q4 (270-360<U+00B0>),TRUE,TRUE,Correct,315,1.5118542999999818,1.5118542999999818,1.5118542999999818,1.5118542999999818,TRUE
166360,21,righth,2,yes,2,"""5-10""",53,135,134.1499766,2403,1134,"{""last_y"": 202, ""sample_3_y"": 233, ""last_time"": 1133, ""sample_1_y"": 330, ""first_x"": 722.5, ""sample_2_time"": 583, ""sample_2_y"": 282, ""last_x"": 565.5, ""sample_4_x"": 565.5, ""sample_3_x"": 605.5, ""sample_1_x"": 702.5, ""sample_3_time"": 867, ""sample_0_x"": 722.5, ""sample_0_time"": 17, ""first_y"": 360, ""sample_2_x"": 662.5, ""sample_4_y"": 202, ""sample_4_time"": 1133, ""sample_1_time"": 300, ""count"": 68, ""sample_0_y"": 360, ""first_time"": 17}",Q2 (90-180<U+00B0>),Q2 (90-180<U+00B0>),TRUE,TRUE,Correct,135,0.8500233999999978,0.8500233999999978,0.8500233999999978,0.8500233999999978,TRUE
166360,21,righth,2,yes,2,"""5-10""",54,225,232.3578387,2305,3267,"{""last_x"": 586.5, ""sample_4_y"": 561, ""sample_2_x"": 755.5, ""last_time"": 3266, ""first_x"": 742.5, ""sample_0_x"": 742.5, ""sample_1_x"": 851.5, ""sample_3_y"": 453, ""first_time"": 16, ""first_y"": 385, ""sample_2_y"": 371, ""sample_3_x"": 628.5, ""sample_0_time"": 16, ""sample_3_time"": 2500, ""sample_4_x"": 586.5, ""last_y"": 561, ""sample_0_y"": 385, ""sample_2_time"": 1683, ""count"": 188, ""sample_1_time"": 800, ""sample_1_y"": 487, ""sample_4_time"": 3266}",Q3 (180-270<U+00B0>),Q3 (180-270<U+00B0>),TRUE,TRUE,Correct,225,7.357838700000002,7.357838700000002,7.357838700000002,7.357838700000002,TRUE
166360,21,righth,2,yes,2,"""5-10""",55,135,134.6609757,2340,1084,"{""sample_4_y"": 203, ""sample_1_y"": 307, ""first_y"": 352, ""sample_0_x"": 727.5, ""sample_0_time"": 17, ""sample_4_time"": 1084, ""sample_2_y"": 270, ""sample_2_x"": 670.5, ""first_time"": 17, ""sample_0_y"": 352, ""sample_3_y"": 226, ""sample_4_x"": 563.5, ""count"": 65, ""first_x"": 727.5, ""last_x"": 563.5, ""sample_3_x"": 602.5, ""sample_1_time"": 283, ""last_time"": 1084, ""sample_3_time"": 817, ""sample_1_x"": 706.5, ""sample_2_time"": 550, ""last_y"": 203}",Q2 (90-180<U+00B0>),Q2 (90-180<U+00B0>),TRUE,TRUE,Correct,135,0.3390243000000055,0.3390243000000055,0.3390243000000055,0.3390243000000055,TRUE
166360,21,righth,2,yes,2,"""5-10""",56,225,232.1250163,2467,3851,"{""count"": 203, ""sample_2_x"": 803.5, ""sample_0_time"": 17, ""sample_4_y"": 562, ""sample_3_y"": 409, ""sample_2_y"": 398, ""last_x"": 584.5, ""first_time"": 17, ""sample_1_y"": 468, ""sample_1_time"": 918, ""sample_0_y"": 384, ""sample_0_x"": 742.5, ""sample_2_time"": 2084, ""last_y"": 562, ""sample_3_time"": 3017, ""sample_4_x"": 584.5, ""last_time"": 3850, ""sample_3_x"": 674.5, ""sample_4_time"": 3850, ""first_y"": 384, ""sample_1_x"": 856.5, ""first_x"": 742.5}",Q3 (180-270<U+00B0>),Q3 (180-270<U+00B0>),TRUE,TRUE,Correct,225,7.125016299999999,7.125016299999999,7.125016299999999,7.125016299999999,TRUE
166360,21,righth,2,yes,2,"""5-10""",57,45,44.1449026,2166,952,"{""sample_1_y"": 310, ""first_time"": 17, ""last_y"": 208, ""sample_2_y"": 282, ""last_time"": 950, ""count"": 57, ""sample_2_time"": 484, ""first_x"": 737.5, ""sample_3_y"": 250, ""sample_4_time"": 950, ""last_x"": 901.5, ""sample_1_time"": 250, ""first_y"": 353, ""sample_0_time"": 17, ""sample_3_x"": 835.5, ""sample_4_y"": 208, ""sample_2_x"": 794.5, ""sample_4_x"": 901.5, ""sample_1_x"": 764.5, ""sample_0_x"": 737.5, ""sample_0_y"": 353, ""sample_3_time"": 717}",Q1 (0-90<U+00B0>),Q1 (0-90<U+00B0>),TRUE,TRUE,Correct,45,0.8550973999999982,0.8550973999999982,0.8550973999999982,0.8550973999999982,TRUE
166360,21,righth,2,yes,2,"""5-10""",58,135,131.253838,2743,768,"{""last_x"": 574.5, ""sample_2_x"": 642.5, ""last_time"": 767, ""sample_0_x"": 721.5, ""sample_1_time"": 201, ""sample_4_y"": 194, ""sample_2_time"": 400, ""sample_4_x"": 574.5, ""first_y"": 347, ""sample_3_y"": 218, ""count"": 46, ""first_time"": 17, ""first_x"": 721.5, ""sample_2_y"": 237, ""sample_3_x"": 614.5, ""sample_0_time"": 17, ""sample_3_time"": 584, ""sample_4_time"": 767, ""sample_0_y"": 347, ""last_y"": 194, ""sample_1_x"": 685.5, ""sample_1_y"": 278}",Q2 (90-180<U+00B0>),Q2 (90-180<U+00B0>),TRUE,TRUE,Correct,135,3.746161999999998,3.746161999999998,3.746161999999998,3.746161999999998,TRUE
166360,21,righth,2,yes,2,"""5-10""",59,135,133.2850698,2281,818,"{""sample_4_y"": 201, ""sample_3_y"": 226, ""sample_3_time"": 617, ""sample_4_time"": 817, ""sample_0_x"": 711.5, ""sample_0_time"": 17, ""first_y"": 361, ""first_time"": 17, ""sample_0_y"": 361, ""last_y"": 201, ""sample_3_x"": 609.5, ""sample_1_time"": 217, ""sample_2_x"": 644.5, ""sample_1_x"": 679.5, ""sample_4_x"": 569.5, ""sample_1_y"": 322, ""count"": 49, ""first_x"": 711.5, ""last_time"": 817, ""sample_2_y"": 269, ""sample_2_time"": 417, ""last_x"": 569.5}",Q2 (90-180<U+00B0>),Q2 (90-180<U+00B0>),TRUE,TRUE,Correct,135,1.7149301999999977,1.7149301999999977,1.7149301999999977,1.7149301999999977,TRUE
166360,21,righth,2,yes,2,"""5-10""",60,45,47.03331567,2379,768,"{""sample_3_y"": 235, ""sample_4_y"": 198, ""sample_4_x"": 894.5, ""last_time"": 767, ""sample_2_x"": 809.5, ""sample_2_time"": 400, ""sample_3_x"": 846.5, ""sample_1_time"": 200, ""sample_1_y"": 298, ""sample_1_x"": 780.5, ""last_y"": 198, ""sample_2_y"": 267, ""sample_4_time"": 767, ""sample_3_time"": 583, ""last_x"": 894.5, ""first_time"": 17, ""first_y"": 353, ""count"": 46, ""sample_0_time"": 17, ""first_x"": 744.5, ""sample_0_y"": 353, ""sample_0_x"": 744.5}",Q1 (0-90<U+00B0>),Q1 (0-90<U+00B0>),TRUE,TRUE,Correct,45,2.0333156700000004,2.0333156700000004,2.0333156700000004,2.0333156700000004,TRUE
166360,21,righth,2,yes,2,"""5-10""",61,135,137.0576459,2291,768,"{""sample_3_x"": 606.5, ""count"": 46, ""sample_0_time"": 17, ""last_y"": 212, ""last_time"": 767, ""sample_1_y"": 300, ""sample_1_x"": 666.5, ""sample_3_y"": 244, ""sample_0_y"": 338, ""sample_3_time"": 583, ""sample_0_x"": 699.5, ""sample_1_time"": 200, ""sample_4_x"": 558.5, ""sample_2_y"": 273, ""sample_2_x"": 639.5, ""sample_2_time"": 400, ""first_y"": 338, ""first_time"": 17, ""sample_4_y"": 212, ""last_x"": 558.5, ""sample_4_time"": 767, ""first_x"": 699.5}",Q2 (90-180<U+00B0>),Q2 (90-180<U+00B0>),TRUE,TRUE,Correct,135,2.0576459000000114,2.0576459000000114,2.0576459000000114,2.0576459000000114,TRUE
166360,21,righth,2,yes,2,"""5-10""",62,315,311.9335145,2277,834,"{""sample_2_time"": 434, ""last_y"": 550, ""sample_2_y"": 483, ""sample_0_y"": 390, ""sample_1_y"": 444, ""sample_2_x"": 849.5, ""first_x"": 750.5, ""count"": 50, ""sample_1_time"": 217, ""sample_0_time"": 17, ""sample_3_x"": 871.5, ""last_x"": 890.5, ""last_time"": 833, ""first_y"": 390, ""sample_4_time"": 833, ""sample_4_y"": 550, ""first_time"": 17, ""sample_1_x"": 813.5, ""sample_4_x"": 890.5, ""sample_0_x"": 750.5, ""sample_3_y"": 515, ""sample_3_time"": 633}",Q4 (270-360<U+00B0>),Q4 (270-360<U+00B0>),TRUE,TRUE,Correct,315,3.066485499999999,3.066485499999999,3.066485499999999,3.066485499999999,TRUE
166360,21,righth,2,yes,2,"""5-10""",63,45,43.2850698,3080,850,"{""last_y"": 211, ""sample_4_time"": 849, ""sample_4_x"": 903.5, ""sample_1_x"": 763.5, ""sample_4_y"": 211, ""last_time"": 849, ""first_time"": 15, ""first_y"": 350, ""sample_2_time"": 432, ""sample_2_x"": 786.5, ""sample_1_y"": 310, ""sample_1_time"": 215, ""sample_0_y"": 350, ""sample_0_time"": 15, ""sample_3_x"": 850.5, ""sample_0_x"": 734.5, ""count"": 51, ""sample_3_y"": 248, ""first_x"": 734.5, ""sample_3_time"": 649, ""last_x"": 903.5, ""sample_2_y"": 291}",Q1 (0-90<U+00B0>),Q1 (0-90<U+00B0>),TRUE,TRUE,Correct,45,1.7149301999999977,1.7149301999999977,1.7149301999999977,1.7149301999999977,TRUE
166360,21,righth,2,yes,2,"""5-10""",64,225,230.4083322,2323,1051,"{""sample_0_y"": 379, ""sample_4_y"": 558, ""sample_4_time"": 1050, ""sample_3_time"": 801, ""sample_1_time"": 267, ""sample_0_time"": 17, ""sample_1_x"": 668.5, ""sample_4_x"": 578.5, ""last_time"": 1050, ""count"": 63, ""last_x"": 578.5, ""sample_3_y"": 499, ""sample_1_y"": 418, ""sample_2_time"": 534, ""first_y"": 379, ""first_x"": 713.5, ""sample_3_x"": 609.5, ""last_y"": 558, ""first_time"": 17, ""sample_2_y"": 453, ""sample_2_x"": 639.5, ""sample_0_x"": 713.5}",Q3 (180-270<U+00B0>),Q3 (180-270<U+00B0>),TRUE,TRUE,Correct,225,5.40833219999999,5.40833219999999,5.40833219999999,5.40833219999999,TRUE
166360,21,righth,2,yes,2,"""5-10""",65,135,133.4881457,2329,1100,"{""last_y"": 198, ""sample_2_time"": 550, ""last_x"": 565.5, ""sample_0_x"": 708.5, ""sample_1_time"": 283, ""sample_1_y"": 332, ""sample_3_x"": 611.5, ""sample_3_time"": 833, ""sample_2_y"": 291, ""first_y"": 359, ""sample_2_x"": 657.5, ""sample_4_y"": 198, ""sample_1_x"": 691.5, ""sample_4_x"": 565.5, ""sample_4_time"": 1100, ""last_time"": 1100, ""sample_0_time"": 17, ""first_x"": 708.5, ""sample_3_y"": 235, ""count"": 65, ""sample_0_y"": 359, ""first_time"": 17}",Q2 (90-180<U+00B0>),Q2 (90-180<U+00B0>),TRUE,TRUE,Correct,135,1.5118543000000102,1.5118543000000102,1.5118543000000102,1.5118543000000102,TRUE
166360,21,righth,2,yes,2,"""5-10""",66,225,314.3179396,2251,950,"{""count"": 57, ""sample_0_y"": 385, ""first_y"": 385, ""sample_1_y"": 437, ""first_x"": 745.5, ""sample_3_time"": 716, ""sample_4_x"": 897.5, ""sample_2_y"": 477, ""last_y"": 543, ""sample_1_x"": 813.5, ""last_x"": 897.5, ""sample_4_time"": 949, ""sample_0_time"": 17, ""sample_3_x"": 881.5, ""sample_4_y"": 543, ""sample_0_x"": 745.5, ""first_time"": 17, ""sample_1_time"": 250, ""sample_2_time"": 484, ""sample_2_x"": 853.5, ""last_time"": 949, ""sample_3_y"": 514}",Q3 (180-270<U+00B0>),Q4 (270-360<U+00B0>),FALSE,TRUE,Formant,315,0.6820604000000117,0.6820604000000117,89.31793959999999,89.31793959999999,FALSE
166360,21,righth,2,yes,2,"""5-10""",67,45,45.50702906,2045,867,"{""sample_1_x"": 779.5, ""sample_2_y"": 283, ""sample_1_time"": 266, ""sample_4_y"": 202, ""last_x"": 899.5, ""sample_0_y"": 361, ""sample_4_time"": 866, ""last_y"": 202, ""sample_3_x"": 856.5, ""first_time"": 16, ""first_x"": 742.5, ""sample_0_x"": 742.5, ""sample_3_y"": 244, ""sample_2_x"": 817.5, ""first_y"": 361, ""count"": 49, ""sample_0_time"": 16, ""sample_4_x"": 899.5, ""sample_2_time"": 466, ""sample_3_time"": 667, ""last_time"": 866, ""sample_1_y"": 322}",Q1 (0-90<U+00B0>),Q1 (0-90<U+00B0>),TRUE,TRUE,Correct,45,0.5070290600000007,0.5070290600000007,0.5070290600000007,0.5070290600000007,TRUE
166360,21,righth,2,yes,2,"""5-10""",68,135,137.357906,2320,917,"{""sample_2_x"": 638.5, ""last_time"": 917, ""sample_2_time"": 467, ""sample_4_time"": 917, ""sample_1_x"": 673.5, ""sample_4_x"": 554.5, ""first_y"": 357, ""last_y"": 210, ""last_x"": 554.5, ""sample_3_x"": 604.5, ""first_time"": 16, ""sample_3_y"": 242, ""sample_4_y"": 210, ""sample_3_time"": 700, ""count"": 55, ""sample_0_y"": 357, ""first_x"": 712.5, ""sample_0_time"": 16, ""sample_2_y"": 275, ""sample_1_time"": 233, ""sample_0_x"": 712.5, ""sample_1_y"": 313}",Q2 (90-180<U+00B0>),Q2 (90-180<U+00B0>),TRUE,TRUE,Correct,135,2.357906000000014,2.357906000000014,2.357906000000014,2.357906000000014,TRUE
166360,21,righth,2,yes,2,"""5-10""",69,45,42.30571571,2326,850,"{""sample_0_x"": 751.5, ""sample_2_time"": 433, ""first_x"": 751.5, ""sample_3_y"": 247, ""sample_4_x"": 909.5, ""sample_2_y"": 280, ""sample_4_time"": 849, ""first_time"": 17, ""last_x"": 909.5, ""sample_3_x"": 858.5, ""sample_1_time"": 217, ""last_time"": 849, ""sample_4_y"": 211, ""sample_0_time"": 17, ""sample_0_y"": 349, ""count"": 51, ""last_y"": 211, ""sample_2_x"": 826.5, ""sample_1_y"": 309, ""first_y"": 349, ""sample_3_time"": 650, ""sample_1_x"": 795.5}",Q1 (0-90<U+00B0>),Q1 (0-90<U+00B0>),TRUE,TRUE,Correct,45,2.694284289999999,2.694284289999999,2.694284289999999,2.694284289999999,TRUE
166360,21,righth,2,yes,2,"""5-10""",70,45,46.18994893,2336,917,"{""first_time"": 16, ""sample_3_y"": 243, ""first_x"": 735.5, ""last_time"": 916, ""sample_3_time"": 700, ""sample_1_y"": 311, ""sample_4_x"": 896.5, ""count"": 55, ""first_y"": 350, ""sample_0_y"": 350, ""sample_2_x"": 793.5, ""sample_1_time"": 234, ""sample_2_y"": 283, ""sample_4_y"": 201, ""last_y"": 201, ""last_x"": 896.5, ""sample_1_x"": 766.5, ""sample_2_time"": 467, ""sample_4_time"": 916, ""sample_3_x"": 836.5, ""sample_0_time"": 16, ""sample_0_x"": 735.5}",Q1 (0-90<U+00B0>),Q1 (0-90<U+00B0>),TRUE,TRUE,Correct,45,1.18994893,1.18994893,1.18994893,1.18994893,TRUE
166360,21,righth,2,yes,2,"""5-10""",71,315,311.0956601,2306,884,"{""first_time"": 17, ""last_x"": 888.5, ""sample_0_x"": 745.5, ""count"": 53, ""sample_2_x"": 826.5, ""sample_4_time"": 883, ""last_y"": 553, ""sample_3_x"": 859.5, ""sample_1_time"": 233, ""sample_0_time"": 17, ""sample_4_y"": 553, ""sample_3_y"": 524, ""sample_2_time"": 450, ""sample_0_y"": 403, ""sample_3_time"": 666, ""sample_2_y"": 492, ""last_time"": 883, ""sample_1_y"": 467, ""first_x"": 745.5, ""first_y"": 403, ""sample_4_x"": 888.5, ""sample_1_x"": 800.5}",Q4 (270-360<U+00B0>),Q4 (270-360<U+00B0>),TRUE,TRUE,Correct,315,3.904339900000025,3.904339900000025,3.904339900000025,3.904339900000025,TRUE
166360,21,righth,2,yes,2,"""5-10""",72,315,313.4702093,2133,701,"{""sample_1_y"": 441, ""sample_2_x"": 851.5, ""count"": 42, ""last_x"": 895.5, ""first_x"": 747.5, ""sample_0_y"": 376, ""first_y"": 376, ""last_time"": 700, ""sample_0_time"": 16, ""sample_1_x"": 813.5, ""sample_4_time"": 700, ""sample_0_x"": 747.5, ""sample_2_time"": 367, ""sample_2_y"": 487, ""sample_4_y"": 546, ""sample_3_time"": 533, ""sample_3_y"": 516, ""sample_3_x"": 873.5, ""last_y"": 546, ""first_time"": 16, ""sample_1_time"": 183, ""sample_4_x"": 895.5}",Q4 (270-360<U+00B0>),Q4 (270-360<U+00B0>),TRUE,TRUE,Correct,315,1.5297906999999782,1.5297906999999782,1.5297906999999782,1.5297906999999782,TRUE
166360,21,righth,2,yes,2,"""5-10""",73,315,319.2678933,2559,1018,"{""first_y"": 374, ""last_time"": 1017, ""sample_1_y"": 387, ""sample_0_x"": 750.5, ""sample_4_x"": 911.5, ""sample_1_x"": 784.5, ""sample_4_time"": 1017, ""last_y"": 528, ""first_time"": 17, ""sample_3_x"": 866.5, ""count"": 61, ""sample_4_y"": 528, ""sample_2_y"": 413, ""sample_2_time"": 516, ""sample_2_x"": 822.5, ""sample_3_time"": 767, ""sample_1_time"": 267, ""sample_0_y"": 374, ""sample_3_y"": 462, ""first_x"": 750.5, ""last_x"": 911.5, ""sample_0_time"": 17}",Q4 (270-360<U+00B0>),Q4 (270-360<U+00B0>),TRUE,TRUE,Correct,315,4.267893300000026,4.267893300000026,4.267893300000026,4.267893300000026,TRUE
166360,21,righth,2,yes,2,"""5-10""",74,45,42.66948113,2617,2834,"{""sample_0_time"": 17, ""sample_4_y"": 208, ""sample_4_x"": 910.5, ""sample_1_y"": 271, ""count"": 152, ""sample_2_y"": 299, ""sample_4_time"": 2834, ""sample_0_x"": 718.5, ""sample_0_y"": 362, ""sample_1_x"": 636.5, ""sample_3_y"": 334, ""first_y"": 362, ""first_x"": 718.5, ""sample_2_time"": 1533, ""last_y"": 208, ""sample_1_time"": 650, ""sample_3_x"": 779.5, ""first_time"": 17, ""sample_3_time"": 2183, ""sample_2_x"": 668.5, ""last_x"": 910.5, ""last_time"": 2834}",Q1 (0-90<U+00B0>),Q1 (0-90<U+00B0>),TRUE,TRUE,Correct,45,2.330518869999999,2.330518869999999,2.330518869999999,2.330518869999999,TRUE
166360,21,righth,2,yes,2,"""5-10""",75,225,311.275942,2341,1450,"{""sample_2_y"": 453, ""sample_3_time"": 1032, ""sample_0_y"": 390, ""sample_2_time"": 716, ""first_y"": 390, ""count"": 77, ""last_y"": 553, ""first_x"": 752.5, ""sample_1_time"": 366, ""last_x"": 889.5, ""sample_2_x"": 826.5, ""last_time"": 1449, ""first_time"": 16, ""sample_1_y"": 429, ""sample_4_y"": 553, ""sample_1_x"": 805.5, ""sample_0_time"": 16, ""sample_4_x"": 889.5, ""sample_3_y"": 513, ""sample_3_x"": 867.5, ""sample_4_time"": 1449, ""sample_0_x"": 752.5}",Q3 (180-270<U+00B0>),Q4 (270-360<U+00B0>),FALSE,TRUE,Formant,315,3.7240580000000136,3.7240580000000136,86.27594199999999,86.27594199999999,FALSE
166360,21,righth,2,yes,2,"""5-10""",76,315,316.6459775,2428,884,"{""last_x"": 910.5, ""sample_1_y"": 388, ""sample_0_x"": 750.5, ""first_x"": 750.5, ""last_y"": 542, ""sample_2_time"": 450, ""sample_4_y"": 542, ""sample_3_x"": 869.5, ""sample_4_x"": 910.5, ""count"": 53, ""last_time"": 883, ""sample_3_time"": 666, ""sample_0_time"": 17, ""sample_3_y"": 460, ""sample_1_x"": 784.5, ""sample_4_time"": 883, ""sample_1_time"": 232, ""first_time"": 17, ""sample_2_x"": 822.5, ""sample_2_y"": 418, ""first_y"": 373, ""sample_0_y"": 373}",Q4 (270-360<U+00B0>),Q4 (270-360<U+00B0>),TRUE,TRUE,Correct,315,1.645977500000015,1.645977500000015,1.645977500000015,1.645977500000015,TRUE
166360,21,righth,2,yes,2,"""5-10""",77,225,310.2921478,2325,3083,"{""last_y"": 557, ""sample_3_y"": 413, ""first_y"": 366, ""last_time"": 3082, ""sample_3_x"": 813.5, ""last_x"": 887.5, ""sample_1_time"": 716, ""sample_2_y"": 378, ""first_time"": 16, ""sample_2_x"": 693.5, ""first_x"": 714.5, ""sample_4_time"": 3082, ""count"": 161, ""sample_4_y"": 557, ""sample_3_time"": 2333, ""sample_0_x"": 714.5, ""sample_1_y"": 415, ""sample_1_x"": 618.5, ""sample_4_x"": 887.5, ""sample_0_time"": 16, ""sample_2_time"": 1666, ""sample_0_y"": 366}",Q3 (180-270<U+00B0>),Q4 (270-360<U+00B0>),FALSE,TRUE,Formant,315,4.707852199999991,4.707852199999991,85.29214780000001,85.29214780000001,FALSE
166360,21,righth,2,yes,2,"""5-10""",78,315,325.0472369,2265,683,"{""sample_2_y"": 437, ""last_time"": 682, ""sample_2_time"": 349, ""sample_0_y"": 378, ""last_y"": 510, ""sample_0_x"": 774.5, ""last_x"": 927.5, ""sample_4_y"": 510, ""sample_3_y"": 467, ""sample_4_time"": 682, ""sample_1_time"": 183, ""sample_0_time"": 16, ""sample_2_x"": 889.5, ""first_y"": 378, ""sample_1_y"": 406, ""sample_3_x"": 910.5, ""first_x"": 774.5, ""sample_4_x"": 927.5, ""sample_3_time"": 517, ""sample_1_x"": 851.5, ""count"": 41, ""first_time"": 16}",Q4 (270-360<U+00B0>),Q4 (270-360<U+00B0>),TRUE,TRUE,Correct,315,10.047236899999973,10.047236899999973,10.047236899999973,10.047236899999973,TRUE
166360,21,righth,2,yes,2,"""5-10""",79,315,225.5130828,2293,934,"{""sample_3_y"": 478, ""sample_0_x"": 710.5, ""sample_4_y"": 542, ""sample_4_x"": 565.5, ""sample_1_x"": 666.5, ""sample_1_time"": 250, ""sample_2_x"": 623.5, ""first_y"": 371, ""sample_0_y"": 371, ""sample_1_y"": 383, ""sample_2_y"": 418, ""last_time"": 933, ""sample_0_time"": 17, ""sample_3_time"": 717, ""first_x"": 710.5, ""last_y"": 542, ""count"": 56, ""first_time"": 17, ""sample_4_time"": 933, ""sample_2_time"": 483, ""last_x"": 565.5, ""sample_3_x"": 587.5}",Q4 (270-360<U+00B0>),Q3 (180-270<U+00B0>),FALSE,TRUE,Formant,225,0.5130828000000065,0.5130828000000065,89.4869172,89.4869172,FALSE
166360,21,righth,2,yes,2,"""5-10""",80,315,317.2223032,2485,1099,"{""sample_1_x"": 778.5, ""last_x"": 905.5, ""sample_4_time"": 1099, ""first_x"": 748.5, ""first_time"": 20, ""sample_1_time"": 282, ""sample_0_y"": 387, ""last_y"": 534, ""sample_2_y"": 456, ""first_y"": 387, ""sample_4_x"": 905.5, ""sample_0_x"": 748.5, ""sample_4_y"": 534, ""sample_3_y"": 495, ""sample_3_x"": 841.5, ""last_time"": 1099, ""sample_1_y"": 425, ""sample_2_time"": 567, ""sample_2_x"": 802.5, ""count"": 66, ""sample_0_time"": 20, ""sample_3_time"": 833}",Q4 (270-360<U+00B0>),Q4 (270-360<U+00B0>),TRUE,TRUE,Correct,315,2.222303199999999,2.222303199999999,2.222303199999999,2.222303199999999,TRUE
166360,21,righth,2,yes,2,"""5-10""",81,225,310.7573427,2800,4005,"{""sample_2_y"": 531, ""sample_0_time"": 18, ""first_y"": 377, ""first_x"": 713.5, ""sample_3_time"": 3370, ""sample_0_y"": 377, ""sample_1_time"": 650, ""count"": 154, ""sample_4_time"": 4004, ""sample_4_x"": 887.5, ""sample_3_y"": 547, ""sample_3_x"": 690.5, ""sample_2_time"": 2152, ""last_y"": 554, ""sample_4_y"": 554, ""first_time"": 18, ""sample_0_x"": 713.5, ""sample_1_y"": 513, ""last_time"": 4004, ""sample_2_x"": 587.5, ""sample_1_x"": 678.5, ""last_x"": 887.5}",Q3 (180-270<U+00B0>),Q4 (270-360<U+00B0>),FALSE,TRUE,Formant,315,4.242657300000019,4.242657300000019,85.75734269999998,85.75734269999998,FALSE
166360,21,righth,2,yes,2,"""5-10""",82,45,45.84500922,2266,683,"{""sample_2_y"": 230, ""sample_3_y"": 208, ""sample_1_x"": 766.5, ""sample_3_time"": 516, ""count"": 41, ""sample_3_x"": 858.5, ""sample_2_time"": 349, ""last_x"": 898.5, ""sample_4_x"": 898.5, ""sample_1_y"": 280, ""last_time"": 683, ""sample_4_y"": 201, ""first_y"": 342, ""first_x"": 738.5, ""sample_0_time"": 16, ""first_time"": 16, ""sample_2_x"": 818.5, ""sample_0_y"": 342, ""sample_0_x"": 738.5, ""sample_1_time"": 183, ""sample_4_time"": 683, ""last_y"": 201}",Q1 (0-90<U+00B0>),Q1 (0-90<U+00B0>),TRUE,TRUE,Correct,45,0.8450092200000014,0.8450092200000014,0.8450092200000014,0.8450092200000014,TRUE
166360,21,righth,2,yes,2,"""5-10""",83,135,136.5297907,2299,734,"{""sample_0_time"": 16, ""sample_0_x"": 703.5, ""sample_1_time"": 199, ""sample_0_y"": 347, ""sample_4_y"": 209, ""sample_2_y"": 266, ""sample_3_time"": 567, ""sample_1_y"": 309, ""last_time"": 732, ""sample_2_x"": 626.5, ""first_y"": 347, ""count"": 44, ""last_x"": 558.5, ""sample_4_x"": 558.5, ""last_y"": 209, ""sample_3_x"": 580.5, ""sample_2_time"": 383, ""sample_1_x"": 673.5, ""sample_4_time"": 732, ""first_x"": 703.5, ""sample_3_y"": 219, ""first_time"": 16}",Q2 (90-180<U+00B0>),Q2 (90-180<U+00B0>),TRUE,TRUE,Correct,135,1.5297907000000066,1.5297907000000066,1.5297907000000066,1.5297907000000066,TRUE
166360,21,righth,2,yes,2,"""5-10""",84,315,230.3185127,2454,1068,"{""sample_3_x"": 597.5, ""sample_2_y"": 466, ""sample_3_y"": 517, ""sample_2_time"": 551, ""first_y"": 373, ""sample_1_time"": 284, ""sample_2_x"": 623.5, ""sample_4_x"": 580.5, ""first_time"": 18, ""sample_4_time"": 1067, ""first_x"": 710.5, ""sample_0_x"": 710.5, ""sample_3_time"": 818, ""last_x"": 580.5, ""last_time"": 1067, ""sample_4_y"": 555, ""sample_0_y"": 373, ""sample_0_time"": 18, ""sample_1_y"": 427, ""last_y"": 555, ""count"": 63, ""sample_1_x"": 650.5}",Q4 (270-360<U+00B0>),Q3 (180-270<U+00B0>),FALSE,TRUE,Formant,225,5.318512700000014,5.318512700000014,84.68148729999999,84.68148729999999,FALSE
166360,21,righth,2,yes,2,"""5-10""",85,225,226.3639275,2805,735,"{""first_time"": 18, ""sample_0_y"": 386, ""sample_3_x"": 579.5, ""sample_3_y"": 501, ""sample_3_time"": 567, ""last_y"": 545, ""sample_2_time"": 384, ""sample_1_y"": 426, ""count"": 44, ""sample_2_x"": 611.5, ""last_time"": 734, ""sample_4_y"": 545, ""sample_4_x"": 567.5, ""sample_0_x"": 711.5, ""sample_0_time"": 18, ""first_y"": 386, ""sample_1_time"": 200, ""last_x"": 567.5, ""sample_2_y"": 458, ""sample_1_x"": 646.5, ""sample_4_time"": 734, ""first_x"": 711.5}",Q3 (180-270<U+00B0>),Q3 (180-270<U+00B0>),TRUE,TRUE,Correct,225,1.3639274999999884,1.3639274999999884,1.3639274999999884,1.3639274999999884,TRUE
166360,21,righth,2,yes,2,"""5-10""",86,135,42.09494495,2524,502,"{""first_y"": 350, ""sample_3_time"": 383, ""sample_0_time"": 17, ""sample_3_y"": 227, ""sample_4_x"": 907.5, ""sample_1_y"": 301, ""sample_0_y"": 350, ""count"": 30, ""last_x"": 907.5, ""sample_2_y"": 254, ""sample_1_time"": 133, ""sample_4_y"": 214, ""sample_1_x"": 802.5, ""first_time"": 17, ""sample_3_x"": 888.5, ""sample_2_time"": 267, ""sample_0_x"": 753.5, ""first_x"": 753.5, ""last_time"": 500, ""sample_2_x"": 853.5, ""last_y"": 214, ""sample_4_time"": 500}",Q2 (90-180<U+00B0>),Q1 (0-90<U+00B0>),FALSE,TRUE,Formant,45,2.9050550500000014,2.9050550500000014,92.90505505,92.90505505,FALSE
166360,21,righth,2,yes,2,"""5-10""",87,135,132.273689,2319,1066,"{""sample_3_x"": 614.5, ""last_time"": 1065, ""count"": 46, ""sample_3_time"": 883, ""sample_1_x"": 718.5, ""sample_2_time"": 699, ""first_time"": 191, ""sample_0_time"": 191, ""sample_1_time"": 465, ""sample_3_y"": 234, ""sample_4_x"": 571.5, ""sample_2_y"": 312, ""sample_2_x"": 677.5, ""sample_0_x"": 730.5, ""last_y"": 197, ""sample_4_y"": 197, ""first_y"": 386, ""sample_1_y"": 362, ""last_x"": 571.5, ""sample_4_time"": 1065, ""sample_0_y"": 386, ""first_x"": 730.5}",Q2 (90-180<U+00B0>),Q2 (90-180<U+00B0>),TRUE,TRUE,Correct,135,2.7263110000000097,2.7263110000000097,2.7263110000000097,2.7263110000000097,TRUE
166360,21,righth,2,yes,2,"""5-10""",88,45,40.78228252,2543,953,"{""sample_2_y"": 261, ""count"": 53, ""first_time"": 17, ""first_x"": 751.5, ""sample_2_x"": 830.5, ""last_y"": 216, ""sample_3_time"": 667, ""first_y"": 348, ""sample_3_x"": 871.5, ""sample_1_time"": 234, ""sample_0_time"": 17, ""last_x"": 913.5, ""sample_2_time"": 451, ""sample_0_x"": 751.5, ""sample_3_y"": 234, ""last_time"": 951, ""sample_1_y"": 283, ""sample_0_y"": 348, ""sample_1_x"": 806.5, ""sample_4_x"": 913.5, ""sample_4_y"": 216, ""sample_4_time"": 951}",Q1 (0-90<U+00B0>),Q1 (0-90<U+00B0>),TRUE,TRUE,Correct,45,4.2177174799999975,4.2177174799999975,4.2177174799999975,4.2177174799999975,TRUE
166360,21,righth,2,yes,2,"""5-10""",89,135,139.451174,2294,619,"{""sample_3_x"": 585.5, ""sample_2_x"": 611.5, ""sample_2_y"": 275, ""last_time"": 617, ""sample_3_time"": 467, ""sample_1_time"": 167, ""sample_2_time"": 317, ""sample_0_x"": 703.5, ""last_x"": 551.5, ""sample_4_y"": 219, ""last_y"": 219, ""sample_1_x"": 654.5, ""sample_3_y"": 249, ""count"": 37, ""sample_0_time"": 17, ""sample_1_y"": 309, ""sample_0_y"": 356, ""sample_4_time"": 617, ""sample_4_x"": 551.5, ""first_x"": 703.5, ""first_time"": 17, ""first_y"": 356}",Q2 (90-180<U+00B0>),Q2 (90-180<U+00B0>),TRUE,TRUE,Correct,135,4.451174000000009,4.451174000000009,4.451174000000009,4.451174000000009,TRUE
166360,21,righth,2,yes,2,"""5-10""",90,315,318.7685297,2566,849,"{""sample_4_time"": 848, ""count"": 51, ""last_time"": 848, ""first_y"": 378, ""last_x"": 909.5, ""sample_2_time"": 433, ""sample_0_x"": 746.5, ""first_x"": 746.5, ""sample_0_time"": 15, ""sample_0_y"": 378, ""last_y"": 529, ""sample_4_y"": 529, ""sample_2_y"": 405, ""sample_1_x"": 780.5, ""sample_3_time"": 648, ""sample_2_x"": 805.5, ""sample_1_time"": 214, ""sample_4_x"": 909.5, ""first_time"": 15, ""sample_1_y"": 391, ""sample_3_x"": 870.5, ""sample_3_y"": 461}",Q4 (270-360<U+00B0>),Q4 (270-360<U+00B0>),TRUE,TRUE,Correct,315,3.7685296999999878,3.7685296999999878,3.7685296999999878,3.7685296999999878,TRUE
166360,21,righth,2,yes,2,"""5-10""",91,315,317.7426114,2486,1084,"{""sample_4_time"": 1082, ""sample_0_x"": 749.5, ""count"": 56, ""last_y"": 532, ""sample_1_y"": 394, ""sample_3_x"": 884.5, ""sample_1_time"": 249, ""sample_0_time"": 15, ""sample_1_x"": 804.5, ""last_x"": 906.5, ""sample_2_x"": 845.5, ""first_time"": 15, ""sample_0_y"": 372, ""last_time"": 1082, ""sample_3_y"": 479, ""first_x"": 749.5, ""sample_2_y"": 431, ""sample_4_y"": 532, ""sample_3_time"": 715, ""sample_2_time"": 482, ""first_y"": 372, ""sample_4_x"": 906.5}",Q4 (270-360<U+00B0>),Q4 (270-360<U+00B0>),TRUE,TRUE,Correct,315,2.742611399999987,2.742611399999987,2.742611399999987,2.742611399999987,TRUE
166360,21,righth,2,yes,2,"""5-10""",92,225,229.451174,2181,1118,"{""sample_3_y"": 519, ""sample_3_time"": 784, ""sample_0_y"": 372, ""sample_1_y"": 391, ""sample_4_time"": 1117, ""last_x"": 577.5, ""sample_1_x"": 650.5, ""sample_1_time"": 267, ""sample_4_y"": 553, ""sample_0_x"": 715.5, ""sample_4_x"": 577.5, ""sample_2_y"": 433, ""count"": 62, ""first_time"": 17, ""first_x"": 715.5, ""first_y"": 372, ""sample_2_time"": 533, ""sample_0_time"": 17, ""sample_3_x"": 581.5, ""last_time"": 1117, ""last_y"": 553, ""sample_2_x"": 609.5}",Q3 (180-270<U+00B0>),Q3 (180-270<U+00B0>),TRUE,TRUE,Correct,225,4.451174000000009,4.451174000000009,4.451174000000009,4.451174000000009,TRUE
166360,21,righth,2,yes,2,"""5-10""",93,225,234.3235918,2373,850,"{""last_y"": 568, ""sample_1_y"": 416, ""sample_2_y"": 468, ""sample_4_y"": 568, ""first_y"": 387, ""sample_2_time"": 432, ""sample_3_x"": 600.5, ""sample_0_time"": 16, ""sample_4_time"": 849, ""sample_1_time"": 216, ""sample_2_x"": 622.5, ""sample_3_time"": 649, ""first_x"": 715.5, ""sample_0_x"": 715.5, ""last_time"": 849, ""first_time"": 16, ""last_x"": 591.5, ""sample_3_y"": 517, ""sample_0_y"": 387, ""count"": 51, ""sample_1_x"": 668.5, ""sample_4_x"": 591.5}",Q3 (180-270<U+00B0>),Q3 (180-270<U+00B0>),TRUE,TRUE,Correct,225,9.323591800000003,9.323591800000003,9.323591800000003,9.323591800000003,TRUE
166360,21,righth,2,yes,2,"""5-10""",94,225,230.6594818,2494,1386,"{""sample_0_x"": 711.5, ""first_y"": 379, ""sample_3_x"": 586.5, ""count"": 76, ""sample_1_time"": 350, ""sample_0_time"": 16, ""first_time"": 16, ""sample_1_y"": 417, ""sample_1_x"": 636.5, ""sample_2_y"": 459, ""sample_2_time"": 700, ""sample_4_x"": 581.5, ""sample_4_time"": 1384, ""last_x"": 581.5, ""sample_0_y"": 379, ""first_x"": 711.5, ""sample_3_time"": 1016, ""sample_3_y"": 522, ""last_time"": 1384, ""sample_2_x"": 609.5, ""sample_4_y"": 556, ""last_y"": 556}",Q3 (180-270<U+00B0>),Q3 (180-270<U+00B0>),TRUE,TRUE,Correct,225,5.659481800000009,5.659481800000009,5.659481800000009,5.659481800000009,TRUE
166360,21,righth,2,yes,2,"""5-10""",95,315,310.0524011,2430,918,"{""sample_1_y"": 417, ""count"": 55, ""first_time"": 16, ""last_time"": 916, ""sample_0_time"": 16, ""sample_2_time"": 466, ""sample_3_y"": 506, ""sample_3_x"": 866.5, ""first_y"": 387, ""sample_0_x"": 763.5, ""sample_3_time"": 700, ""last_y"": 555, ""sample_4_time"": 916, ""first_x"": 763.5, ""sample_2_y"": 462, ""sample_1_x"": 804.5, ""last_x"": 884.5, ""sample_2_x"": 843.5, ""sample_4_y"": 555, ""sample_0_y"": 387, ""sample_4_x"": 884.5, ""sample_1_time"": 233}",Q4 (270-360<U+00B0>),Q4 (270-360<U+00B0>),TRUE,TRUE,Correct,315,4.947598900000003,4.947598900000003,4.947598900000003,4.947598900000003,TRUE
166360,21,righth,2,yes,2,"""5-10""",96,225,224.1499766,2231,618,"{""sample_2_x"": 569.5, ""sample_3_time"": 467, ""sample_2_y"": 462, ""sample_4_x"": 560.5, ""sample_0_y"": 385, ""sample_3_y"": 502, ""sample_2_time"": 317, ""sample_1_x"": 606.5, ""sample_4_y"": 539, ""sample_0_time"": 17, ""first_x"": 719.5, ""sample_0_x"": 719.5, ""sample_1_y"": 425, ""last_y"": 539, ""last_time"": 617, ""first_time"": 17, ""sample_3_x"": 561.5, ""last_x"": 560.5, ""sample_4_time"": 617, ""count"": 37, ""sample_1_time"": 167, ""first_y"": 385}",Q3 (180-270<U+00B0>),Q3 (180-270<U+00B0>),TRUE,TRUE,Correct,225,0.8500233999999978,0.8500233999999978,0.8500233999999978,0.8500233999999978,TRUE
166360,21,righth,2,yes,2,"""5-10""",97,45,49.63546343,2061,618,"{""first_time"": 17, ""first_x"": 737.5, ""sample_4_time"": 617, ""count"": 37, ""sample_1_time"": 168, ""sample_2_time"": 317, ""sample_0_y"": 354, ""sample_0_x"": 737.5, ""sample_1_x"": 759.5, ""sample_3_time"": 467, ""last_y"": 193, ""sample_4_y"": 193, ""last_time"": 617, ""sample_1_y"": 310, ""sample_2_y"": 262, ""first_y"": 354, ""sample_3_x"": 830.5, ""last_x"": 884.5, ""sample_4_x"": 884.5, ""sample_2_x"": 786.5, ""sample_3_y"": 215, ""sample_0_time"": 17}",Q1 (0-90<U+00B0>),Q1 (0-90<U+00B0>),TRUE,TRUE,Correct,45,4.6354634300000015,4.6354634300000015,4.6354634300000015,4.6354634300000015,TRUE
166360,21,righth,2,yes,2,"""5-10""",98,225,229.4247845,2289,701,"{""last_time"": 700, ""sample_1_x"": 645.5, ""sample_2_y"": 458, ""sample_2_x"": 605.5, ""last_x"": 576.5, ""sample_0_time"": 16, ""sample_3_y"": 505, ""sample_1_y"": 421, ""sample_0_y"": 393, ""sample_4_y"": 554, ""sample_3_x"": 586.5, ""sample_4_time"": 700, ""first_y"": 393, ""sample_1_time"": 183, ""first_time"": 16, ""last_y"": 554, ""sample_3_time"": 533, ""sample_2_time"": 366, ""sample_0_x"": 695.5, ""count"": 42, ""sample_4_x"": 576.5, ""first_x"": 695.5}",Q3 (180-270<U+00B0>),Q3 (180-270<U+00B0>),TRUE,TRUE,Correct,225,4.424784499999987,4.424784499999987,4.424784499999987,4.424784499999987,TRUE
166360,21,righth,2,yes,2,"""5-10""",99,315,314.4988835,2437,651,"{""first_x"": 751.5, ""sample_1_time"": 167, ""sample_3_x"": 867.5, ""sample_2_time"": 333, ""last_y"": 546, ""first_y"": 393, ""sample_1_x"": 786.5, ""sample_0_y"": 393, ""sample_2_x"": 815.5, ""sample_3_y"": 496, ""sample_1_y"": 416, ""sample_4_time"": 650, ""sample_4_y"": 546, ""sample_0_time"": 17, ""last_time"": 650, ""count"": 39, ""first_time"": 17, ""last_x"": 901.5, ""sample_4_x"": 901.5, ""sample_2_y"": 439, ""sample_0_x"": 751.5, ""sample_3_time"": 500}",Q4 (270-360<U+00B0>),Q4 (270-360<U+00B0>),TRUE,TRUE,Correct,315,0.5011165000000233,0.5011165000000233,0.5011165000000233,0.5011165000000233,TRUE
166360,21,righth,2,yes,2,"""5-10""",100,315,314.1599461,2356,600,"{""count"": 36, ""sample_0_x"": 763.5, ""sample_2_time"": 315, ""sample_4_time"": 599, ""sample_4_x"": 899.5, ""sample_3_x"": 876.5, ""first_time"": 15, ""sample_3_time"": 465, ""first_x"": 763.5, ""sample_1_x"": 808.5, ""sample_2_x"": 844.5, ""sample_3_y"": 478, ""last_time"": 599, ""first_y"": 390, ""sample_1_y"": 409, ""sample_2_y"": 434, ""sample_0_time"": 15, ""last_x"": 899.5, ""sample_0_y"": 390, ""sample_4_y"": 546, ""last_y"": 546, ""sample_1_time"": 165}",Q4 (270-360<U+00B0>),Q4 (270-360<U+00B0>),TRUE,TRUE,Correct,315,0.8400538999999867,0.8400538999999867,0.8400538999999867,0.8400538999999867,TRUE
166375,20,righth,2,yes,3,"""10+""",21,315,314.1020206,3949,1634,"{""first_y"": 364, ""first_x"": 746, ""sample_1_y"": 396, ""sample_0_y"": 364, ""sample_2_x"": 846, ""sample_0_time"": 16, ""sample_4_x"": 892, ""sample_3_x"": 876, ""last_time"": 1634, ""sample_3_y"": 496, ""first_time"": 16, ""sample_2_y"": 448, ""sample_1_x"": 786, ""last_y"": 518, ""last_x"": 892, ""sample_1_time"": 417, ""sample_4_y"": 518, ""sample_3_time"": 1233, ""count"": 98, ""sample_0_x"": 746, ""sample_2_time"": 833, ""sample_4_time"": 1634}",Q4 (270-360<U+00B0>),Q4 (270-360<U+00B0>),TRUE,TRUE,Correct,315,0.897979399999997,0.897979399999997,0.897979399999997,0.897979399999997,TRUE
166375,20,righth,2,yes,3,"""10+""",22,45,48.03152386,2433,1683,"{""first_time"": 16, ""sample_2_y"": 230, ""count"": 99, ""first_y"": 345, ""sample_0_y"": 345, ""last_x"": 887, ""sample_4_time"": 1683, ""sample_0_x"": 750, ""sample_1_time"": 416, ""sample_2_time"": 833, ""sample_0_time"": 16, ""sample_1_y"": 275, ""last_time"": 1683, ""last_y"": 187, ""sample_4_y"": 187, ""sample_3_y"": 213, ""sample_1_x"": 811, ""sample_2_x"": 867, ""sample_3_time"": 1249, ""first_x"": 750, ""sample_3_x"": 886, ""sample_4_x"": 887}",Q1 (0-90<U+00B0>),Q1 (0-90<U+00B0>),TRUE,TRUE,Correct,45,3.03152386,3.03152386,3.03152386,3.03152386,TRUE
166375,20,righth,2,yes,3,"""10+""",23,135,138.4085744,2366,1249,"{""first_y"": 346, ""last_y"": 206, ""sample_4_y"": 206, ""count"": 75, ""sample_2_time"": 633, ""sample_4_time"": 1249, ""sample_0_x"": 709, ""sample_3_time"": 949, ""sample_1_x"": 629, ""sample_4_x"": 566, ""sample_0_time"": 16, ""sample_3_x"": 582, ""last_time"": 1249, ""first_time"": 16, ""sample_2_x"": 597, ""sample_2_y"": 243, ""first_x"": 709, ""last_x"": 566, ""sample_1_time"": 316, ""sample_3_y"": 228, ""sample_1_y"": 278, ""sample_0_y"": 346}",Q2 (90-180<U+00B0>),Q2 (90-180<U+00B0>),TRUE,TRUE,Correct,135,3.408574399999992,3.408574399999992,3.408574399999992,3.408574399999992,TRUE
166375,20,righth,2,yes,3,"""10+""",24,135,137.1475854,2281,751,"{""last_x"": 569, ""sample_1_y"": 262, ""sample_1_time"": 200, ""sample_0_y"": 332, ""sample_1_x"": 643, ""sample_2_time"": 383, ""sample_4_y"": 202, ""first_y"": 332, ""sample_4_x"": 569, ""count"": 45, ""first_x"": 712, ""sample_0_time"": 16, ""sample_2_y"": 226, ""first_time"": 16, ""sample_3_time"": 567, ""sample_4_time"": 750, ""sample_3_x"": 580, ""sample_3_y"": 209, ""last_y"": 202, ""sample_2_x"": 604, ""sample_0_x"": 712, ""last_time"": 750}",Q2 (90-180<U+00B0>),Q2 (90-180<U+00B0>),TRUE,TRUE,Correct,135,2.147585399999997,2.147585399999997,2.147585399999997,2.147585399999997,TRUE
166375,20,righth,2,yes,3,"""10+""",25,135,137.6754267,2381,667,"{""sample_1_time"": 183, ""sample_0_x"": 715, ""first_x"": 715, ""sample_4_time"": 667, ""count"": 40, ""last_y"": 203, ""sample_3_y"": 226, ""sample_3_time"": 517, ""sample_1_y"": 285, ""sample_0_y"": 345, ""sample_2_time"": 349, ""sample_0_time"": 17, ""sample_3_x"": 589, ""last_time"": 667, ""first_time"": 17, ""sample_4_y"": 203, ""sample_1_x"": 651, ""sample_2_x"": 616, ""sample_2_y"": 257, ""last_x"": 567, ""first_y"": 345, ""sample_4_x"": 567}",Q2 (90-180<U+00B0>),Q2 (90-180<U+00B0>),TRUE,TRUE,Correct,135,2.6754267000000027,2.6754267000000027,2.6754267000000027,2.6754267000000027,TRUE
166375,20,righth,2,yes,3,"""10+""",26,135,134.1076145,2549,600,"{""sample_3_y"": 216, ""sample_0_x"": 717, ""sample_4_time"": 599, ""sample_1_x"": 667, ""sample_2_x"": 625, ""sample_0_y"": 333, ""last_y"": 193, ""sample_4_y"": 193, ""last_time"": 599, ""sample_2_y"": 248, ""count"": 36, ""first_time"": 16, ""sample_4_x"": 577, ""sample_2_time"": 316, ""sample_1_y"": 296, ""sample_3_time"": 466, ""first_y"": 333, ""sample_0_time"": 16, ""first_x"": 717, ""sample_3_x"": 595, ""sample_1_time"": 166, ""last_x"": 577}",Q2 (90-180<U+00B0>),Q2 (90-180<U+00B0>),TRUE,TRUE,Correct,135,0.892385499999989,0.892385499999989,0.892385499999989,0.892385499999989,TRUE
166375,20,righth,2,yes,3,"""10+""",27,315,311.5914256,1748,634,"{""first_y"": 370, ""sample_2_y"": 492, ""sample_3_x"": 877, ""first_time"": 16, ""sample_1_y"": 457, ""sample_3_y"": 516, ""last_time"": 633, ""sample_4_y"": 525, ""count"": 38, ""sample_4_time"": 633, ""sample_2_time"": 333, ""sample_4_x"": 885, ""sample_1_time"": 167, ""sample_3_time"": 482, ""sample_2_x"": 857, ""sample_0_time"": 16, ""sample_1_x"": 827, ""sample_0_y"": 370, ""last_y"": 525, ""first_x"": 752, ""last_x"": 885, ""sample_0_x"": 752}",Q4 (270-360<U+00B0>),Q4 (270-360<U+00B0>),TRUE,TRUE,Correct,315,3.4085744000000204,3.4085744000000204,3.4085744000000204,3.4085744000000204,TRUE
166375,20,righth,2,yes,3,"""10+""",28,225,226.2570724,2065,334,"{""sample_4_time"": 334, ""last_y"": 519, ""first_x"": 723, ""count"": 20, ""sample_3_y"": 504, ""sample_0_time"": 17, ""sample_3_time"": 267, ""sample_2_time"": 183, ""sample_2_x"": 623, ""sample_0_y"": 377, ""sample_4_y"": 519, ""first_y"": 377, ""sample_4_x"": 579, ""sample_1_time"": 101, ""last_x"": 579, ""first_time"": 17, ""sample_2_y"": 475, ""sample_0_x"": 723, ""sample_3_x"": 595, ""last_time"": 334, ""sample_1_x"": 669, ""sample_1_y"": 432}",Q3 (180-270<U+00B0>),Q3 (180-270<U+00B0>),TRUE,TRUE,Correct,225,1.2570723999999984,1.2570723999999984,1.2570723999999984,1.2570723999999984,TRUE
166375,20,righth,2,yes,3,"""10+""",29,315,311.2801228,2031,535,"{""sample_2_time"": 284, ""first_time"": 18, ""sample_0_y"": 382, ""sample_1_time"": 151, ""sample_3_x"": 860, ""sample_4_x"": 886, ""sample_4_y"": 528, ""sample_0_time"": 18, ""sample_1_x"": 832, ""last_x"": 886, ""sample_0_x"": 764, ""sample_2_x"": 848, ""last_time"": 534, ""last_y"": 528, ""sample_2_y"": 489, ""first_x"": 764, ""sample_4_time"": 534, ""sample_3_y"": 507, ""first_y"": 382, ""sample_1_y"": 470, ""sample_3_time"": 418, ""count"": 32}",Q4 (270-360<U+00B0>),Q4 (270-360<U+00B0>),TRUE,TRUE,Correct,315,3.719877199999985,3.719877199999985,3.719877199999985,3.719877199999985,TRUE
166375,20,righth,2,yes,3,"""10+""",30,45,43.11932176,1848,784,"{""first_x"": 749, ""sample_0_y"": 340, ""sample_2_time"": 436, ""sample_1_time"": 200, ""sample_1_y"": 243, ""count"": 44, ""sample_3_time"": 617, ""last_y"": 194, ""sample_0_time"": 16, ""sample_3_x"": 854, ""sample_2_y"": 226, ""sample_2_x"": 913, ""first_time"": 16, ""first_y"": 340, ""sample_4_y"": 194, ""sample_1_x"": 884, ""sample_4_time"": 784, ""sample_0_x"": 749, ""sample_4_x"": 908, ""last_x"": 908, ""last_time"": 784, ""sample_3_y"": 260}",Q1 (0-90<U+00B0>),Q1 (0-90<U+00B0>),TRUE,TRUE,Correct,45,1.8806782400000017,1.8806782400000017,1.8806782400000017,1.8806782400000017,TRUE
166375,20,righth,2,yes,3,"""10+""",31,315,309.4495002,1782,600,"{""sample_0_time"": 16, ""last_x"": 879, ""sample_2_y"": 489, ""sample_1_x"": 823, ""first_time"": 16, ""last_time"": 599, ""last_y"": 531, ""sample_0_x"": 751, ""sample_4_y"": 531, ""count"": 36, ""sample_1_y"": 447, ""sample_0_y"": 372, ""sample_2_time"": 316, ""sample_3_y"": 520, ""first_y"": 372, ""sample_4_time"": 599, ""sample_3_x"": 869, ""sample_4_x"": 879, ""sample_3_time"": 466, ""sample_1_time"": 166, ""sample_2_x"": 854, ""first_x"": 751}",Q4 (270-360<U+00B0>),Q4 (270-360<U+00B0>),TRUE,TRUE,Correct,315,5.550499800000011,5.550499800000011,5.550499800000011,5.550499800000011,TRUE
166375,20,righth,2,yes,3,"""10+""",32,135,135.17961,1898,400,"{""sample_2_time"": 217, ""first_y"": 336, ""sample_3_y"": 208, ""sample_0_y"": 336, ""sample_1_y"": 270, ""count"": 24, ""sample_2_x"": 603, ""sample_4_time"": 400, ""sample_1_time"": 117, ""sample_2_y"": 230, ""last_y"": 197, ""last_x"": 575, ""sample_4_x"": 575, ""sample_3_time"": 317, ""sample_4_y"": 197, ""first_time"": 16, ""first_x"": 709, ""sample_3_x"": 585, ""sample_1_x"": 644, ""sample_0_x"": 709, ""last_time"": 400, ""sample_0_time"": 16}",Q2 (90-180<U+00B0>),Q2 (90-180<U+00B0>),TRUE,TRUE,Correct,135,0.17960999999999672,0.17960999999999672,0.17960999999999672,0.17960999999999672,TRUE
166375,20,righth,2,yes,3,"""10+""",33,135,139.4811057,2182,400,"{""first_x"": 710, ""sample_4_time"": 400, ""last_time"": 400, ""sample_2_y"": 226, ""sample_2_x"": 579, ""sample_1_time"": 117, ""count"": 24, ""last_x"": 563, ""sample_4_y"": 209, ""sample_1_x"": 607, ""sample_0_y"": 345, ""first_time"": 17, ""sample_0_x"": 710, ""last_y"": 209, ""sample_1_y"": 257, ""sample_0_time"": 17, ""sample_3_time"": 316, ""first_y"": 345, ""sample_3_x"": 569, ""sample_4_x"": 563, ""sample_2_time"": 217, ""sample_3_y"": 215}",Q2 (90-180<U+00B0>),Q2 (90-180<U+00B0>),TRUE,TRUE,Correct,135,4.4811057000000005,4.4811057000000005,4.4811057000000005,4.4811057000000005,TRUE
166375,20,righth,2,yes,3,"""10+""",34,315,310.3549216,1715,466,"{""sample_1_time"": 134, ""last_time"": 466, ""sample_0_time"": 17, ""sample_2_y"": 481, ""count"": 28, ""sample_1_y"": 431, ""sample_2_x"": 837, ""sample_0_x"": 757, ""first_y"": 371, ""last_x"": 882, ""sample_2_time"": 251, ""sample_3_x"": 859, ""sample_1_x"": 801, ""sample_4_y"": 529, ""first_time"": 17, ""sample_4_x"": 882, ""sample_3_y"": 507, ""first_x"": 757, ""sample_0_y"": 371, ""sample_3_time"": 367, ""sample_4_time"": 466, ""last_y"": 529}",Q4 (270-360<U+00B0>),Q4 (270-360<U+00B0>),TRUE,TRUE,Correct,315,4.6450783999999885,4.6450783999999885,4.6450783999999885,4.6450783999999885,TRUE
166375,20,righth,2,yes,3,"""10+""",35,135,132.3411156,2398,484,"{""sample_2_y"": 233, ""sample_4_time"": 483, ""sample_0_y"": 338, ""sample_2_time"": 250, ""sample_4_x"": 581, ""last_x"": 581, ""sample_0_x"": 710, ""sample_3_time"": 366, ""first_time"": 17, ""sample_3_x"": 600, ""sample_3_y"": 203, ""sample_1_y"": 268, ""sample_1_time"": 133, ""last_time"": 483, ""first_x"": 710, ""sample_2_x"": 622, ""last_y"": 187, ""count"": 29, ""sample_4_y"": 187, ""first_y"": 338, ""sample_0_time"": 17, ""sample_1_x"": 651}",Q2 (90-180<U+00B0>),Q2 (90-180<U+00B0>),TRUE,TRUE,Correct,135,2.658884400000005,2.658884400000005,2.658884400000005,2.658884400000005,TRUE
166375,20,righth,2,yes,3,"""10+""",36,45,44.82038999,2281,534,"{""count"": 32, ""last_time"": 534, ""sample_4_y"": 197, ""sample_2_time"": 283, ""sample_1_y"": 253, ""sample_1_time"": 150, ""first_time"": 17, ""sample_1_x"": 835, ""sample_3_x"": 882, ""sample_3_y"": 204, ""sample_4_time"": 534, ""sample_0_time"": 17, ""sample_0_x"": 758, ""first_y"": 318, ""sample_2_x"": 866, ""sample_4_x"": 895, ""sample_3_time"": 417, ""last_x"": 895, ""first_x"": 758, ""sample_0_y"": 318, ""sample_2_y"": 220, ""last_y"": 197}",Q1 (0-90<U+00B0>),Q1 (0-90<U+00B0>),TRUE,TRUE,Correct,45,0.17961000999999754,0.17961000999999754,0.17961000999999754,0.17961000999999754,TRUE
166375,20,righth,2,yes,3,"""10+""",37,45,37.98623745,2332,517,"{""sample_4_x"": 913, ""sample_0_y"": 338, ""sample_1_x"": 829, ""sample_3_x"": 897, ""sample_4_time"": 516, ""sample_3_y"": 228, ""sample_4_y"": 217, ""sample_0_x"": 752, ""sample_2_x"": 875, ""first_x"": 752, ""last_time"": 516, ""last_y"": 217, ""sample_0_time"": 17, ""count"": 31, ""last_x"": 913, ""first_time"": 17, ""sample_3_time"": 400, ""sample_1_y"": 284, ""sample_1_time"": 132, ""sample_2_time"": 267, ""sample_2_y"": 247, ""first_y"": 338}",Q1 (0-90<U+00B0>),Q1 (0-90<U+00B0>),TRUE,TRUE,Correct,45,7.013762550000003,7.013762550000003,7.013762550000003,7.013762550000003,TRUE
166375,20,righth,2,yes,3,"""10+""",38,315,313.2321729,2282,317,"{""sample_3_y"": 501, ""sample_0_y"": 380, ""sample_3_x"": 875, ""sample_4_y"": 523, ""count"": 19, ""sample_1_x"": 810, ""sample_2_time"": 166, ""sample_0_time"": 16, ""sample_4_x"": 892, ""sample_1_time"": 83, ""sample_2_x"": 847, ""sample_3_time"": 250, ""last_x"": 892, ""first_time"": 16, ""first_x"": 761, ""sample_4_time"": 317, ""sample_0_x"": 761, ""last_time"": 317, ""first_y"": 380, ""last_y"": 523, ""sample_2_y"": 460, ""sample_1_y"": 422}",Q4 (270-360<U+00B0>),Q4 (270-360<U+00B0>),TRUE,TRUE,Correct,315,1.7678270999999768,1.7678270999999768,1.7678270999999768,1.7678270999999768,TRUE
166375,20,righth,2,yes,3,"""10+""",39,315,313.7429276,2315,467,"{""sample_2_y"": 459, ""sample_1_x"": 809, ""first_y"": 379, ""count"": 28, ""last_time"": 466, ""sample_1_y"": 426, ""sample_4_time"": 466, ""sample_2_x"": 839, ""sample_4_y"": 519, ""sample_3_x"": 866, ""sample_0_time"": 17, ""sample_0_x"": 760, ""sample_1_time"": 134, ""last_y"": 519, ""sample_4_x"": 891, ""sample_0_y"": 379, ""first_x"": 760, ""sample_3_time"": 366, ""sample_2_time"": 250, ""first_time"": 17, ""sample_3_y"": 493, ""last_x"": 891}",Q4 (270-360<U+00B0>),Q4 (270-360<U+00B0>),TRUE,TRUE,Correct,315,1.2570724000000268,1.2570724000000268,1.2570724000000268,1.2570724000000268,TRUE
166375,20,righth,2,yes,3,"""10+""",40,135,133.7957616,1765,168,"{""last_y"": 186, ""first_y"": 345, ""last_time"": 167, ""count"": 10, ""last_x"": 572, ""first_time"": 17, ""first_x"": 713}",Q2 (90-180<U+00B0>),Q2 (90-180<U+00B0>),TRUE,TRUE,Correct,135,1.2042384000000084,1.2042384000000084,1.2042384000000084,1.2042384000000084,TRUE
166375,20,righth,2,yes,3,"""10+""",41,135,134.4711309,2316,150,"{""first_x"": 689, ""last_time"": 150, ""first_time"": 17, ""last_x"": 574, ""last_y"": 192, ""first_y"": 314, ""count"": 9}",Q2 (90-180<U+00B0>),Q2 (90-180<U+00B0>),TRUE,TRUE,Correct,135,0.5288691000000085,0.5288691000000085,0.5288691000000085,0.5288691000000085,TRUE
166375,20,righth,2,yes,3,"""10+""",42,135,134.8215091,2331,234,"{""sample_2_time"": 133, ""sample_4_y"": 195, ""sample_0_y"": 337, ""last_time"": 233, ""sample_3_y"": 218, ""sample_1_x"": 674, ""first_x"": 718, ""sample_3_time"": 183, ""first_time"": 17, ""sample_3_x"": 600, ""sample_1_time"": 67, ""first_y"": 337, ""sample_2_x"": 627, ""sample_4_time"": 233, ""sample_4_x"": 575, ""sample_1_y"": 295, ""count"": 14, ""last_x"": 575, ""sample_2_y"": 244, ""sample_0_time"": 17, ""sample_0_x"": 718, ""last_y"": 195}",Q2 (90-180<U+00B0>),Q2 (90-180<U+00B0>),TRUE,TRUE,Correct,135,0.1784909000000141,0.1784909000000141,0.1784909000000141,0.1784909000000141,TRUE
166375,20,righth,2,yes,3,"""10+""",43,45,41.7805051,1916,551,"{""sample_3_y"": 225, ""sample_1_time"": 150, ""sample_2_time"": 284, ""first_x"": 752, ""sample_2_y"": 260, ""first_time"": 17, ""sample_1_y"": 297, ""last_x"": 904, ""sample_0_x"": 752, ""count"": 33, ""last_time"": 550, ""sample_0_y"": 347, ""sample_1_x"": 811, ""last_y"": 205, ""sample_2_x"": 851, ""first_y"": 347, ""sample_4_y"": 205, ""sample_3_x"": 883, ""sample_0_time"": 17, ""sample_3_time"": 417, ""sample_4_x"": 904, ""sample_4_time"": 550}",Q1 (0-90<U+00B0>),Q1 (0-90<U+00B0>),TRUE,TRUE,Correct,45,3.219494900000001,3.219494900000001,3.219494900000001,3.219494900000001,TRUE
166375,20,righth,2,yes,3,"""10+""",44,135,133.9390883,1983,317,"{""sample_2_y"": 237, ""sample_3_y"": 209, ""sample_3_x"": 593, ""first_x"": 714, ""sample_1_y"": 267, ""sample_0_time"": 17, ""first_y"": 341, ""first_time"": 17, ""count"": 19, ""sample_0_y"": 341, ""sample_4_x"": 576, ""sample_4_y"": 191, ""sample_3_time"": 250, ""sample_1_x"": 651, ""sample_2_time"": 166, ""last_x"": 576, ""sample_2_x"": 621, ""last_y"": 191, ""sample_0_x"": 714, ""sample_4_time"": 317, ""sample_1_time"": 83, ""last_time"": 317}",Q2 (90-180<U+00B0>),Q2 (90-180<U+00B0>),TRUE,TRUE,Correct,135,1.0609116999999912,1.0609116999999912,1.0609116999999912,1.0609116999999912,TRUE
166375,20,righth,2,yes,3,"""10+""",45,225,227.8624052,1799,417,"{""sample_3_x"": 601, ""sample_4_y"": 524, ""count"": 25, ""sample_4_x"": 583, ""sample_2_y"": 458, ""first_time"": 17, ""sample_1_y"": 421, ""sample_0_x"": 713, ""first_y"": 371, ""last_x"": 583, ""sample_2_time"": 217, ""sample_0_y"": 371, ""sample_0_time"": 17, ""last_time"": 417, ""sample_3_y"": 499, ""sample_3_time"": 316, ""sample_4_time"": 417, ""sample_1_x"": 672, ""first_x"": 713, ""last_y"": 524, ""sample_1_time"": 116, ""sample_2_x"": 636}",Q3 (180-270<U+00B0>),Q3 (180-270<U+00B0>),TRUE,TRUE,Correct,225,2.862405200000012,2.862405200000012,2.862405200000012,2.862405200000012,TRUE
166375,20,righth,2,yes,3,"""10+""",46,45,44.82584923,2698,134,"{""last_x"": 900, ""first_y"": 324, ""last_y"": 192, ""count"": 8, ""first_x"": 762, ""first_time"": 16, ""last_time"": 133}",Q1 (0-90<U+00B0>),Q1 (0-90<U+00B0>),TRUE,TRUE,Correct,45,0.17415076999999712,0.17415076999999712,0.17415076999999712,0.17415076999999712,TRUE
166375,20,righth,2,yes,3,"""10+""",47,315,310.4120219,882,300,"{""sample_2_y"": 459, ""sample_4_x"": 884, ""sample_3_y"": 496, ""last_y"": 531, ""sample_3_x"": 855, ""sample_1_y"": 403, ""first_x"": 749, ""last_time"": 300, ""sample_0_x"": 749, ""first_y"": 372, ""sample_4_y"": 531, ""sample_0_time"": 16, ""last_x"": 884, ""sample_4_time"": 300, ""sample_0_y"": 372, ""sample_1_time"": 83, ""sample_2_x"": 819, ""sample_2_time"": 166, ""count"": 18, ""sample_3_time"": 233, ""sample_1_x"": 776, ""first_time"": 16}",Q4 (270-360<U+00B0>),Q4 (270-360<U+00B0>),TRUE,TRUE,Correct,315,4.587978099999987,4.587978099999987,4.587978099999987,4.587978099999987,TRUE
166375,20,righth,2,yes,3,"""10+""",48,225,227.3191225,799,933,"{""sample_1_y"": 362, ""sample_0_time"": 83, ""last_y"": 523, ""sample_2_x"": 690, ""count"": 41, ""last_time"": 933, ""sample_1_x"": 738, ""first_y"": 366, ""sample_0_x"": 745, ""sample_4_time"": 933, ""sample_2_y"": 384, ""sample_3_x"": 602, ""sample_1_time"": 433, ""sample_3_y"": 466, ""sample_4_y"": 523, ""sample_3_time"": 766, ""first_time"": 83, ""sample_2_time"": 600, ""first_x"": 745, ""sample_4_x"": 581, ""sample_0_y"": 366, ""last_x"": 581}",Q3 (180-270<U+00B0>),Q3 (180-270<U+00B0>),TRUE,TRUE,Correct,225,2.3191224999999918,2.3191224999999918,2.3191224999999918,2.3191224999999918,TRUE
166375,20,righth,2,yes,3,"""10+""",49,315,314.1020206,1783,316,"{""sample_4_time"": 316, ""first_time"": 16, ""sample_0_y"": 375, ""last_x"": 892, ""count"": 19, ""sample_1_time"": 83, ""sample_0_time"": 16, ""sample_1_x"": 807, ""sample_2_time"": 166, ""sample_1_y"": 423, ""sample_3_y"": 501, ""sample_2_y"": 469, ""last_time"": 316, ""last_y"": 518, ""sample_3_x"": 881, ""sample_4_y"": 518, ""sample_4_x"": 892, ""sample_0_x"": 760, ""sample_2_x"": 859, ""sample_3_time"": 249, ""first_y"": 375, ""first_x"": 760}",Q4 (270-360<U+00B0>),Q4 (270-360<U+00B0>),TRUE,TRUE,Correct,315,0.897979399999997,0.897979399999997,0.897979399999997,0.897979399999997,TRUE
166375,20,righth,2,yes,3,"""10+""",50,315,309.3246441,1882,283,"{""last_x"": 880, ""sample_0_y"": 374, ""sample_4_y"": 533, ""sample_1_x"": 819, ""last_y"": 533, ""sample_0_x"": 751, ""count"": 17, ""sample_3_time"": 216, ""sample_3_y"": 513, ""first_x"": 751, ""first_y"": 374, ""sample_1_y"": 452, ""sample_2_y"": 490, ""last_time"": 283, ""sample_3_x"": 870, ""sample_2_time"": 150, ""sample_1_time"": 83, ""sample_2_x"": 855, ""sample_4_x"": 880, ""first_time"": 17, ""sample_4_time"": 283, ""sample_0_time"": 17}",Q4 (270-360<U+00B0>),Q4 (270-360<U+00B0>),TRUE,TRUE,Correct,315,5.6753559,5.6753559,5.6753559,5.6753559,TRUE
166375,20,righth,2,yes,3,"""10+""",51,315,317.3336464,814,250,"{""sample_0_x"": 758, ""sample_2_y"": 459, ""first_time"": 16, ""sample_2_time"": 133, ""sample_1_y"": 427, ""sample_3_time"": 200, ""count"": 15, ""sample_4_y"": 509, ""sample_2_x"": 848, ""last_x"": 901, ""first_y"": 382, ""sample_4_time"": 250, ""sample_0_y"": 382, ""first_x"": 758, ""last_time"": 250, ""sample_1_time"": 67, ""sample_0_time"": 16, ""last_y"": 509, ""sample_3_x"": 886, ""sample_3_y"": 492, ""sample_4_x"": 901, ""sample_1_x"": 811}",Q4 (270-360<U+00B0>),Q4 (270-360<U+00B0>),TRUE,TRUE,Correct,315,2.3336464000000205,2.3336464000000205,2.3336464000000205,2.3336464000000205,TRUE
166375,20,righth,2,yes,3,"""10+""",52,315,225.1784909,1250,300,"{""sample_2_time"": 167, ""count"": 18, ""last_time"": 299, ""sample_4_time"": 299, ""sample_4_x"": 575, ""sample_2_x"": 620, ""sample_0_x"": 712, ""first_x"": 712, ""first_y"": 377, ""sample_3_x"": 591, ""sample_1_y"": 405, ""last_y"": 517, ""sample_2_y"": 454, ""sample_4_y"": 517, ""sample_1_x"": 671, ""sample_0_y"": 377, ""sample_3_time"": 233, ""sample_0_time"": 16, ""first_time"": 16, ""sample_3_y"": 491, ""sample_1_time"": 83, ""last_x"": 575}",Q4 (270-360<U+00B0>),Q3 (180-270<U+00B0>),FALSE,TRUE,Formant,225,0.1784909000000141,0.1784909000000141,89.82150909999999,89.82150909999999,FALSE
166375,20,righth,2,yes,3,"""10+""",53,225,225.7117122,1498,401,"{""last_y"": 519, ""sample_3_y"": 490, ""last_time"": 400, ""sample_1_y"": 414, ""first_x"": 712, ""sample_2_time"": 217, ""sample_2_y"": 450, ""last_x"": 576, ""sample_4_x"": 576, ""sample_3_x"": 592, ""sample_1_x"": 662, ""sample_3_time"": 317, ""sample_0_x"": 712, ""sample_0_time"": 17, ""first_y"": 367, ""sample_2_x"": 626, ""sample_4_y"": 519, ""sample_4_time"": 400, ""sample_1_time"": 117, ""count"": 24, ""sample_0_y"": 367, ""first_time"": 17}",Q3 (180-270<U+00B0>),Q3 (180-270<U+00B0>),TRUE,TRUE,Correct,225,0.7117121999999938,0.7117121999999938,0.7117121999999938,0.7117121999999938,TRUE
166375,20,righth,2,yes,3,"""10+""",54,315,225.8868607,1415,433,"{""last_x"": 576, ""sample_4_y"": 520, ""sample_2_x"": 601, ""last_time"": 433, ""first_x"": 697, ""sample_0_x"": 697, ""sample_1_x"": 635, ""sample_3_y"": 486, ""first_time"": 16, ""first_y"": 367, ""sample_2_y"": 459, ""sample_3_x"": 588, ""sample_0_time"": 16, ""sample_3_time"": 333, ""sample_4_x"": 576, ""last_y"": 520, ""sample_0_y"": 367, ""sample_2_time"": 233, ""count"": 26, ""sample_1_time"": 116, ""sample_1_y"": 413, ""sample_4_time"": 433}",Q4 (270-360<U+00B0>),Q3 (180-270<U+00B0>),FALSE,TRUE,Formant,225,0.8868606999999997,0.8868606999999997,89.1131393,89.1131393,FALSE
166375,20,righth,2,yes,3,"""10+""",55,135,128.5812133,2081,268,"{""sample_4_y"": 178, ""sample_1_y"": 281, ""first_y"": 335, ""sample_0_x"": 721, ""sample_0_time"": 17, ""sample_4_time"": 268, ""sample_2_y"": 219, ""sample_2_x"": 624, ""first_time"": 17, ""sample_0_y"": 335, ""sample_3_y"": 192, ""sample_4_x"": 593, ""count"": 16, ""first_x"": 721, ""last_x"": 593, ""sample_3_x"": 605, ""sample_1_time"": 84, ""last_time"": 268, ""sample_3_time"": 218, ""sample_1_x"": 674, ""sample_2_time"": 151, ""last_y"": 178}",Q2 (90-180<U+00B0>),Q2 (90-180<U+00B0>),TRUE,TRUE,Correct,135,6.418786699999998,6.418786699999998,6.418786699999998,6.418786699999998,TRUE
166375,20,righth,2,yes,3,"""10+""",56,225,222.5104471,2198,251,"{""count"": 15, ""sample_2_x"": 608, ""sample_0_time"": 16, ""sample_4_y"": 510, ""sample_3_y"": 492, ""sample_2_y"": 459, ""last_x"": 567, ""first_time"": 16, ""sample_1_y"": 416, ""sample_1_time"": 67, ""sample_0_y"": 373, ""sample_0_x"": 714, ""sample_2_time"": 134, ""last_y"": 510, ""sample_3_time"": 200, ""sample_4_x"": 567, ""last_time"": 250, ""sample_3_x"": 580, ""sample_4_time"": 250, ""first_y"": 373, ""sample_1_x"": 658, ""first_x"": 714}",Q3 (180-270<U+00B0>),Q3 (180-270<U+00B0>),TRUE,TRUE,Correct,225,2.4895529000000067,2.4895529000000067,2.4895529000000067,2.4895529000000067,TRUE
166375,20,righth,2,yes,3,"""10+""",57,135,135.17961,1215,467,"{""sample_1_y"": 272, ""first_time"": 16, ""last_y"": 197, ""sample_2_y"": 237, ""last_time"": 467, ""count"": 28, ""sample_2_time"": 250, ""first_x"": 703, ""sample_3_y"": 208, ""sample_4_time"": 467, ""last_x"": 575, ""sample_1_time"": 133, ""first_y"": 339, ""sample_0_time"": 16, ""sample_3_x"": 584, ""sample_4_y"": 197, ""sample_2_x"": 602, ""sample_4_x"": 575, ""sample_1_x"": 632, ""sample_0_x"": 703, ""sample_0_y"": 339, ""sample_3_time"": 367}",Q2 (90-180<U+00B0>),Q2 (90-180<U+00B0>),TRUE,TRUE,Correct,135,0.17960999999999672,0.17960999999999672,0.17960999999999672,0.17960999999999672,TRUE
166375,20,righth,2,yes,3,"""10+""",58,225,226.0609117,1867,350,"{""last_x"": 576, ""sample_2_x"": 628, ""last_time"": 349, ""sample_0_x"": 716, ""sample_1_time"": 99, ""sample_4_y"": 521, ""sample_2_time"": 183, ""sample_4_x"": 576, ""first_y"": 356, ""sample_3_y"": 468, ""count"": 21, ""first_time"": 16, ""first_x"": 716, ""sample_2_y"": 430, ""sample_3_x"": 599, ""sample_0_time"": 16, ""sample_3_time"": 266, ""sample_4_time"": 349, ""sample_0_y"": 356, ""last_y"": 521, ""sample_1_x"": 676, ""sample_1_y"": 383}",Q3 (180-270<U+00B0>),Q3 (180-270<U+00B0>),TRUE,TRUE,Correct,225,1.0609116999999912,1.0609116999999912,1.0609116999999912,1.0609116999999912,TRUE
166375,20,righth,2,yes,3,"""10+""",59,135,129.8055711,2032,1050,"{""sample_4_y"": 182, ""sample_3_y"": 193, ""sample_3_time"": 833, ""sample_4_time"": 1049, ""sample_0_x"": 718, ""sample_0_time"": 17, ""first_y"": 339, ""first_time"": 17, ""sample_0_y"": 339, ""last_y"": 182, ""sample_3_x"": 596, ""sample_1_time"": 234, ""sample_2_x"": 607, ""sample_1_x"": 647, ""sample_4_x"": 590, ""sample_1_y"": 266, ""count"": 55, ""first_x"": 718, ""last_time"": 1049, ""sample_2_y"": 207, ""sample_2_time"": 467, ""last_x"": 590}",Q2 (90-180<U+00B0>),Q2 (90-180<U+00B0>),TRUE,TRUE,Correct,135,5.194428899999991,5.194428899999991,5.194428899999991,5.194428899999991,TRUE
166375,20,righth,2,yes,3,"""10+""",60,45,38.7386737,1731,516,"{""sample_3_y"": 237, ""sample_4_y"": 214, ""sample_4_x"": 912, ""last_time"": 516, ""sample_2_x"": 888, ""sample_2_time"": 266, ""sample_3_x"": 902, ""sample_1_time"": 133, ""sample_1_y"": 311, ""sample_1_x"": 837, ""last_y"": 214, ""sample_2_y"": 265, ""sample_4_time"": 516, ""sample_3_time"": 400, ""last_x"": 912, ""first_time"": 17, ""first_y"": 347, ""count"": 31, ""sample_0_time"": 17, ""first_x"": 756, ""sample_0_y"": 347, ""sample_0_x"": 756}",Q1 (0-90<U+00B0>),Q1 (0-90<U+00B0>),TRUE,TRUE,Correct,45,6.2613263,6.2613263,6.2613263,6.2613263,TRUE
166375,20,righth,2,yes,3,"""10+""",61,225,220.2363583,1965,217,"{""sample_3_x"": 572, ""count"": 13, ""sample_0_time"": 17, ""last_y"": 510, ""last_time"": 217, ""sample_1_y"": 401, ""sample_1_x"": 666, ""sample_3_y"": 477, ""sample_0_y"": 368, ""sample_3_time"": 167, ""sample_0_x"": 720, ""sample_1_time"": 67, ""sample_4_x"": 553, ""sample_2_y"": 444, ""sample_2_x"": 607, ""sample_2_time"": 117, ""first_y"": 368, ""first_time"": 17, ""sample_4_y"": 510, ""last_x"": 553, ""sample_4_time"": 217, ""first_x"": 720}",Q3 (180-270<U+00B0>),Q3 (180-270<U+00B0>),TRUE,TRUE,Correct,225,4.763641699999994,4.763641699999994,4.763641699999994,4.763641699999994,TRUE
166375,20,righth,2,yes,3,"""10+""",62,135,132.1728754,998,318,"{""sample_2_time"": 167, ""last_y"": 186, ""sample_2_y"": 232, ""sample_0_y"": 338, ""sample_1_y"": 287, ""sample_2_x"": 617, ""first_x"": 713, ""count"": 19, ""sample_1_time"": 83, ""sample_0_time"": 17, ""sample_3_x"": 594, ""last_x"": 581, ""last_time"": 317, ""first_y"": 338, ""sample_4_time"": 317, ""sample_4_y"": 186, ""first_time"": 17, ""sample_1_x"": 660, ""sample_4_x"": 581, ""sample_0_x"": 713, ""sample_3_y"": 202, ""sample_3_time"": 250}",Q2 (90-180<U+00B0>),Q2 (90-180<U+00B0>),TRUE,TRUE,Correct,135,2.8271245999999906,2.8271245999999906,2.8271245999999906,2.8271245999999906,TRUE
166375,20,righth,2,yes,3,"""10+""",63,315,316.2115126,1399,184,"{""last_y"": 518, ""sample_4_time"": 183, ""sample_4_x"": 904, ""sample_1_x"": 797, ""sample_4_y"": 518, ""last_time"": 183, ""first_time"": 16, ""first_y"": 372, ""sample_2_time"": 100, ""sample_2_x"": 839, ""sample_1_y"": 400, ""sample_1_time"": 50, ""sample_0_y"": 372, ""sample_0_time"": 16, ""sample_3_x"": 877, ""sample_0_x"": 765, ""count"": 11, ""sample_3_y"": 486, ""first_x"": 765, ""sample_3_time"": 150, ""last_x"": 904, ""sample_2_y"": 443}",Q4 (270-360<U+00B0>),Q4 (270-360<U+00B0>),TRUE,TRUE,Correct,315,1.2115125999999918,1.2115125999999918,1.2115125999999918,1.2115125999999918,TRUE
166375,20,righth,2,yes,3,"""10+""",64,135,135.5388159,2081,133,"{""last_time"": 133, ""count"": 8, ""last_x"": 574, ""first_y"": 320, ""first_x"": 695, ""last_y"": 198, ""first_time"": 16}",Q2 (90-180<U+00B0>),Q2 (90-180<U+00B0>),TRUE,TRUE,Correct,135,0.538815900000003,0.538815900000003,0.538815900000003,0.538815900000003,TRUE
166375,20,righth,2,yes,3,"""10+""",65,315,312.8524146,1516,200,"{""last_y"": 522, ""sample_2_time"": 116, ""last_x"": 889, ""sample_0_x"": 755, ""sample_1_time"": 66, ""sample_1_y"": 414, ""sample_3_x"": 867, ""sample_3_time"": 166, ""sample_2_y"": 451, ""first_y"": 372, ""sample_2_x"": 835, ""sample_4_y"": 522, ""sample_1_x"": 800, ""sample_4_x"": 889, ""sample_4_time"": 199, ""last_time"": 199, ""sample_0_time"": 16, ""first_x"": 755, ""sample_3_y"": 493, ""count"": 12, ""sample_0_y"": 372, ""first_time"": 16}",Q4 (270-360<U+00B0>),Q4 (270-360<U+00B0>),TRUE,TRUE,Correct,315,2.1475854000000254,2.1475854000000254,2.1475854000000254,2.1475854000000254,TRUE
166375,20,righth,2,yes,3,"""10+""",66,45,47.27661498,1515,267,"{""count"": 16, ""sample_0_y"": 353, ""first_y"": 353, ""sample_1_y"": 328, ""first_x"": 760, ""sample_3_time"": 216, ""sample_4_x"": 892, ""sample_2_y"": 298, ""last_y"": 186, ""sample_1_x"": 818, ""last_x"": 892, ""sample_4_time"": 267, ""sample_0_time"": 17, ""sample_3_x"": 876, ""sample_4_y"": 186, ""sample_0_x"": 760, ""first_time"": 17, ""sample_1_time"": 84, ""sample_2_time"": 150, ""sample_2_x"": 852, ""last_time"": 267, ""sample_3_y"": 230}",Q1 (0-90<U+00B0>),Q1 (0-90<U+00B0>),TRUE,TRUE,Correct,45,2.276614979999998,2.276614979999998,2.276614979999998,2.276614979999998,TRUE
166375,20,righth,2,yes,3,"""10+""",67,225,231.616029,2415,267,"{""sample_1_x"": 642, ""sample_2_y"": 498, ""sample_1_time"": 83, ""sample_4_y"": 534, ""last_x"": 594, ""sample_0_y"": 380, ""sample_4_time"": 266, ""last_y"": 534, ""sample_3_x"": 597, ""first_time"": 16, ""first_x"": 707, ""sample_0_x"": 707, ""sample_3_y"": 523, ""sample_2_x"": 605, ""first_y"": 380, ""count"": 16, ""sample_0_time"": 16, ""sample_4_x"": 594, ""sample_2_time"": 150, ""sample_3_time"": 216, ""last_time"": 266, ""sample_1_y"": 442}",Q3 (180-270<U+00B0>),Q3 (180-270<U+00B0>),TRUE,TRUE,Correct,225,6.6160289999999975,6.6160289999999975,6.6160289999999975,6.6160289999999975,TRUE
166375,20,righth,2,yes,3,"""10+""",68,225,227.3191225,1650,332,"{""sample_2_x"": 616, ""last_time"": 332, ""sample_2_time"": 182, ""sample_4_time"": 332, ""sample_1_x"": 653, ""sample_4_x"": 581, ""first_y"": 378, ""last_y"": 523, ""last_x"": 581, ""sample_3_x"": 593, ""first_time"": 15, ""sample_3_y"": 485, ""sample_4_y"": 523, ""sample_3_time"": 265, ""count"": 20, ""sample_0_y"": 378, ""first_x"": 706, ""sample_0_time"": 15, ""sample_2_y"": 446, ""sample_1_time"": 99, ""sample_0_x"": 706, ""sample_1_y"": 410}",Q3 (180-270<U+00B0>),Q3 (180-270<U+00B0>),TRUE,TRUE,Correct,225,2.3191224999999918,2.3191224999999918,2.3191224999999918,2.3191224999999918,TRUE
166375,20,righth,2,yes,3,"""10+""",69,225,229.9697407,749,467,"{""sample_0_x"": 699, ""sample_2_time"": 250, ""first_x"": 699, ""sample_3_y"": 507, ""sample_4_x"": 588, ""sample_2_y"": 473, ""sample_4_time"": 467, ""first_time"": 17, ""last_x"": 588, ""sample_3_x"": 594, ""sample_1_time"": 133, ""last_time"": 467, ""sample_4_y"": 531, ""sample_0_time"": 17, ""sample_0_y"": 378, ""count"": 28, ""last_y"": 531, ""sample_2_x"": 613, ""sample_1_y"": 427, ""first_y"": 378, ""sample_3_time"": 367, ""sample_1_x"": 645}",Q3 (180-270<U+00B0>),Q3 (180-270<U+00B0>),TRUE,TRUE,Correct,225,4.9697406999999885,4.9697406999999885,4.9697406999999885,4.9697406999999885,TRUE
166375,20,righth,2,yes,3,"""10+""",70,225,230.355825,565,366,"{""first_time"": 16, ""sample_3_y"": 491, ""first_x"": 715, ""last_time"": 366, ""sample_3_time"": 283, ""sample_1_y"": 407, ""sample_4_x"": 590, ""count"": 22, ""first_y"": 364, ""sample_0_y"": 364, ""sample_2_x"": 617, ""sample_1_time"": 100, ""sample_2_y"": 460, ""sample_4_y"": 531, ""last_y"": 531, ""last_x"": 590, ""sample_1_x"": 663, ""sample_2_time"": 199, ""sample_4_time"": 366, ""sample_3_x"": 603, ""sample_0_time"": 16, ""sample_0_x"": 715}",Q3 (180-270<U+00B0>),Q3 (180-270<U+00B0>),TRUE,TRUE,Correct,225,5.35582500000001,5.35582500000001,5.35582500000001,5.35582500000001,TRUE
166375,20,righth,2,yes,3,"""10+""",71,45,132.8524146,832,583,"{""first_time"": 16, ""last_x"": 581, ""sample_0_x"": 717, ""count"": 35, ""sample_2_x"": 589, ""sample_4_time"": 582, ""last_y"": 190, ""sample_3_x"": 583, ""sample_1_time"": 150, ""sample_0_time"": 16, ""sample_4_y"": 190, ""sample_3_y"": 202, ""sample_2_time"": 299, ""sample_0_y"": 335, ""sample_3_time"": 449, ""sample_2_y"": 219, ""last_time"": 582, ""sample_1_y"": 256, ""first_x"": 717, ""first_y"": 335, ""sample_4_x"": 581, ""sample_1_x"": 627}",Q1 (0-90<U+00B0>),Q2 (90-180<U+00B0>),FALSE,TRUE,Formant,135,2.147585399999997,2.147585399999997,87.8524146,87.8524146,FALSE
166375,20,righth,2,yes,3,"""10+""",72,45,233.2309751,799,300,"{""sample_1_y"": 435, ""sample_2_x"": 614, ""count"": 18, ""last_x"": 599, ""first_x"": 714, ""sample_0_y"": 381, ""first_y"": 381, ""last_time"": 300, ""sample_0_time"": 16, ""sample_1_x"": 657, ""sample_4_time"": 300, ""sample_0_x"": 714, ""sample_2_time"": 166, ""sample_2_y"": 490, ""sample_4_y"": 538, ""sample_3_time"": 233, ""sample_3_y"": 519, ""sample_3_x"": 604, ""last_y"": 538, ""first_time"": 16, ""sample_1_time"": 83, ""sample_4_x"": 599}",Q1 (0-90<U+00B0>),Q3 (180-270<U+00B0>),FALSE,FALSE,Both,225,8.230975099999995,8.230975099999995,188.2309751,171.7690249,FALSE
166375,20,righth,2,yes,3,"""10+""",73,225,316.7899106,1265,367,"{""first_y"": 372, ""last_time"": 367, ""sample_1_y"": 419, ""sample_0_x"": 755, ""sample_4_x"": 900, ""sample_1_x"": 816, ""sample_4_time"": 367, ""last_y"": 511, ""first_time"": 17, ""sample_3_x"": 888, ""sample_4_y"": 511, ""count"": 22, ""sample_2_y"": 468, ""sample_2_time"": 200, ""sample_2_x"": 861, ""sample_3_time"": 283, ""sample_1_time"": 99, ""sample_0_y"": 372, ""sample_3_y"": 495, ""first_x"": 755, ""last_x"": 900, ""sample_0_time"": 17}",Q3 (180-270<U+00B0>),Q4 (270-360<U+00B0>),FALSE,TRUE,Formant,315,1.7899105999999847,1.7899105999999847,91.78991059999998,91.78991059999998,FALSE
166375,20,righth,2,yes,3,"""10+""",74,45,135.7117122,849,400,"{""sample_0_time"": 17, ""sample_4_y"": 197, ""sample_4_x"": 572, ""sample_1_y"": 271, ""count"": 24, ""sample_2_y"": 239, ""sample_4_time"": 400, ""sample_0_x"": 694, ""sample_0_y"": 331, ""sample_1_x"": 629, ""sample_3_y"": 213, ""first_y"": 331, ""first_x"": 694, ""sample_2_time"": 217, ""last_y"": 197, ""sample_1_time"": 116, ""sample_3_x"": 581, ""first_time"": 17, ""sample_3_time"": 317, ""sample_2_x"": 598, ""last_x"": 572, ""last_time"": 400}",Q1 (0-90<U+00B0>),Q2 (90-180<U+00B0>),FALSE,TRUE,Formant,135,0.7117121999999938,0.7117121999999938,90.7117122,90.7117122,FALSE
166375,20,righth,2,yes,3,"""10+""",75,45,137.8624052,966,417,"{""sample_2_y"": 257, ""sample_3_time"": 317, ""sample_0_y"": 344, ""sample_2_time"": 217, ""first_y"": 344, ""count"": 25, ""last_y"": 204, ""first_x"": 706, ""sample_1_time"": 117, ""last_x"": 567, ""sample_2_x"": 602, ""last_time"": 417, ""first_time"": 17, ""sample_1_y"": 291, ""sample_4_y"": 204, ""sample_1_x"": 632, ""sample_0_time"": 17, ""sample_4_x"": 567, ""sample_3_y"": 230, ""sample_3_x"": 582, ""sample_4_time"": 417, ""sample_0_x"": 706}",Q1 (0-90<U+00B0>),Q2 (90-180<U+00B0>),FALSE,TRUE,Formant,135,2.862405200000012,2.862405200000012,92.86240520000001,92.86240520000001,FALSE
166375,20,righth,2,yes,3,"""10+""",76,135,137.6921759,1382,2150,"{""last_x"": 568, ""sample_1_y"": 236, ""sample_0_x"": 701, ""last_y"": 204, ""first_x"": 701, ""sample_2_time"": 1083, ""sample_4_y"": 204, ""sample_3_x"": 588, ""sample_4_x"": 568, ""count"": 124, ""last_time"": 2149, ""sample_3_time"": 1600, ""sample_0_time"": 16, ""sample_3_y"": 197, ""sample_1_x"": 599, ""sample_4_time"": 2149, ""sample_1_time"": 533, ""first_time"": 16, ""sample_2_x"": 653, ""sample_2_y"": 298, ""first_y"": 346, ""sample_0_y"": 346}",Q2 (90-180<U+00B0>),Q2 (90-180<U+00B0>),TRUE,TRUE,Correct,135,2.692175899999995,2.692175899999995,2.692175899999995,2.692175899999995,TRUE
166375,20,righth,2,yes,3,"""10+""",77,45,38.69948677,1931,600,"{""last_y"": 215, ""sample_3_y"": 236, ""first_y"": 367, ""last_time"": 600, ""sample_3_x"": 904, ""last_x"": 911, ""sample_1_time"": 167, ""sample_2_y"": 294, ""first_time"": 17, ""sample_2_x"": 866, ""first_x"": 752, ""sample_4_time"": 600, ""count"": 36, ""sample_4_y"": 215, ""sample_3_time"": 466, ""sample_0_x"": 752, ""sample_1_y"": 355, ""sample_1_x"": 802, ""sample_4_x"": 911, ""sample_0_time"": 17, ""sample_2_time"": 317, ""sample_0_y"": 367}",Q1 (0-90<U+00B0>),Q1 (0-90<U+00B0>),TRUE,TRUE,Correct,45,6.30051323,6.30051323,6.30051323,6.30051323,TRUE
166375,20,righth,2,yes,3,"""10+""",78,45,39.80557109,1933,250,"{""sample_2_y"": 256, ""last_time"": 249, ""sample_2_time"": 132, ""sample_0_y"": 347, ""last_y"": 211, ""sample_0_x"": 754, ""last_x"": 909, ""sample_4_y"": 211, ""sample_3_y"": 225, ""sample_4_time"": 249, ""sample_1_time"": 66, ""sample_0_time"": 15, ""sample_2_x"": 893, ""first_y"": 347, ""sample_1_y"": 302, ""sample_3_x"": 906, ""first_x"": 754, ""sample_4_x"": 909, ""sample_3_time"": 199, ""sample_1_x"": 838, ""count"": 15, ""first_time"": 15}",Q1 (0-90<U+00B0>),Q1 (0-90<U+00B0>),TRUE,TRUE,Correct,45,5.194428909999999,5.194428909999999,5.194428909999999,5.194428909999999,TRUE
166375,20,righth,2,yes,3,"""10+""",79,225,312.3574547,765,317,"{""sample_3_y"": 506, ""sample_0_x"": 754, ""sample_4_y"": 526, ""sample_4_x"": 890, ""sample_1_x"": 818, ""sample_1_time"": 83, ""sample_2_x"": 863, ""first_y"": 358, ""sample_0_y"": 358, ""sample_1_y"": 420, ""sample_2_y"": 474, ""last_time"": 316, ""sample_0_time"": 17, ""sample_3_time"": 250, ""first_x"": 754, ""last_y"": 526, ""count"": 19, ""first_time"": 17, ""sample_4_time"": 316, ""sample_2_time"": 166, ""last_x"": 890, ""sample_3_x"": 881}",Q3 (180-270<U+00B0>),Q4 (270-360<U+00B0>),FALSE,TRUE,Formant,315,2.6425452999999948,2.6425452999999948,87.3574547,87.3574547,FALSE
166375,20,righth,2,yes,3,"""10+""",80,225,228.6522228,715,1000,"{""sample_1_x"": 739, ""last_x"": 581, ""sample_4_time"": 1000, ""first_x"": 748, ""first_time"": 17, ""sample_1_time"": 416, ""sample_0_y"": 360, ""last_y"": 531, ""sample_2_y"": 360, ""first_y"": 360, ""sample_4_x"": 581, ""sample_0_x"": 748, ""sample_4_y"": 531, ""sample_3_y"": 441, ""sample_3_x"": 635, ""last_time"": 1000, ""sample_1_y"": 360, ""sample_2_time"": 683, ""sample_2_x"": 733, ""count"": 40, ""sample_0_time"": 17, ""sample_3_time"": 850}",Q3 (180-270<U+00B0>),Q3 (180-270<U+00B0>),TRUE,TRUE,Correct,225,3.652222800000004,3.652222800000004,3.652222800000004,3.652222800000004,TRUE
166375,20,righth,2,yes,3,"""10+""",81,225,222.9904462,1332,167,"{""first_y"": 375, ""first_x"": 703, ""count"": 10, ""last_y"": 521, ""first_time"": 17, ""last_time"": 167, ""last_x"": 558}",Q3 (180-270<U+00B0>),Q3 (180-270<U+00B0>),TRUE,TRUE,Correct,225,2.009553799999992,2.009553799999992,2.009553799999992,2.009553799999992,TRUE
166375,20,righth,2,yes,3,"""10+""",82,45,38.424830300000004,2182,134,"{""count"": 8, ""last_x"": 914, ""last_time"": 134, ""first_y"": 332, ""first_x"": 779, ""first_time"": 17, ""last_y"": 214}",Q1 (0-90<U+00B0>),Q1 (0-90<U+00B0>),TRUE,TRUE,Correct,45,6.5751696999999965,6.5751696999999965,6.5751696999999965,6.5751696999999965,TRUE
166375,20,righth,2,yes,3,"""10+""",83,225,305.0125784,1582,267,"{""sample_0_time"": 17, ""sample_0_x"": 749, ""sample_1_time"": 84, ""sample_0_y"": 370, ""sample_4_y"": 543, ""sample_2_y"": 468, ""sample_3_time"": 216, ""sample_1_y"": 413, ""last_time"": 267, ""sample_2_x"": 823, ""first_y"": 370, ""count"": 16, ""last_x"": 866, ""sample_4_x"": 866, ""last_y"": 543, ""sample_3_x"": 852, ""sample_2_time"": 150, ""sample_1_x"": 793, ""sample_4_time"": 267, ""sample_3_y"": 522, ""first_x"": 749, ""first_time"": 17}",Q3 (180-270<U+00B0>),Q4 (270-360<U+00B0>),FALSE,TRUE,Formant,315,9.987421600000005,9.987421600000005,80.0125784,80.0125784,FALSE
166375,20,righth,2,yes,3,"""10+""",84,225,218.6207518,2281,367,"{""sample_2_y"": 446, ""sample_3_x"": 575, ""sample_3_y"": 471, ""sample_2_time"": 199, ""first_y"": 369, ""sample_1_time"": 100, ""sample_2_x"": 608, ""sample_4_x"": 556, ""first_time"": 17, ""sample_4_time"": 367, ""first_x"": 715, ""sample_0_x"": 715, ""sample_3_time"": 283, ""last_x"": 556, ""last_time"": 367, ""sample_4_y"": 499, ""sample_0_y"": 369, ""sample_0_time"": 17, ""sample_1_y"": 410, ""last_y"": 499, ""count"": 22, ""sample_1_x"": 655}",Q3 (180-270<U+00B0>),Q3 (180-270<U+00B0>),TRUE,TRUE,Correct,225,6.379248200000006,6.379248200000006,6.379248200000006,6.379248200000006,TRUE
166375,20,righth,2,yes,3,"""10+""",85,45,46.96263878,2149,3951,"{""first_time"": 16, ""sample_0_y"": 345, ""sample_3_x"": 817, ""sample_3_y"": 311, ""sample_3_time"": 2984, ""last_y"": 190, ""sample_2_time"": 1984, ""sample_1_y"": 273, ""count"": 233, ""sample_2_x"": 641, ""last_time"": 3950, ""sample_4_y"": 190, ""sample_4_x"": 890, ""sample_0_x"": 746, ""sample_0_time"": 16, ""first_y"": 345, ""sample_1_time"": 984, ""last_x"": 890, ""sample_2_y"": 302, ""sample_1_x"": 820, ""sample_4_time"": 3950, ""first_x"": 746}",Q1 (0-90<U+00B0>),Q1 (0-90<U+00B0>),TRUE,TRUE,Correct,45,1.962638779999999,1.962638779999999,1.962638779999999,1.962638779999999,TRUE
166375,20,righth,2,yes,3,"""10+""",86,135,43.22119968,1064,267,"{""first_y"": 346, ""sample_3_time"": 216, ""sample_0_time"": 16, ""sample_3_y"": 212, ""sample_4_x"": 901, ""sample_1_y"": 262, ""sample_0_y"": 346, ""count"": 16, ""last_x"": 901, ""sample_2_y"": 233, ""sample_1_time"": 84, ""sample_4_y"": 200, ""sample_1_x"": 855, ""first_time"": 16, ""sample_3_x"": 896, ""sample_2_time"": 150, ""sample_0_x"": 762, ""first_x"": 762, ""last_time"": 266, ""sample_2_x"": 883, ""last_y"": 200, ""sample_4_time"": 266}",Q2 (90-180<U+00B0>),Q1 (0-90<U+00B0>),FALSE,TRUE,Formant,45,1.778800320000002,1.778800320000002,91.77880032,91.77880032,FALSE
166375,20,righth,2,yes,3,"""10+""",87,45,33.83049808,1498,233,"{""sample_3_x"": 914, ""last_time"": 233, ""count"": 14, ""sample_3_time"": 182, ""sample_1_x"": 859, ""sample_2_time"": 133, ""first_time"": 17, ""sample_0_time"": 17, ""sample_1_time"": 67, ""sample_3_y"": 248, ""sample_4_x"": 923, ""sample_2_y"": 266, ""sample_2_x"": 901, ""sample_0_x"": 792, ""last_y"": 230, ""sample_4_y"": 230, ""first_y"": 343, ""sample_1_y"": 305, ""last_x"": 923, ""sample_4_time"": 233, ""sample_0_y"": 343, ""first_x"": 792}",Q1 (0-90<U+00B0>),Q1 (0-90<U+00B0>),TRUE,TRUE,Correct,45,11.169501920000002,11.169501920000002,11.169501920000002,11.169501920000002,TRUE
166375,20,righth,2,yes,3,"""10+""",88,225,320.1021653,881,150,"{""count"": 9, ""first_time"": 16, ""first_x"": 776, ""last_y"": 509, ""first_y"": 367, ""last_x"": 918, ""last_time"": 149}",Q3 (180-270<U+00B0>),Q4 (270-360<U+00B0>),FALSE,TRUE,Formant,315,5.102165300000024,5.102165300000024,95.10216530000002,95.10216530000002,FALSE
166375,20,righth,2,yes,3,"""10+""",89,135,135.17961,1032,1617,"{""sample_3_x"": 592, ""sample_2_x"": 619, ""sample_2_y"": 281, ""last_time"": 1617, ""sample_3_time"": 1216, ""sample_1_time"": 417, ""sample_2_time"": 817, ""sample_0_x"": 716, ""last_x"": 575, ""sample_4_y"": 197, ""last_y"": 197, ""sample_1_x"": 666, ""sample_3_y"": 228, ""count"": 97, ""sample_0_time"": 17, ""sample_1_y"": 323, ""sample_0_y"": 351, ""sample_4_time"": 1617, ""sample_4_x"": 575, ""first_x"": 716, ""first_time"": 17, ""first_y"": 351}",Q2 (90-180<U+00B0>),Q2 (90-180<U+00B0>),TRUE,TRUE,Correct,135,0.17960999999999672,0.17960999999999672,0.17960999999999672,0.17960999999999672,TRUE
166375,20,righth,2,yes,3,"""10+""",90,225,232.7248339,1365,4717,"{""sample_4_time"": 4717, ""count"": 260, ""last_time"": 4717, ""first_y"": 376, ""last_x"": 598, ""sample_2_time"": 2516, ""sample_0_x"": 723, ""first_x"": 723, ""sample_0_time"": 16, ""sample_0_y"": 376, ""last_y"": 536, ""sample_4_y"": 536, ""sample_2_y"": 391, ""sample_1_x"": 717, ""sample_3_time"": 3650, ""sample_2_x"": 697, ""sample_1_time"": 1333, ""sample_4_x"": 598, ""first_time"": 16, ""sample_1_y"": 368, ""sample_3_x"": 817, ""sample_3_y"": 444}",Q3 (180-270<U+00B0>),Q3 (180-270<U+00B0>),TRUE,TRUE,Correct,225,7.724833899999993,7.724833899999993,7.724833899999993,7.724833899999993,TRUE
166375,20,righth,2,yes,3,"""10+""",91,225,234.1735354,1632,2783,"{""sample_4_time"": 2783, ""sample_0_x"": 723, ""count"": 149, ""last_y"": 543, ""sample_1_y"": 492, ""sample_3_x"": 835, ""sample_1_time"": 883, ""sample_0_time"": 16, ""sample_1_x"": 620, ""last_x"": 600, ""sample_2_x"": 695, ""first_time"": 16, ""sample_0_y"": 368, ""last_time"": 2783, ""sample_3_y"": 443, ""first_x"": 723, ""sample_2_y"": 405, ""sample_4_y"": 543, ""sample_3_time"": 2117, ""sample_2_time"": 1499, ""first_y"": 368, ""sample_4_x"": 600}",Q3 (180-270<U+00B0>),Q3 (180-270<U+00B0>),TRUE,TRUE,Correct,225,9.173535399999992,9.173535399999992,9.173535399999992,9.173535399999992,TRUE
166375,20,righth,2,yes,3,"""10+""",92,315,232.3238825,698,384,"{""sample_3_y"": 516, ""sample_3_time"": 300, ""sample_0_y"": 365, ""sample_1_y"": 419, ""sample_4_time"": 383, ""last_x"": 596, ""sample_1_x"": 656, ""sample_1_time"": 100, ""sample_4_y"": 536, ""sample_0_x"": 712, ""sample_4_x"": 596, ""sample_2_y"": 481, ""count"": 23, ""first_time"": 16, ""first_x"": 712, ""first_y"": 365, ""sample_2_time"": 200, ""sample_0_time"": 16, ""sample_3_x"": 602, ""last_time"": 383, ""last_y"": 536, ""sample_2_x"": 614}",Q4 (270-360<U+00B0>),Q3 (180-270<U+00B0>),FALSE,TRUE,Formant,225,7.323882499999996,7.323882499999996,82.6761175,82.6761175,FALSE
166375,20,righth,2,yes,3,"""10+""",93,315,317.5050929,882,334,"{""last_y"": 509, ""sample_1_y"": 424, ""sample_2_y"": 443, ""sample_4_y"": 509, ""first_y"": 360, ""sample_2_time"": 183, ""sample_3_x"": 896, ""sample_0_time"": 16, ""sample_4_time"": 333, ""sample_1_time"": 99, ""sample_2_x"": 871, ""sample_3_time"": 266, ""first_x"": 769, ""sample_0_x"": 769, ""last_time"": 333, ""first_time"": 16, ""last_x"": 902, ""sample_3_y"": 487, ""sample_0_y"": 360, ""count"": 20, ""sample_1_x"": 858, ""sample_4_x"": 902}",Q4 (270-360<U+00B0>),Q4 (270-360<U+00B0>),TRUE,TRUE,Correct,315,2.5050929000000224,2.5050929000000224,2.5050929000000224,2.5050929000000224,TRUE
166375,20,righth,2,yes,3,"""10+""",94,135,138.766388,1048,184,"{""sample_0_x"": 700, ""first_y"": 345, ""sample_3_x"": 577, ""count"": 11, ""sample_1_time"": 50, ""sample_0_time"": 17, ""first_time"": 17, ""sample_1_y"": 318, ""sample_1_x"": 662, ""sample_2_y"": 263, ""sample_2_time"": 100, ""sample_4_x"": 565, ""sample_4_time"": 184, ""last_x"": 565, ""sample_0_y"": 345, ""first_x"": 700, ""sample_3_time"": 150, ""sample_3_y"": 221, ""last_time"": 184, ""sample_2_x"": 612, ""sample_4_y"": 207, ""last_y"": 207}",Q2 (90-180<U+00B0>),Q2 (90-180<U+00B0>),TRUE,TRUE,Correct,135,3.7663880000000063,3.7663880000000063,3.7663880000000063,3.7663880000000063,TRUE
166375,20,righth,2,yes,3,"""10+""",95,45,49.67416371,1714,966,"{""sample_1_y"": 336, ""count"": 43, ""first_time"": 17, ""last_time"": 966, ""sample_0_time"": 17, ""sample_2_time"": 500, ""sample_3_y"": 200, ""sample_3_x"": 872, ""first_y"": 345, ""sample_0_x"": 720, ""sample_3_time"": 684, ""last_y"": 184, ""sample_4_time"": 966, ""first_x"": 720, ""sample_2_y"": 300, ""sample_1_x"": 711, ""last_x"": 881, ""sample_2_x"": 813, ""sample_4_y"": 184, ""sample_0_y"": 345, ""sample_4_x"": 881, ""sample_1_time"": 317}",Q1 (0-90<U+00B0>),Q1 (0-90<U+00B0>),TRUE,TRUE,Correct,45,4.674163710000002,4.674163710000002,4.674163710000002,4.674163710000002,TRUE
166375,20,righth,2,yes,3,"""10+""",96,315,307.1223003,849,216,"{""sample_2_x"": 837, ""sample_3_time"": 166, ""sample_2_y"": 470, ""sample_4_x"": 872, ""sample_0_y"": 387, ""sample_3_y"": 509, ""sample_2_time"": 116, ""sample_1_x"": 811, ""sample_4_y"": 537, ""sample_0_time"": 16, ""first_x"": 766, ""sample_0_x"": 766, ""sample_1_y"": 431, ""last_y"": 537, ""last_time"": 216, ""first_time"": 16, ""sample_3_x"": 858, ""last_x"": 872, ""sample_4_time"": 216, ""count"": 13, ""sample_1_time"": 66, ""first_y"": 387}",Q4 (270-360<U+00B0>),Q4 (270-360<U+00B0>),TRUE,TRUE,Correct,315,7.877699699999994,7.877699699999994,7.877699699999994,7.877699699999994,TRUE
166375,20,righth,2,yes,3,"""10+""",97,45,133.2642954,766,600,"{""first_time"": 16, ""first_x"": 730, ""sample_4_time"": 600, ""count"": 33, ""sample_1_time"": 150, ""sample_2_time"": 333, ""sample_0_y"": 340, ""sample_0_x"": 730, ""sample_1_x"": 719, ""sample_3_time"": 466, ""last_y"": 186, ""sample_4_y"": 186, ""last_time"": 600, ""sample_1_y"": 335, ""sample_2_y"": 334, ""first_y"": 340, ""sample_3_x"": 644, ""last_x"": 575, ""sample_4_x"": 575, ""sample_2_x"": 715, ""sample_3_y"": 276, ""sample_0_time"": 16}",Q1 (0-90<U+00B0>),Q2 (90-180<U+00B0>),FALSE,TRUE,Formant,135,1.7357045999999912,1.7357045999999912,88.26429540000001,88.26429540000001,FALSE
166375,20,righth,2,yes,3,"""10+""",98,315,313.3839333,1098,333,"{""last_time"": 333, ""sample_1_x"": 807, ""sample_2_y"": 463, ""sample_2_x"": 861, ""last_x"": 890, ""sample_0_time"": 16, ""sample_3_y"": 512, ""sample_1_y"": 390, ""sample_0_y"": 367, ""sample_4_y"": 520, ""sample_3_x"": 886, ""sample_4_time"": 333, ""first_y"": 367, ""sample_1_time"": 100, ""first_time"": 16, ""last_y"": 520, ""sample_3_time"": 265, ""sample_2_time"": 183, ""sample_0_x"": 761, ""count"": 20, ""sample_4_x"": 890, ""first_x"": 761}",Q4 (270-360<U+00B0>),Q4 (270-360<U+00B0>),TRUE,TRUE,Correct,315,1.6160666999999762,1.6160666999999762,1.6160666999999762,1.6160666999999762,TRUE
166375,20,righth,2,yes,3,"""10+""",99,315,315.5388159,848,417,"{""first_x"": 753, ""sample_1_time"": 117, ""sample_3_x"": 891, ""sample_2_time"": 217, ""last_y"": 514, ""first_y"": 350, ""sample_1_x"": 831, ""sample_0_y"": 350, ""sample_2_x"": 873, ""sample_3_y"": 500, ""sample_1_y"": 409, ""sample_4_time"": 417, ""sample_4_y"": 514, ""sample_0_time"": 17, ""last_time"": 417, ""count"": 25, ""first_time"": 17, ""last_x"": 896, ""sample_4_x"": 896, ""sample_2_y"": 465, ""sample_0_x"": 753, ""sample_3_time"": 317}",Q4 (270-360<U+00B0>),Q4 (270-360<U+00B0>),TRUE,TRUE,Correct,315,0.5388158999999746,0.5388158999999746,0.5388158999999746,0.5388158999999746,TRUE
166375,20,righth,2,yes,3,"""10+""",100,45,45.5388159,1615,3601,"{""count"": 198, ""sample_0_x"": 725, ""sample_2_time"": 1700, ""sample_4_time"": 3600, ""sample_4_x"": 893, ""sample_3_x"": 865, ""first_time"": 17, ""sample_3_time"": 2784, ""first_x"": 725, ""sample_1_x"": 653, ""sample_2_x"": 738, ""sample_3_y"": 249, ""last_time"": 3600, ""first_y"": 344, ""sample_1_y"": 289, ""sample_2_y"": 329, ""sample_0_time"": 17, ""last_x"": 893, ""sample_0_y"": 344, ""sample_4_y"": 195, ""last_y"": 195, ""sample_1_time"": 833}",Q1 (0-90<U+00B0>),Q1 (0-90<U+00B0>),TRUE,TRUE,Correct,45,0.538815900000003,0.538815900000003,0.538815900000003,0.538815900000003,TRUE
166828,20,righth,1,yes,0,"""1-5""",21,315,46.69829916,693,1451,"{""first_y"": 403, ""first_x"": 783, ""sample_1_y"": 385, ""sample_0_y"": 403, ""sample_2_x"": 866, ""sample_0_time"": 16, ""sample_4_x"": 948, ""sample_3_x"": 935, ""last_time"": 1450, ""sample_3_y"": 234, ""first_time"": 16, ""sample_2_y"": 288, ""sample_1_x"": 806, ""last_y"": 222, ""last_x"": 948, ""sample_1_time"": 800, ""sample_4_y"": 222, ""sample_3_time"": 1200, ""count"": 48, ""sample_0_x"": 783, ""sample_2_time"": 1000, ""sample_4_time"": 1450}",Q4 (270-360<U+00B0>),Q1 (0-90<U+00B0>),TRUE,FALSE,Frequency,45,1.6982991599999977,1.6982991599999977,268.30170084,91.69829915999998,FALSE
166828,20,righth,1,yes,0,"""1-5""",22,315,229.4936838,1194,3436,"{""first_time"": 17, ""sample_2_y"": 230, ""count"": 133, ""first_y"": 403, ""sample_0_y"": 403, ""last_x"": 598, ""sample_4_time"": 3435, ""sample_0_x"": 785, ""sample_1_time"": 567, ""sample_2_time"": 1902, ""sample_0_time"": 17, ""sample_1_y"": 270, ""last_time"": 3435, ""last_y"": 612, ""sample_4_y"": 612, ""sample_3_y"": 570, ""sample_1_x"": 908, ""sample_2_x"": 950, ""sample_3_time"": 2451, ""first_x"": 785, ""sample_3_x"": 658, ""sample_4_x"": 598}",Q4 (270-360<U+00B0>),Q3 (180-270<U+00B0>),FALSE,TRUE,Formant,225,4.493683800000014,4.493683800000014,85.50631619999999,85.50631619999999,FALSE
166828,20,righth,1,yes,0,"""1-5""",23,135,136.5481577,1750,1293,"{""first_y"": 389, ""last_y"": 233, ""sample_4_y"": 233, ""count"": 76, ""sample_2_time"": 650, ""sample_4_time"": 1292, ""sample_0_x"": 752, ""sample_3_time"": 967, ""sample_1_x"": 684, ""sample_4_x"": 578, ""sample_0_time"": 17, ""sample_3_x"": 598, ""last_time"": 1292, ""first_time"": 17, ""sample_2_x"": 633, ""sample_2_y"": 277, ""first_x"": 752, ""last_x"": 578, ""sample_1_time"": 333, ""sample_3_y"": 253, ""sample_1_y"": 325, ""sample_0_y"": 389}",Q2 (90-180<U+00B0>),Q2 (90-180<U+00B0>),TRUE,TRUE,Correct,135,1.5481576999999902,1.5481576999999902,1.5481576999999902,1.5481576999999902,TRUE
166828,20,righth,1,yes,0,"""1-5""",24,315,313.7746087,2149,1801,"{""last_x"": 951, ""sample_1_y"": 517, ""sample_1_time"": 567, ""sample_0_y"": 429, ""sample_1_x"": 641, ""sample_2_time"": 1033, ""sample_4_y"": 604, ""first_y"": 429, ""sample_4_x"": 951, ""count"": 92, ""first_x"": 743, ""sample_0_time"": 17, ""sample_2_y"": 415, ""first_time"": 17, ""sample_3_time"": 1433, ""sample_4_time"": 1800, ""sample_3_x"": 891, ""sample_3_y"": 552, ""last_y"": 604, ""sample_2_x"": 742, ""sample_0_x"": 743, ""last_time"": 1800}",Q4 (270-360<U+00B0>),Q4 (270-360<U+00B0>),TRUE,TRUE,Correct,315,1.2253913000000125,1.2253913000000125,1.2253913000000125,1.2253913000000125,TRUE
166828,20,righth,1,yes,0,"""1-5""",25,225,312.4043685,1416,534,"{""sample_1_time"": 150, ""sample_0_x"": 788, ""first_x"": 788, ""sample_4_time"": 533, ""count"": 32, ""last_y"": 609, ""sample_3_y"": 581, ""sample_3_time"": 417, ""sample_1_y"": 476, ""sample_0_y"": 432, ""sample_2_time"": 283, ""sample_0_time"": 17, ""sample_3_x"": 914, ""last_time"": 533, ""first_time"": 17, ""sample_4_y"": 609, ""sample_1_x"": 821, ""sample_2_x"": 869, ""sample_2_y"": 527, ""last_x"": 947, ""first_y"": 432, ""sample_4_x"": 947}",Q3 (180-270<U+00B0>),Q4 (270-360<U+00B0>),FALSE,TRUE,Formant,315,2.5956315000000245,2.5956315000000245,87.40436849999998,87.40436849999998,FALSE
166828,20,righth,1,yes,0,"""1-5""",26,225,312.2297842,1299,551,"{""sample_3_y"": 586, ""sample_0_x"": 794, ""sample_4_time"": 550, ""sample_1_x"": 869, ""sample_2_x"": 910, ""sample_0_y"": 434, ""last_y"": 608, ""sample_4_y"": 608, ""last_time"": 550, ""sample_2_y"": 553, ""count"": 33, ""first_time"": 17, ""sample_4_x"": 945, ""sample_2_time"": 283, ""sample_1_y"": 510, ""sample_3_time"": 417, ""first_y"": 434, ""sample_0_time"": 17, ""first_x"": 794, ""sample_3_x"": 930, ""sample_1_time"": 150, ""last_x"": 945}",Q3 (180-270<U+00B0>),Q4 (270-360<U+00B0>),FALSE,TRUE,Formant,315,2.7702158000000168,2.7702158000000168,87.22978419999998,87.22978419999998,FALSE
166828,20,righth,1,yes,0,"""1-5""",27,225,312.6847201,1216,817,"{""first_y"": 436, ""sample_2_y"": 562, ""sample_3_x"": 919, ""first_time"": 17, ""sample_1_y"": 516, ""sample_3_y"": 587, ""last_time"": 817, ""sample_4_y"": 606, ""count"": 47, ""sample_4_time"": 817, ""sample_2_time"": 400, ""sample_4_x"": 946, ""sample_1_time"": 200, ""sample_3_time"": 600, ""sample_2_x"": 906, ""sample_0_time"": 17, ""sample_1_x"": 855, ""sample_0_y"": 436, ""last_y"": 606, ""first_x"": 773, ""last_x"": 946, ""sample_0_x"": 773}",Q3 (180-270<U+00B0>),Q4 (270-360<U+00B0>),FALSE,TRUE,Formant,315,2.3152799000000073,2.3152799000000073,87.68472009999999,87.68472009999999,FALSE
166828,20,righth,1,yes,0,"""1-5""",28,45,133.3108017,1033,600,"{""sample_4_time"": 600, ""last_y"": 221, ""first_x"": 746, ""count"": 36, ""sample_3_y"": 241, ""sample_0_time"": 17, ""sample_3_time"": 467, ""sample_2_time"": 317, ""sample_2_x"": 642, ""sample_0_y"": 392, ""sample_4_y"": 221, ""first_y"": 392, ""sample_4_x"": 587, ""sample_1_time"": 167, ""last_x"": 587, ""first_time"": 17, ""sample_2_y"": 274, ""sample_0_x"": 746, ""sample_3_x"": 609, ""last_time"": 600, ""sample_1_x"": 677, ""sample_1_y"": 322}",Q1 (0-90<U+00B0>),Q2 (90-180<U+00B0>),FALSE,TRUE,Formant,135,1.6891982999999868,1.6891982999999868,88.31080170000001,88.31080170000001,FALSE
166828,20,righth,1,yes,0,"""1-5""",29,225,315.3047619,1352,401,"{""sample_2_time"": 217, ""first_time"": 17, ""sample_0_y"": 436, ""sample_1_time"": 117, ""sample_3_x"": 941, ""sample_4_x"": 957, ""sample_4_y"": 600, ""sample_0_time"": 17, ""sample_1_x"": 867, ""last_x"": 957, ""sample_0_x"": 785, ""sample_2_x"": 918, ""last_time"": 400, ""last_y"": 600, ""sample_2_y"": 551, ""first_x"": 785, ""sample_4_time"": 400, ""sample_3_y"": 578, ""first_y"": 436, ""sample_1_y"": 502, ""sample_3_time"": 317, ""count"": 24}",Q3 (180-270<U+00B0>),Q4 (270-360<U+00B0>),FALSE,TRUE,Formant,315,0.3047619000000168,0.3047619000000168,90.30476190000002,90.30476190000002,FALSE
166828,20,righth,1,yes,0,"""1-5""",30,315,313.1523897,1083,616,"{""first_x"": 775, ""sample_0_y"": 436, ""sample_2_time"": 366, ""sample_1_time"": 233, ""sample_1_y"": 466, ""count"": 31, ""sample_3_time"": 499, ""last_y"": 605, ""sample_0_time"": 16, ""sample_3_x"": 927, ""sample_2_y"": 542, ""sample_2_x"": 886, ""first_time"": 16, ""first_y"": 436, ""sample_4_y"": 605, ""sample_1_x"": 792, ""sample_4_time"": 616, ""sample_0_x"": 775, ""sample_4_x"": 948, ""last_x"": 948, ""last_time"": 616, ""sample_3_y"": 579}",Q4 (270-360<U+00B0>),Q4 (270-360<U+00B0>),TRUE,TRUE,Correct,315,1.8476102999999853,1.8476102999999853,1.8476102999999853,1.8476102999999853,TRUE
166828,20,righth,1,yes,0,"""1-5""",31,225,224.3839401,1500,3233,"{""sample_0_time"": 16, ""last_x"": 580, ""sample_2_y"": 443, ""sample_1_x"": 869, ""first_time"": 16, ""last_time"": 3233, ""last_y"": 597, ""sample_0_x"": 778, ""sample_4_y"": 597, ""count"": 167, ""sample_1_y"": 510, ""sample_0_y"": 430, ""sample_2_time"": 1750, ""sample_3_y"": 525, ""first_y"": 430, ""sample_4_time"": 3233, ""sample_3_x"": 674, ""sample_4_x"": 580, ""sample_3_time"": 2533, ""sample_1_time"": 750, ""sample_2_x"": 779, ""first_x"": 778}",Q3 (180-270<U+00B0>),Q3 (180-270<U+00B0>),TRUE,TRUE,Correct,225,0.6160599000000104,0.6160599000000104,0.6160599000000104,0.6160599000000104,TRUE
166828,20,righth,1,yes,0,"""1-5""",32,225,226.8575904,1361,1185,"{""sample_2_time"": 600, ""first_y"": 434, ""sample_3_y"": 590, ""sample_0_y"": 434, ""sample_1_y"": 541, ""count"": 70, ""sample_2_x"": 624, ""sample_4_time"": 1184, ""sample_1_time"": 300, ""sample_2_y"": 573, ""last_y"": 604, ""last_x"": 589, ""sample_4_x"": 589, ""sample_3_time"": 883, ""sample_4_y"": 604, ""first_time"": 16, ""first_x"": 745, ""sample_3_x"": 602, ""sample_1_x"": 665, ""sample_0_x"": 745, ""last_time"": 1184, ""sample_0_time"": 16}",Q3 (180-270<U+00B0>),Q3 (180-270<U+00B0>),TRUE,TRUE,Correct,225,1.8575903999999923,1.8575903999999923,1.8575903999999923,1.8575903999999923,TRUE
166828,20,righth,1,yes,0,"""1-5""",33,315,315.1544357,1686,1217,"{""first_x"": 766, ""sample_4_time"": 1217, ""last_time"": 1217, ""sample_2_y"": 565, ""sample_2_x"": 927, ""sample_1_time"": 200, ""count"": 46, ""last_x"": 954, ""sample_4_y"": 598, ""sample_1_x"": 875, ""sample_0_y"": 433, ""first_time"": 17, ""sample_0_x"": 766, ""last_y"": 598, ""sample_1_y"": 525, ""sample_0_time"": 17, ""sample_3_time"": 1033, ""first_y"": 433, ""sample_3_x"": 930, ""sample_4_x"": 954, ""sample_2_time"": 417, ""sample_3_y"": 577}",Q4 (270-360<U+00B0>),Q4 (270-360<U+00B0>),TRUE,TRUE,Correct,315,0.15443570000002182,0.15443570000002182,0.15443570000002182,0.15443570000002182,TRUE
166828,20,righth,1,yes,0,"""1-5""",34,135,134.539186,1966,1351,"{""sample_1_time"": 329, ""last_time"": 1351, ""sample_0_time"": 17, ""sample_2_y"": 310, ""count"": 65, ""sample_1_y"": 341, ""sample_2_x"": 657, ""sample_0_x"": 739, ""first_y"": 393, ""last_x"": 583, ""sample_2_time"": 717, ""sample_3_x"": 624, ""sample_1_x"": 668, ""sample_4_y"": 225, ""first_time"": 17, ""sample_4_x"": 583, ""sample_3_y"": 274, ""first_x"": 739, ""sample_0_y"": 393, ""sample_3_time"": 984, ""sample_4_time"": 1351, ""last_y"": 225}",Q2 (90-180<U+00B0>),Q2 (90-180<U+00B0>),TRUE,TRUE,Correct,135,0.46081399999999917,0.46081399999999917,0.46081399999999917,0.46081399999999917,TRUE
166828,20,righth,1,yes,0,"""1-5""",35,45,45,1700,2100,"{""sample_2_y"": 309, ""sample_4_time"": 2100, ""sample_0_y"": 394, ""sample_2_time"": 820, ""sample_4_x"": 953, ""last_x"": 953, ""sample_0_x"": 781, ""sample_3_time"": 1433, ""first_time"": 16, ""sample_3_x"": 906, ""sample_3_y"": 280, ""sample_1_y"": 331, ""sample_1_time"": 417, ""last_time"": 2100, ""first_x"": 781, ""sample_2_x"": 867, ""last_y"": 228, ""count"": 75, ""sample_4_y"": 228, ""first_y"": 394, ""sample_0_time"": 16, ""sample_1_x"": 846}",Q1 (0-90<U+00B0>),Q1 (0-90<U+00B0>),TRUE,TRUE,Correct,45,0,0,0,0,TRUE
166828,20,righth,1,yes,0,"""1-5""",36,45,47.62357789,2397,1300,"{""count"": 59, ""last_time"": 1300, ""sample_4_y"": 219, ""sample_2_time"": 700, ""sample_1_y"": 309, ""sample_1_time"": 283, ""first_time"": 16, ""sample_1_x"": 894, ""sample_3_x"": 928, ""sample_3_y"": 253, ""sample_4_time"": 1300, ""sample_0_time"": 16, ""sample_0_x"": 788, ""first_y"": 392, ""sample_2_x"": 906, ""sample_4_x"": 945, ""sample_3_time"": 1067, ""last_x"": 945, ""first_x"": 788, ""sample_0_y"": 392, ""sample_2_y"": 273, ""last_y"": 219}",Q1 (0-90<U+00B0>),Q1 (0-90<U+00B0>),TRUE,TRUE,Correct,45,2.62357789,2.62357789,2.62357789,2.62357789,TRUE
166828,20,righth,1,yes,0,"""1-5""",37,135,137.1437609,213,5116,"{""sample_4_x"": 574, ""sample_0_y"": 411, ""sample_1_x"": 645, ""sample_3_x"": 642, ""sample_4_time"": 5116, ""sample_3_y"": 495, ""sample_4_y"": 233, ""sample_0_x"": 753, ""sample_2_x"": 686, ""first_x"": 753, ""last_time"": 5116, ""last_y"": 233, ""sample_0_time"": 2180, ""count"": 139, ""last_x"": 574, ""first_time"": 2180, ""sample_3_time"": 4549, ""sample_1_y"": 272, ""sample_1_time"": 2762, ""sample_2_time"": 3866, ""sample_2_y"": 426, ""first_y"": 411}",Q2 (90-180<U+00B0>),Q2 (90-180<U+00B0>),TRUE,TRUE,Correct,135,2.1437608999999895,2.1437608999999895,2.1437608999999895,2.1437608999999895,TRUE
166828,20,righth,1,yes,0,"""1-5""",38,225,227.3152799,1736,3516,"{""sample_3_y"": 403, ""sample_0_y"": 426, ""sample_3_x"": 637, ""sample_4_y"": 606, ""count"": 160, ""sample_1_x"": 875, ""sample_2_time"": 1816, ""sample_0_time"": 33, ""sample_4_x"": 590, ""sample_1_time"": 993, ""sample_2_x"": 742, ""sample_3_time"": 2683, ""last_x"": 590, ""first_time"": 33, ""first_x"": 779, ""sample_4_time"": 3516, ""sample_0_x"": 779, ""last_time"": 3516, ""first_y"": 426, ""last_y"": 606, ""sample_2_y"": 308, ""sample_1_y"": 505}",Q3 (180-270<U+00B0>),Q3 (180-270<U+00B0>),TRUE,TRUE,Correct,225,2.3152799000000073,2.3152799000000073,2.3152799000000073,2.3152799000000073,TRUE
166828,20,righth,1,yes,0,"""1-5""",39,45,45,1569,2687,"{""sample_2_y"": 325, ""sample_1_x"": 653, ""first_y"": 390, ""count"": 133, ""last_time"": 2686, ""sample_1_y"": 297, ""sample_4_time"": 2686, ""sample_2_x"": 763, ""sample_4_y"": 228, ""sample_3_x"": 860, ""sample_0_time"": 16, ""sample_0_x"": 760, ""sample_1_time"": 566, ""last_y"": 228, ""sample_4_x"": 953, ""sample_0_y"": 390, ""first_x"": 760, ""sample_3_time"": 2133, ""sample_2_time"": 1433, ""first_time"": 16, ""sample_3_y"": 325, ""last_x"": 953}",Q1 (0-90<U+00B0>),Q1 (0-90<U+00B0>),TRUE,TRUE,Correct,45,0,0,0,0,TRUE
166828,20,righth,1,yes,0,"""1-5""",40,225,227.1323684,1532,2017,"{""sample_4_time"": 2017, ""sample_3_y"": 497, ""sample_1_time"": 684, ""sample_2_y"": 279, ""sample_3_x"": 650, ""sample_0_time"": 17, ""sample_1_y"": 352, ""sample_0_y"": 405, ""last_y"": 608, ""sample_4_y"": 608, ""first_y"": 405, ""sample_3_time"": 1617, ""last_time"": 2017, ""sample_2_x"": 623, ""sample_2_time"": 1184, ""sample_4_x"": 587, ""count"": 98, ""sample_1_x"": 710, ""sample_0_x"": 738, ""last_x"": 587, ""first_time"": 17, ""first_x"": 738}",Q3 (180-270<U+00B0>),Q3 (180-270<U+00B0>),TRUE,TRUE,Correct,225,2.13236839999999,2.13236839999999,2.13236839999999,2.13236839999999,TRUE
166828,20,righth,1,yes,0,"""1-5""",41,135,135.7638985,2475,899,"{""sample_4_y"": 228, ""sample_4_x"": 578, ""first_x"": 742, ""sample_1_y"": 309, ""sample_3_x"": 595, ""sample_2_x"": 610, ""last_time"": 898, ""sample_1_x"": 649, ""sample_0_y"": 398, ""first_time"": 15, ""sample_3_y"": 246, ""sample_0_time"": 15, ""last_x"": 578, ""sample_2_time"": 448, ""sample_4_time"": 898, ""last_y"": 228, ""sample_2_y"": 270, ""sample_0_x"": 742, ""first_y"": 398, ""sample_3_time"": 671, ""sample_1_time"": 232, ""count"": 52}",Q2 (90-180<U+00B0>),Q2 (90-180<U+00B0>),TRUE,TRUE,Correct,135,0.7638985000000105,0.7638985000000105,0.7638985000000105,0.7638985000000105,TRUE
166828,20,righth,1,yes,0,"""1-5""",42,135,135.6127657,3850,199,"{""sample_2_time"": 115, ""sample_4_y"": 228, ""sample_0_y"": 377, ""last_time"": 199, ""sample_3_y"": 236, ""sample_1_x"": 627, ""first_x"": 725, ""sample_3_time"": 166, ""first_time"": 16, ""sample_3_x"": 584, ""sample_1_time"": 65, ""first_y"": 377, ""sample_2_x"": 598, ""sample_4_time"": 199, ""sample_4_x"": 579, ""sample_1_y"": 297, ""count"": 12, ""last_x"": 579, ""sample_2_y"": 265, ""sample_0_time"": 16, ""sample_0_x"": 725, ""last_y"": 228}",Q2 (90-180<U+00B0>),Q2 (90-180<U+00B0>),TRUE,TRUE,Correct,135,0.6127657000000113,0.6127657000000113,0.6127657000000113,0.6127657000000113,TRUE
166828,20,righth,1,yes,0,"""1-5""",43,45,45.92903932,2402,983,"{""sample_3_y"": 250, ""sample_1_time"": 270, ""sample_2_time"": 516, ""first_x"": 790, ""sample_2_y"": 300, ""first_time"": 15, ""sample_1_y"": 341, ""last_x"": 950, ""sample_0_x"": 790, ""count"": 58, ""last_time"": 982, ""sample_0_y"": 394, ""sample_1_x"": 860, ""last_y"": 225, ""sample_2_x"": 869, ""first_y"": 394, ""sample_4_y"": 225, ""sample_3_x"": 918, ""sample_0_time"": 15, ""sample_3_time"": 749, ""sample_4_x"": 950, ""sample_4_time"": 982}",Q1 (0-90<U+00B0>),Q1 (0-90<U+00B0>),TRUE,TRUE,Correct,45,0.9290393200000011,0.9290393200000011,0.9290393200000011,0.9290393200000011,TRUE
166828,20,righth,1,yes,0,"""1-5""",44,135,136.5481577,2152,968,"{""sample_2_y"": 261, ""sample_3_y"": 249, ""sample_3_x"": 594, ""first_x"": 750, ""sample_1_y"": 322, ""sample_0_time"": 17, ""first_y"": 392, ""first_time"": 17, ""count"": 53, ""sample_0_y"": 392, ""sample_4_x"": 578, ""sample_4_y"": 233, ""sample_3_time"": 751, ""sample_1_x"": 685, ""sample_2_time"": 450, ""last_x"": 578, ""sample_2_x"": 609, ""last_y"": 233, ""sample_0_x"": 750, ""sample_4_time"": 967, ""sample_1_time"": 234, ""last_time"": 967}",Q2 (90-180<U+00B0>),Q2 (90-180<U+00B0>),TRUE,TRUE,Correct,135,1.5481576999999902,1.5481576999999902,1.5481576999999902,1.5481576999999902,TRUE
166828,20,righth,1,yes,0,"""1-5""",45,45,44.6902961,2189,1017,"{""sample_3_x"": 932, ""sample_4_y"": 229, ""count"": 40, ""sample_4_x"": 954, ""sample_2_y"": 250, ""first_time"": 150, ""sample_1_y"": 335, ""sample_0_x"": 782, ""first_y"": 425, ""last_x"": 954, ""sample_2_time"": 483, ""sample_0_y"": 425, ""sample_0_time"": 150, ""last_time"": 1017, ""sample_3_y"": 237, ""sample_3_time"": 650, ""sample_4_time"": 1017, ""sample_1_x"": 880, ""first_x"": 782, ""last_y"": 229, ""sample_1_time"": 317, ""sample_2_x"": 920}",Q1 (0-90<U+00B0>),Q1 (0-90<U+00B0>),TRUE,TRUE,Correct,45,0.30970390000000236,0.30970390000000236,0.30970390000000236,0.30970390000000236,TRUE
166828,20,righth,1,yes,0,"""1-5""",46,315,314.8463924,1983,701,"{""sample_4_x"": 954, ""last_x"": 954, ""sample_2_y"": 531, ""first_y"": 441, ""sample_4_time"": 700, ""sample_3_time"": 534, ""sample_2_time"": 367, ""sample_3_y"": 567, ""last_y"": 600, ""sample_4_y"": 600, ""count"": 42, ""sample_0_x"": 801, ""first_x"": 801, ""sample_2_x"": 882, ""sample_1_time"": 184, ""sample_1_x"": 875, ""sample_0_time"": 17, ""sample_1_y"": 513, ""first_time"": 17, ""sample_0_y"": 441, ""sample_3_x"": 918, ""last_time"": 700}",Q4 (270-360<U+00B0>),Q4 (270-360<U+00B0>),TRUE,TRUE,Correct,315,0.15360759999998663,0.15360759999998663,0.15360759999998663,0.15360759999998663,TRUE
166828,20,righth,1,yes,0,"""1-5""",47,315,312.2445753,1569,499,"{""sample_2_y"": 565, ""sample_4_x"": 946, ""sample_3_y"": 604, ""last_y"": 609, ""sample_3_x"": 930, ""sample_1_y"": 494, ""first_x"": 806, ""last_time"": 499, ""sample_0_x"": 806, ""first_y"": 421, ""sample_4_y"": 609, ""sample_0_time"": 16, ""last_x"": 946, ""sample_4_time"": 499, ""sample_1_time"": 132, ""sample_0_y"": 421, ""sample_2_x"": 889, ""sample_2_time"": 249, ""count"": 28, ""sample_3_time"": 366, ""sample_1_x"": 866, ""first_time"": 16}",Q4 (270-360<U+00B0>),Q4 (270-360<U+00B0>),TRUE,TRUE,Correct,315,2.755424699999992,2.755424699999992,2.755424699999992,2.755424699999992,TRUE
166828,20,righth,1,yes,0,"""1-5""",48,45,44.6902961,3584,667,"{""sample_1_y"": 314, ""sample_0_time"": 17, ""last_y"": 229, ""sample_2_x"": 903, ""count"": 40, ""last_time"": 667, ""sample_1_x"": 855, ""first_y"": 384, ""sample_0_x"": 786, ""sample_4_time"": 667, ""sample_2_y"": 269, ""sample_3_x"": 930, ""sample_1_time"": 183, ""sample_3_y"": 248, ""sample_4_y"": 229, ""sample_3_time"": 517, ""first_time"": 17, ""sample_2_time"": 350, ""first_x"": 786, ""sample_4_x"": 954, ""sample_0_y"": 384, ""last_x"": 954}",Q1 (0-90<U+00B0>),Q1 (0-90<U+00B0>),TRUE,TRUE,Correct,45,0.30970390000000236,0.30970390000000236,0.30970390000000236,0.30970390000000236,TRUE
166828,20,righth,1,yes,0,"""1-5""",49,225,227.1669147,1940,633,"{""sample_4_time"": 633, ""first_time"": 16, ""sample_0_y"": 433, ""last_x"": 590, ""count"": 38, ""sample_1_time"": 166, ""sample_0_time"": 16, ""sample_1_x"": 668, ""sample_2_time"": 333, ""sample_1_y"": 516, ""sample_3_y"": 588, ""sample_2_y"": 570, ""last_time"": 633, ""last_y"": 605, ""sample_3_x"": 609, ""sample_4_y"": 605, ""sample_4_x"": 590, ""sample_0_x"": 746, ""sample_2_x"": 627, ""sample_3_time"": 483, ""first_y"": 433, ""first_x"": 746}",Q3 (180-270<U+00B0>),Q3 (180-270<U+00B0>),TRUE,TRUE,Correct,225,2.1669147000000066,2.1669147000000066,2.1669147000000066,2.1669147000000066,TRUE
166828,20,righth,1,yes,0,"""1-5""",50,45,46.08092419,1372,701,"{""last_x"": 950, ""sample_0_y"": 398, ""sample_4_y"": 224, ""sample_1_x"": 876, ""last_y"": 224, ""sample_0_x"": 796, ""count"": 37, ""sample_3_time"": 517, ""sample_3_y"": 250, ""first_x"": 796, ""first_y"": 398, ""sample_1_y"": 331, ""sample_2_y"": 282, ""last_time"": 700, ""sample_3_x"": 930, ""sample_2_time"": 367, ""sample_1_time"": 167, ""sample_2_x"": 909, ""sample_4_x"": 950, ""first_time"": 17, ""sample_4_time"": 700, ""sample_0_time"": 17}",Q1 (0-90<U+00B0>),Q1 (0-90<U+00B0>),TRUE,TRUE,Correct,45,1.0809241899999975,1.0809241899999975,1.0809241899999975,1.0809241899999975,TRUE
166828,20,righth,1,yes,0,"""1-5""",51,45,45,2001,616,"{""sample_0_x"": 790, ""sample_2_y"": 272, ""first_time"": 15, ""sample_2_time"": 299, ""sample_1_y"": 319, ""sample_3_time"": 432, ""count"": 34, ""sample_4_y"": 228, ""sample_2_x"": 910, ""last_x"": 953, ""first_y"": 401, ""sample_4_time"": 615, ""sample_0_y"": 401, ""first_x"": 790, ""last_time"": 615, ""sample_1_time"": 148, ""sample_0_time"": 15, ""last_y"": 228, ""sample_3_x"": 942, ""sample_3_y"": 245, ""sample_4_x"": 953, ""sample_1_x"": 853}",Q1 (0-90<U+00B0>),Q1 (0-90<U+00B0>),TRUE,TRUE,Correct,45,0,0,0,0,TRUE
166828,20,righth,1,yes,0,"""1-5""",52,135,187.6876727,3022,50,"{""count"": 3, ""last_time"": 50, ""first_x"": 667, ""first_y"": 433, ""last_y"": 462, ""first_time"": 16, ""last_x"": 405}",Q2 (90-180<U+00B0>),Q3 (180-270<U+00B0>),TRUE,FALSE,Frequency,225,37.31232729999999,37.31232729999999,52.68767270000001,52.68767270000001,FALSE
166828,20,righth,1,yes,0,"""1-5""",53,135,133.4601617,758,934,"{""last_y"": 222, ""sample_3_y"": 262, ""last_time"": 933, ""sample_1_y"": 357, ""first_x"": 766, ""sample_2_time"": 483, ""sample_2_y"": 318, ""last_x"": 587, ""sample_4_x"": 587, ""sample_3_x"": 617, ""sample_1_x"": 724, ""sample_3_time"": 716, ""sample_0_x"": 766, ""sample_0_time"": 17, ""first_y"": 390, ""sample_2_x"": 667, ""sample_4_y"": 222, ""sample_4_time"": 933, ""sample_1_time"": 233, ""count"": 55, ""sample_0_y"": 390, ""first_time"": 17}",Q2 (90-180<U+00B0>),Q2 (90-180<U+00B0>),TRUE,TRUE,Correct,135,1.5398383000000138,1.5398383000000138,1.5398383000000138,1.5398383000000138,TRUE
166828,20,righth,1,yes,0,"""1-5""",54,315,315.7679939,622,1767,"{""last_x"": 957, ""sample_4_y"": 597, ""sample_2_x"": 795, ""last_time"": 1766, ""first_x"": 761, ""sample_0_x"": 761, ""sample_1_x"": 763, ""sample_3_y"": 540, ""first_time"": 18, ""first_y"": 398, ""sample_2_y"": 428, ""sample_3_x"": 921, ""sample_0_time"": 18, ""sample_3_time"": 1600, ""sample_4_x"": 957, ""last_y"": 597, ""sample_0_y"": 398, ""sample_2_time"": 1450, ""count"": 35, ""sample_1_time"": 366, ""sample_1_y"": 403, ""sample_4_time"": 1766}",Q4 (270-360<U+00B0>),Q4 (270-360<U+00B0>),TRUE,TRUE,Correct,315,0.7679939000000218,0.7679939000000218,0.7679939000000218,0.7679939000000218,TRUE
166828,20,righth,1,yes,0,"""1-5""",55,315,312.5238873,818,1233,"{""sample_4_y"": 606, ""sample_1_y"": 472, ""first_y"": 409, ""sample_0_x"": 753, ""sample_0_time"": 16, ""sample_4_time"": 1232, ""sample_2_y"": 553, ""sample_2_x"": 883, ""first_time"": 16, ""sample_0_y"": 409, ""sample_3_y"": 579, ""sample_4_x"": 945, ""count"": 48, ""first_x"": 753, ""last_x"": 945, ""sample_3_x"": 916, ""sample_1_time"": 649, ""last_time"": 1232, ""sample_3_time"": 1049, ""sample_1_x"": 805, ""sample_2_time"": 849, ""last_y"": 606}",Q4 (270-360<U+00B0>),Q4 (270-360<U+00B0>),TRUE,TRUE,Correct,315,2.4761126999999874,2.4761126999999874,2.4761126999999874,2.4761126999999874,TRUE
166828,20,righth,1,yes,0,"""1-5""",56,225,229.0195825,1715,634,"{""count"": 38, ""sample_2_x"": 669, ""sample_0_time"": 17, ""sample_4_y"": 611, ""sample_3_y"": 585, ""sample_2_y"": 524, ""last_x"": 596, ""first_time"": 17, ""sample_1_y"": 462, ""sample_1_time"": 167, ""sample_0_y"": 424, ""sample_0_x"": 754, ""sample_2_time"": 333, ""last_y"": 611, ""sample_3_time"": 483, ""sample_4_x"": 596, ""last_time"": 634, ""sample_3_x"": 625, ""sample_4_time"": 634, ""first_y"": 424, ""sample_1_x"": 725, ""first_x"": 754}",Q3 (180-270<U+00B0>),Q3 (180-270<U+00B0>),TRUE,TRUE,Correct,225,4.019582500000013,4.019582500000013,4.019582500000013,4.019582500000013,TRUE
166828,20,righth,1,yes,0,"""1-5""",57,315,312.6847201,1231,417,"{""sample_1_y"": 546, ""first_time"": 16, ""last_y"": 606, ""sample_2_y"": 574, ""last_time"": 416, ""count"": 21, ""sample_2_time"": 250, ""first_x"": 798, ""sample_3_y"": 587, ""sample_4_time"": 416, ""last_x"": 946, ""sample_1_time"": 100, ""first_y"": 450, ""sample_0_time"": 16, ""sample_3_x"": 942, ""sample_4_y"": 606, ""sample_2_x"": 926, ""sample_4_x"": 946, ""sample_1_x"": 888, ""sample_0_x"": 798, ""sample_0_y"": 450, ""sample_3_time"": 333}",Q4 (270-360<U+00B0>),Q4 (270-360<U+00B0>),TRUE,TRUE,Correct,315,2.3152799000000073,2.3152799000000073,2.3152799000000073,2.3152799000000073,TRUE
166828,20,righth,1,yes,0,"""1-5""",58,315,310.1510424,499,984,"{""last_x"": 946, ""sample_2_x"": 772, ""last_time"": 983, ""sample_0_x"": 776, ""sample_1_time"": 117, ""sample_4_y"": 624, ""sample_2_time"": 534, ""sample_4_x"": 946, ""first_y"": 427, ""sample_3_y"": 459, ""count"": 27, ""first_time"": 17, ""first_x"": 776, ""sample_2_y"": 436, ""sample_3_x"": 801, ""sample_0_time"": 17, ""sample_3_time"": 883, ""sample_4_time"": 983, ""sample_0_y"": 427, ""last_y"": 624, ""sample_1_x"": 775, ""sample_1_y"": 437}",Q4 (270-360<U+00B0>),Q4 (270-360<U+00B0>),TRUE,TRUE,Correct,315,4.848957600000006,4.848957600000006,4.848957600000006,4.848957600000006,TRUE
166828,20,righth,1,yes,0,"""1-5""",59,225,228.4366116,1090,717,"{""sample_4_y"": 616, ""sample_3_y"": 575, ""sample_3_time"": 600, ""sample_4_time"": 717, ""sample_0_x"": 789, ""sample_0_time"": 17, ""first_y"": 433, ""first_time"": 17, ""sample_0_y"": 433, ""last_y"": 616, ""sample_3_x"": 627, ""sample_1_time"": 334, ""sample_2_x"": 692, ""sample_1_x"": 784, ""sample_4_x"": 588, ""sample_1_y"": 422, ""count"": 31, ""first_x"": 789, ""last_time"": 717, ""sample_2_y"": 518, ""sample_2_time"": 467, ""last_x"": 588}",Q3 (180-270<U+00B0>),Q3 (180-270<U+00B0>),TRUE,TRUE,Correct,225,3.436611599999992,3.436611599999992,3.436611599999992,3.436611599999992,TRUE
166828,20,righth,1,yes,0,"""1-5""",60,45,49.95027223,1865,184,"{""sample_3_y"": 220, ""sample_4_y"": 206, ""sample_4_x"": 942, ""last_time"": 184, ""sample_2_x"": 897, ""sample_2_time"": 100, ""sample_3_x"": 922, ""sample_1_time"": 50, ""sample_1_y"": 324, ""sample_1_x"": 863, ""last_y"": 206, ""sample_2_y"": 260, ""sample_4_time"": 184, ""sample_3_time"": 150, ""last_x"": 942, ""first_time"": 17, ""first_y"": 383, ""count"": 11, ""sample_0_time"": 17, ""first_x"": 808, ""sample_0_y"": 383, ""sample_0_x"": 808}",Q1 (0-90<U+00B0>),Q1 (0-90<U+00B0>),TRUE,TRUE,Correct,45,4.950272230000003,4.950272230000003,4.950272230000003,4.950272230000003,TRUE
166828,20,righth,1,yes,0,"""1-5""",61,225,226.6891983,1583,466,"{""sample_3_x"": 596, ""count"": 25, ""sample_0_time"": 16, ""last_y"": 605, ""last_time"": 466, ""sample_1_y"": 456, ""sample_1_x"": 730, ""sample_3_y"": 590, ""sample_0_y"": 430, ""sample_3_time"": 366, ""sample_0_x"": 749, ""sample_1_time"": 166, ""sample_4_x"": 587, ""sample_2_y"": 564, ""sample_2_x"": 626, ""sample_2_time"": 266, ""first_y"": 430, ""first_time"": 16, ""sample_4_y"": 605, ""last_x"": 587, ""sample_4_time"": 466, ""first_x"": 749}",Q3 (180-270<U+00B0>),Q3 (180-270<U+00B0>),TRUE,TRUE,Correct,225,1.6891982999999868,1.6891982999999868,1.6891982999999868,1.6891982999999868,TRUE
166828,20,righth,1,yes,0,"""1-5""",62,135,129.0309771,1179,333,"{""sample_2_time"": 183, ""last_y"": 207, ""sample_2_y"": 230, ""sample_0_y"": 366, ""sample_1_y"": 264, ""sample_2_x"": 644, ""first_x"": 749, ""count"": 20, ""sample_1_time"": 99, ""sample_0_time"": 16, ""sample_3_x"": 624, ""last_x"": 601, ""last_time"": 333, ""first_y"": 366, ""sample_4_time"": 333, ""sample_4_y"": 207, ""first_time"": 16, ""sample_1_x"": 681, ""sample_4_x"": 601, ""sample_0_x"": 749, ""sample_3_y"": 218, ""sample_3_time"": 266}",Q2 (90-180<U+00B0>),Q2 (90-180<U+00B0>),TRUE,TRUE,Correct,135,5.969022899999999,5.969022899999999,5.969022899999999,5.969022899999999,TRUE
166828,20,righth,1,yes,0,"""1-5""",63,315,315,1382,267,"{""last_y"": 598, ""sample_4_time"": 267, ""sample_4_x"": 953, ""sample_1_x"": 831, ""sample_4_y"": 598, ""last_time"": 267, ""first_time"": 17, ""first_y"": 438, ""sample_2_time"": 117, ""sample_2_x"": 896, ""sample_1_y"": 469, ""sample_1_time"": 67, ""sample_0_y"": 438, ""sample_0_time"": 17, ""sample_3_x"": 938, ""sample_0_x"": 798, ""count"": 15, ""sample_3_y"": 585, ""first_x"": 798, ""sample_3_time"": 184, ""last_x"": 953, ""sample_2_y"": 541}",Q4 (270-360<U+00B0>),Q4 (270-360<U+00B0>),TRUE,TRUE,Correct,315,0,0,0,0,TRUE
166828,20,righth,1,yes,0,"""1-5""",64,45,47.09890593,2265,800,"{""sample_0_y"": 375, ""sample_4_y"": 215, ""sample_4_time"": 800, ""sample_3_time"": 417, ""sample_1_time"": 150, ""sample_0_time"": 17, ""sample_1_x"": 880, ""sample_4_x"": 952, ""last_time"": 800, ""count"": 32, ""last_x"": 952, ""sample_3_y"": 251, ""sample_1_y"": 280, ""sample_2_time"": 284, ""first_y"": 375, ""first_x"": 804, ""sample_3_x"": 921, ""last_y"": 215, ""first_time"": 17, ""sample_2_y"": 263, ""sample_2_x"": 909, ""sample_0_x"": 804}",Q1 (0-90<U+00B0>),Q1 (0-90<U+00B0>),TRUE,TRUE,Correct,45,2.098905930000001,2.098905930000001,2.098905930000001,2.098905930000001,TRUE
166828,20,righth,1,yes,0,"""1-5""",65,45,48.93478206,1300,367,"{""last_y"": 211, ""sample_2_time"": 250, ""last_x"": 944, ""sample_0_x"": 769, ""sample_1_time"": 183, ""sample_1_y"": 390, ""sample_3_x"": 916, ""sample_3_time"": 316, ""sample_2_y"": 347, ""first_y"": 396, ""sample_2_x"": 830, ""sample_4_y"": 211, ""sample_1_x"": 775, ""sample_4_x"": 944, ""sample_4_time"": 366, ""last_time"": 366, ""sample_0_time"": 17, ""first_x"": 769, ""sample_3_y"": 254, ""count"": 16, ""sample_0_y"": 396, ""first_time"": 17}",Q1 (0-90<U+00B0>),Q1 (0-90<U+00B0>),TRUE,TRUE,Correct,45,3.9347820600000034,3.9347820600000034,3.9347820600000034,3.9347820600000034,TRUE
166828,20,righth,1,yes,0,"""1-5""",66,135,136.8575904,356,1265,"{""count"": 22, ""sample_0_y"": 388, ""first_y"": 388, ""sample_1_y"": 314, ""first_x"": 759, ""sample_3_time"": 1181, ""sample_4_x"": 577, ""sample_2_y"": 282, ""last_y"": 234, ""sample_1_x"": 696, ""last_x"": 577, ""sample_4_time"": 1265, ""sample_0_time"": 915, ""sample_3_x"": 617, ""sample_4_y"": 234, ""sample_0_x"": 759, ""first_time"": 915, ""sample_1_time"": 998, ""sample_2_time"": 1098, ""sample_2_x"": 653, ""last_time"": 1265, ""sample_3_y"": 266}",Q2 (90-180<U+00B0>),Q2 (90-180<U+00B0>),TRUE,TRUE,Correct,135,1.8575903999999923,1.8575903999999923,1.8575903999999923,1.8575903999999923,TRUE
166828,20,righth,1,yes,0,"""1-5""",67,225,230.9690229,1582,467,"{""sample_1_x"": 690, ""sample_2_y"": 541, ""sample_1_time"": 133, ""sample_4_y"": 619, ""last_x"": 601, ""sample_0_y"": 424, ""sample_4_time"": 467, ""last_y"": 619, ""sample_3_x"": 621, ""first_time"": 17, ""first_x"": 746, ""sample_0_x"": 746, ""sample_3_y"": 594, ""sample_2_x"": 660, ""first_y"": 424, ""count"": 28, ""sample_0_time"": 17, ""sample_4_x"": 601, ""sample_2_time"": 250, ""sample_3_time"": 367, ""last_time"": 467, ""sample_1_y"": 493}",Q3 (180-270<U+00B0>),Q3 (180-270<U+00B0>),TRUE,TRUE,Correct,225,5.969022899999999,5.969022899999999,5.969022899999999,5.969022899999999,TRUE
166828,20,righth,1,yes,0,"""1-5""",68,315,320.168468,1094,99,"{""last_time"": 98, ""first_y"": 439, ""last_y"": 594, ""last_x"": 985, ""first_time"": 15, ""count"": 6, ""first_x"": 792}",Q4 (270-360<U+00B0>),Q4 (270-360<U+00B0>),TRUE,TRUE,Correct,315,5.1684680000000185,5.1684680000000185,5.1684680000000185,5.1684680000000185,TRUE
166828,20,righth,1,yes,0,"""1-5""",69,45,51.30628892,1282,184,"{""sample_0_x"": 793, ""sample_2_time"": 100, ""first_x"": 793, ""sample_3_y"": 222, ""sample_4_x"": 933, ""sample_2_y"": 306, ""sample_4_time"": 183, ""first_time"": 17, ""last_x"": 933, ""sample_3_x"": 927, ""sample_1_time"": 50, ""last_time"": 183, ""sample_4_y"": 207, ""sample_0_time"": 17, ""sample_0_y"": 397, ""count"": 11, ""last_y"": 207, ""sample_2_x"": 877, ""sample_1_y"": 380, ""first_y"": 397, ""sample_3_time"": 150, ""sample_1_x"": 811}",Q1 (0-90<U+00B0>),Q1 (0-90<U+00B0>),TRUE,TRUE,Correct,45,6.30628892,6.30628892,6.30628892,6.30628892,TRUE
166828,20,righth,1,yes,0,"""1-5""",70,225,227.29061,1792,283,"{""first_time"": 16, ""sample_3_y"": 574, ""first_x"": 741, ""last_time"": 283, ""sample_3_time"": 216, ""sample_1_y"": 484, ""sample_4_x"": 588, ""count"": 17, ""first_y"": 422, ""sample_0_y"": 422, ""sample_2_x"": 621, ""sample_1_time"": 82, ""sample_2_y"": 529, ""sample_4_y"": 608, ""last_y"": 608, ""last_x"": 588, ""sample_1_x"": 667, ""sample_2_time"": 149, ""sample_4_time"": 283, ""sample_3_x"": 600, ""sample_0_time"": 16, ""sample_0_x"": 741}",Q3 (180-270<U+00B0>),Q3 (180-270<U+00B0>),TRUE,TRUE,Correct,225,2.2906099999999867,2.2906099999999867,2.2906099999999867,2.2906099999999867,TRUE
166828,20,righth,1,yes,0,"""1-5""",71,135,140.2214043,1654,566,"{""first_time"": 16, ""last_x"": 559, ""sample_0_x"": 794, ""count"": 34, ""sample_2_x"": 673, ""sample_4_time"": 566, ""last_y"": 239, ""sample_3_x"": 605, ""sample_1_time"": 149, ""sample_0_time"": 16, ""sample_4_y"": 239, ""sample_3_y"": 266, ""sample_2_time"": 299, ""sample_0_y"": 388, ""sample_3_time"": 432, ""sample_2_y"": 306, ""last_time"": 566, ""sample_1_y"": 346, ""first_x"": 794, ""first_y"": 388, ""sample_4_x"": 559, ""sample_1_x"": 827}",Q2 (90-180<U+00B0>),Q2 (90-180<U+00B0>),TRUE,TRUE,Correct,135,5.221404299999989,5.221404299999989,5.221404299999989,5.221404299999989,TRUE
166828,20,righth,1,yes,0,"""1-5""",72,315,308.6263606,3360,333,"{""sample_1_y"": 498, ""sample_2_x"": 863, ""count"": 20, ""last_x"": 935, ""first_x"": 789, ""sample_0_y"": 437, ""first_y"": 437, ""last_time"": 332, ""sample_0_time"": 16, ""sample_1_x"": 838, ""sample_4_time"": 332, ""sample_0_x"": 789, ""sample_2_time"": 182, ""sample_2_y"": 538, ""sample_4_y"": 622, ""sample_3_time"": 266, ""sample_3_y"": 591, ""sample_3_x"": 898, ""last_y"": 622, ""first_time"": 16, ""sample_1_time"": 99, ""sample_4_x"": 935}",Q4 (270-360<U+00B0>),Q4 (270-360<U+00B0>),TRUE,TRUE,Correct,315,6.373639400000002,6.373639400000002,6.373639400000002,6.373639400000002,TRUE
166828,20,righth,1,yes,0,"""1-5""",73,45,40.90358288,2148,301,"{""first_y"": 393, ""last_time"": 301, ""sample_1_y"": 357, ""sample_0_x"": 777, ""sample_4_x"": 970, ""sample_1_x"": 838, ""sample_4_time"": 301, ""last_y"": 238, ""first_time"": 17, ""sample_3_x"": 948, ""count"": 18, ""sample_4_y"": 238, ""sample_2_y"": 325, ""sample_2_time"": 167, ""sample_2_x"": 876, ""sample_3_time"": 234, ""sample_1_time"": 84, ""sample_0_y"": 393, ""sample_3_y"": 286, ""first_x"": 777, ""last_x"": 970, ""sample_0_time"": 17}",Q1 (0-90<U+00B0>),Q1 (0-90<U+00B0>),TRUE,TRUE,Correct,45,4.096417119999998,4.096417119999998,4.096417119999998,4.096417119999998,TRUE
166828,20,righth,1,yes,0,"""1-5""",74,135,135.6127657,2165,617,"{""sample_0_time"": 17, ""sample_4_y"": 228, ""sample_4_x"": 579, ""sample_1_y"": 344, ""count"": 37, ""sample_2_y"": 294, ""sample_4_time"": 617, ""sample_0_x"": 761, ""sample_0_y"": 390, ""sample_1_x"": 724, ""sample_3_y"": 258, ""first_y"": 390, ""first_x"": 761, ""sample_2_time"": 317, ""last_y"": 228, ""sample_1_time"": 167, ""sample_3_x"": 607, ""first_time"": 17, ""sample_3_time"": 467, ""sample_2_x"": 641, ""last_x"": 579, ""last_time"": 617}",Q2 (90-180<U+00B0>),Q2 (90-180<U+00B0>),TRUE,TRUE,Correct,135,0.6127657000000113,0.6127657000000113,0.6127657000000113,0.6127657000000113,TRUE
166828,20,righth,1,yes,0,"""1-5""",75,45,46.19348942,13767,301,"{""sample_2_y"": 314, ""sample_3_time"": 233, ""sample_0_y"": 383, ""sample_2_time"": 167, ""first_y"": 383, ""count"": 18, ""last_y"": 217, ""first_x"": 799, ""sample_1_time"": 83, ""last_x"": 956, ""sample_2_x"": 906, ""last_time"": 300, ""first_time"": 16, ""sample_1_y"": 361, ""sample_4_y"": 217, ""sample_1_x"": 837, ""sample_0_time"": 16, ""sample_4_x"": 956, ""sample_3_y"": 278, ""sample_3_x"": 921, ""sample_4_time"": 300, ""sample_0_x"": 799}",Q1 (0-90<U+00B0>),Q1 (0-90<U+00B0>),TRUE,TRUE,Correct,45,1.1934894199999988,1.1934894199999988,1.1934894199999988,1.1934894199999988,TRUE
166828,20,righth,1,yes,0,"""1-5""",76,135,135.6127657,1299,1150,"{""last_x"": 579, ""sample_1_y"": 392, ""sample_0_x"": 752, ""first_x"": 752, ""last_y"": 228, ""sample_2_time"": 933, ""sample_4_y"": 228, ""sample_3_x"": 605, ""sample_4_x"": 579, ""count"": 28, ""last_time"": 1150, ""sample_3_time"": 1050, ""sample_0_time"": 17, ""sample_3_y"": 254, ""sample_1_x"": 734, ""sample_4_time"": 1150, ""sample_1_time"": 816, ""first_time"": 17, ""sample_2_x"": 654, ""sample_2_y"": 319, ""first_y"": 411, ""sample_0_y"": 411}",Q2 (90-180<U+00B0>),Q2 (90-180<U+00B0>),TRUE,TRUE,Correct,135,0.6127657000000113,0.6127657000000113,0.6127657000000113,0.6127657000000113,TRUE
166828,20,righth,1,yes,0,"""1-5""",77,45,39.03097713,1765,317,"{""last_y"": 246, ""sample_3_y"": 276, ""first_y"": 394, ""last_time"": 316, ""sample_3_x"": 958, ""last_x"": 974, ""sample_1_time"": 83, ""sample_2_y"": 307, ""first_time"": 16, ""sample_2_x"": 941, ""first_x"": 805, ""sample_4_time"": 316, ""count"": 19, ""sample_4_y"": 246, ""sample_3_time"": 250, ""sample_0_x"": 805, ""sample_1_y"": 359, ""sample_1_x"": 873, ""sample_4_x"": 974, ""sample_0_time"": 16, ""sample_2_time"": 166, ""sample_0_y"": 394}",Q1 (0-90<U+00B0>),Q1 (0-90<U+00B0>),TRUE,TRUE,Correct,45,5.969022870000003,5.969022870000003,5.969022870000003,5.969022870000003,TRUE
166828,20,righth,1,yes,0,"""1-5""",78,225,231.3062889,2100,482,"{""sample_2_y"": 593, ""last_time"": 482, ""sample_2_time"": 249, ""sample_0_y"": 434, ""last_y"": 619, ""sample_0_x"": 757, ""last_x"": 603, ""sample_4_y"": 619, ""sample_3_y"": 613, ""sample_4_time"": 482, ""sample_1_time"": 132, ""sample_0_time"": 15, ""sample_2_x"": 647, ""first_y"": 434, ""sample_1_y"": 484, ""sample_3_x"": 617, ""first_x"": 757, ""sample_4_x"": 603, ""sample_3_time"": 365, ""sample_1_x"": 715, ""count"": 29, ""first_time"": 15}",Q3 (180-270<U+00B0>),Q3 (180-270<U+00B0>),TRUE,TRUE,Correct,225,6.306288899999998,6.306288899999998,6.306288899999998,6.306288899999998,TRUE
166828,20,righth,1,yes,0,"""1-5""",79,225,224.0857832,1698,334,"{""sample_3_y"": 573, ""sample_0_x"": 745, ""sample_4_y"": 598, ""sample_4_x"": 577, ""sample_1_x"": 689, ""sample_1_time"": 100, ""sample_2_x"": 641, ""first_y"": 442, ""sample_0_y"": 442, ""sample_1_y"": 501, ""sample_2_y"": 551, ""last_time"": 334, ""sample_0_time"": 17, ""sample_3_time"": 267, ""first_x"": 745, ""last_y"": 598, ""count"": 20, ""first_time"": 17, ""sample_4_time"": 334, ""sample_2_time"": 184, ""last_x"": 577, ""sample_3_x"": 610}",Q3 (180-270<U+00B0>),Q3 (180-270<U+00B0>),TRUE,TRUE,Correct,225,0.9142167999999913,0.9142167999999913,0.9142167999999913,0.9142167999999913,TRUE
166828,20,righth,1,yes,0,"""1-5""",80,315,309.2290638,967,400,"{""sample_1_x"": 834, ""last_x"": 937, ""sample_4_time"": 399, ""first_x"": 772, ""first_time"": 16, ""sample_1_time"": 84, ""sample_0_y"": 438, ""last_y"": 620, ""sample_2_y"": 562, ""first_y"": 438, ""sample_4_x"": 937, ""sample_0_x"": 772, ""sample_4_y"": 620, ""sample_3_y"": 582, ""sample_3_x"": 884, ""last_time"": 399, ""sample_1_y"": 523, ""sample_2_time"": 233, ""sample_2_x"": 868, ""count"": 19, ""sample_0_time"": 16, ""sample_3_time"": 333}",Q4 (270-360<U+00B0>),Q4 (270-360<U+00B0>),TRUE,TRUE,Correct,315,5.770936199999994,5.770936199999994,5.770936199999994,5.770936199999994,TRUE
166828,20,righth,1,yes,0,"""1-5""",81,225,229.8021901,1315,301,"{""sample_2_y"": 564, ""sample_0_time"": 17, ""first_y"": 439, ""first_x"": 753, ""sample_3_time"": 233, ""sample_0_y"": 439, ""sample_1_time"": 83, ""count"": 18, ""sample_4_time"": 300, ""sample_4_x"": 599, ""sample_3_y"": 590, ""sample_3_x"": 628, ""sample_2_time"": 167, ""last_y"": 613, ""sample_4_y"": 613, ""first_time"": 17, ""sample_0_x"": 753, ""sample_1_y"": 478, ""last_time"": 300, ""sample_2_x"": 665, ""sample_1_x"": 717, ""last_x"": 599}",Q3 (180-270<U+00B0>),Q3 (180-270<U+00B0>),TRUE,TRUE,Correct,225,4.80219009999999,4.80219009999999,4.80219009999999,4.80219009999999,TRUE
166828,20,righth,1,yes,0,"""1-5""",82,45,50.22220194,1912,300,"{""sample_2_y"": 268, ""sample_3_y"": 237, ""sample_1_x"": 872, ""sample_3_time"": 233, ""count"": 18, ""sample_3_x"": 911, ""sample_2_time"": 166, ""last_x"": 937, ""sample_4_x"": 937, ""sample_1_y"": 323, ""last_time"": 299, ""sample_4_y"": 210, ""first_y"": 390, ""first_x"": 813, ""sample_0_time"": 16, ""first_time"": 16, ""sample_2_x"": 891, ""sample_0_y"": 390, ""sample_0_x"": 813, ""sample_1_time"": 83, ""sample_4_time"": 299, ""last_y"": 210}",Q1 (0-90<U+00B0>),Q1 (0-90<U+00B0>),TRUE,TRUE,Correct,45,5.222201939999998,5.222201939999998,5.222201939999998,5.222201939999998,TRUE
166828,20,righth,1,yes,0,"""1-5""",83,225,221.1449264,1431,234,"{""sample_0_time"": 17, ""sample_0_x"": 750, ""sample_1_time"": 67, ""sample_0_y"": 429, ""sample_4_y"": 586, ""sample_2_y"": 510, ""sample_3_time"": 183, ""sample_1_y"": 444, ""last_time"": 233, ""sample_2_x"": 682, ""first_y"": 429, ""count"": 14, ""last_x"": 570, ""sample_4_x"": 570, ""last_y"": 586, ""sample_3_x"": 621, ""sample_2_time"": 133, ""sample_1_x"": 735, ""sample_4_time"": 233, ""first_x"": 750, ""sample_3_y"": 554, ""first_time"": 17}",Q3 (180-270<U+00B0>),Q3 (180-270<U+00B0>),TRUE,TRUE,Correct,225,3.855073599999997,3.855073599999997,3.855073599999997,3.855073599999997,TRUE
166828,20,righth,1,yes,0,"""1-5""",84,315,305.7608104,1303,334,"{""sample_2_y"": 586, ""sample_3_x"": 909, ""sample_3_y"": 614, ""sample_2_time"": 166, ""first_y"": 443, ""sample_1_time"": 83, ""sample_2_x"": 888, ""sample_4_x"": 925, ""first_time"": 16, ""sample_4_time"": 333, ""first_x"": 786, ""sample_0_x"": 786, ""sample_3_time"": 267, ""last_x"": 925, ""last_time"": 333, ""sample_4_y"": 631, ""sample_0_y"": 443, ""sample_0_time"": 16, ""sample_1_y"": 521, ""last_y"": 631, ""count"": 19, ""sample_1_x"": 847}",Q4 (270-360<U+00B0>),Q4 (270-360<U+00B0>),TRUE,TRUE,Correct,315,9.239189599999975,9.239189599999975,9.239189599999975,9.239189599999975,TRUE
166828,20,righth,1,yes,0,"""1-5""",85,315,301.1849747,1599,351,"{""first_time"": 17, ""sample_0_y"": 454, ""sample_3_x"": 889, ""sample_3_y"": 626, ""sample_3_time"": 284, ""last_y"": 641, ""sample_2_time"": 167, ""sample_1_y"": 558, ""count"": 19, ""sample_2_x"": 872, ""last_time"": 350, ""sample_4_y"": 641, ""sample_4_x"": 906, ""sample_0_x"": 779, ""sample_0_time"": 17, ""first_y"": 454, ""sample_1_time"": 84, ""last_x"": 906, ""sample_2_y"": 611, ""sample_1_x"": 844, ""sample_4_time"": 350, ""first_x"": 779}",Q4 (270-360<U+00B0>),Q4 (270-360<U+00B0>),TRUE,TRUE,Correct,315,13.815025300000002,13.815025300000002,13.815025300000002,13.815025300000002,TRUE
166828,20,righth,1,yes,0,"""1-5""",86,135,135.6160599,1315,367,"{""first_y"": 397, ""sample_3_time"": 284, ""sample_0_time"": 17, ""sample_3_y"": 257, ""sample_4_x"": 580, ""sample_1_y"": 347, ""sample_0_y"": 397, ""count"": 22, ""last_x"": 580, ""sample_2_y"": 276, ""sample_1_time"": 100, ""sample_4_y"": 229, ""sample_1_x"": 717, ""first_time"": 17, ""sample_3_x"": 621, ""sample_2_time"": 200, ""sample_0_x"": 753, ""first_x"": 753, ""last_time"": 367, ""sample_2_x"": 662, ""last_y"": 229, ""sample_4_time"": 367}",Q2 (90-180<U+00B0>),Q2 (90-180<U+00B0>),TRUE,TRUE,Correct,135,0.6160599000000104,0.6160599000000104,0.6160599000000104,0.6160599000000104,TRUE
166828,20,righth,1,yes,0,"""1-5""",87,135,130.5304425,1213,433,"{""sample_3_x"": 613, ""last_time"": 433, ""count"": 26, ""sample_3_time"": 333, ""sample_1_x"": 649, ""sample_2_time"": 233, ""first_time"": 16, ""sample_0_time"": 16, ""sample_1_time"": 116, ""sample_3_y"": 222, ""sample_4_x"": 597, ""sample_2_y"": 253, ""sample_2_x"": 621, ""sample_0_x"": 733, ""last_y"": 213, ""sample_4_y"": 213, ""first_y"": 386, ""sample_1_y"": 298, ""last_x"": 597, ""sample_4_time"": 433, ""sample_0_y"": 386, ""first_x"": 733}",Q2 (90-180<U+00B0>),Q2 (90-180<U+00B0>),TRUE,TRUE,Correct,135,4.469557500000008,4.469557500000008,4.469557500000008,4.469557500000008,TRUE
166828,20,righth,1,yes,0,"""1-5""",88,45,40.7636052,1215,301,"{""sample_2_y"": 305, ""count"": 18, ""first_time"": 17, ""first_x"": 790, ""sample_2_x"": 893, ""last_y"": 238, ""sample_3_time"": 234, ""first_y"": 398, ""sample_3_x"": 941, ""sample_1_time"": 84, ""sample_0_time"": 17, ""last_x"": 971, ""sample_2_time"": 167, ""sample_0_x"": 790, ""sample_3_y"": 270, ""last_time"": 300, ""sample_1_y"": 368, ""sample_0_y"": 398, ""sample_1_x"": 829, ""sample_4_x"": 971, ""sample_4_y"": 238, ""sample_4_time"": 300}",Q1 (0-90<U+00B0>),Q1 (0-90<U+00B0>),TRUE,TRUE,Correct,45,4.236394799999999,4.236394799999999,4.236394799999999,4.236394799999999,TRUE
166828,20,righth,1,yes,0,"""1-5""",89,315,299.8246064,1399,200,"{""sample_3_x"": 893, ""sample_2_x"": 867, ""sample_2_y"": 599, ""last_time"": 200, ""sample_3_time"": 166, ""sample_1_time"": 66, ""sample_2_time"": 116, ""sample_0_x"": 783, ""last_x"": 901, ""sample_4_y"": 645, ""last_y"": 645, ""sample_1_x"": 837, ""sample_3_y"": 633, ""count"": 12, ""sample_0_time"": 16, ""sample_1_y"": 533, ""sample_0_y"": 450, ""sample_4_time"": 200, ""sample_4_x"": 901, ""first_x"": 783, ""first_time"": 16, ""first_y"": 450}",Q4 (270-360<U+00B0>),Q4 (270-360<U+00B0>),TRUE,TRUE,Correct,315,15.175393600000007,15.175393600000007,15.175393600000007,15.175393600000007,TRUE
166828,20,righth,1,yes,0,"""1-5""",90,45,41.30385799,1583,267,"{""sample_4_time"": 266, ""count"": 16, ""last_time"": 266, ""first_y"": 398, ""last_x"": 974, ""sample_2_time"": 149, ""sample_0_x"": 791, ""first_x"": 791, ""sample_0_time"": 16, ""sample_0_y"": 398, ""last_y"": 232, ""sample_4_y"": 232, ""sample_2_y"": 297, ""sample_1_x"": 857, ""sample_3_time"": 216, ""sample_2_x"": 925, ""sample_1_time"": 83, ""sample_4_x"": 974, ""first_time"": 16, ""sample_1_y"": 354, ""sample_3_x"": 945, ""sample_3_y"": 258}",Q1 (0-90<U+00B0>),Q1 (0-90<U+00B0>),TRUE,TRUE,Correct,45,3.6961420100000026,3.6961420100000026,3.6961420100000026,3.6961420100000026,TRUE
166828,20,righth,1,yes,0,"""1-5""",91,135,132.5371833,1363,619,"{""sample_4_time"": 618, ""sample_0_x"": 749, ""count"": 34, ""last_y"": 219, ""sample_1_y"": 304, ""sample_3_x"": 609, ""sample_1_time"": 150, ""sample_0_time"": 17, ""sample_1_x"": 685, ""last_x"": 590, ""sample_2_x"": 645, ""first_time"": 17, ""sample_0_y"": 391, ""last_time"": 618, ""sample_3_y"": 222, ""first_x"": 749, ""sample_2_y"": 233, ""sample_4_y"": 219, ""sample_3_time"": 434, ""sample_2_time"": 300, ""first_y"": 391, ""sample_4_x"": 590}",Q2 (90-180<U+00B0>),Q2 (90-180<U+00B0>),TRUE,TRUE,Correct,135,2.4628166999999905,2.4628166999999905,2.4628166999999905,2.4628166999999905,TRUE
166828,20,righth,1,yes,0,"""1-5""",92,135,131.9389702,1103,384,"{""sample_3_y"": 235, ""sample_3_time"": 300, ""sample_0_y"": 386, ""sample_1_y"": 330, ""sample_4_time"": 383, ""last_x"": 591, ""sample_1_x"": 693, ""sample_1_time"": 100, ""sample_4_y"": 216, ""sample_0_x"": 743, ""sample_4_x"": 591, ""sample_2_y"": 287, ""count"": 23, ""first_time"": 17, ""first_x"": 743, ""first_y"": 386, ""sample_2_time"": 200, ""sample_0_time"": 17, ""sample_3_x"": 621, ""last_time"": 383, ""last_y"": 216, ""sample_2_x"": 658}",Q2 (90-180<U+00B0>),Q2 (90-180<U+00B0>),TRUE,TRUE,Correct,135,3.0610298,3.0610298,3.0610298,3.0610298,TRUE
166828,20,righth,1,yes,0,"""1-5""",93,45,42.60157867,1212,350,"{""last_y"": 230, ""sample_1_y"": 337, ""sample_2_y"": 293, ""sample_4_y"": 230, ""first_y"": 389, ""sample_2_time"": 183, ""sample_3_x"": 928, ""sample_0_time"": 16, ""sample_4_time"": 350, ""sample_1_time"": 100, ""sample_2_x"": 884, ""sample_3_time"": 266, ""first_x"": 773, ""sample_0_x"": 773, ""last_time"": 350, ""first_time"": 16, ""last_x"": 967, ""sample_3_y"": 258, ""sample_0_y"": 389, ""count"": 21, ""sample_1_x"": 824, ""sample_4_x"": 967}",Q1 (0-90<U+00B0>),Q1 (0-90<U+00B0>),TRUE,TRUE,Correct,45,2.398421329999998,2.398421329999998,2.398421329999998,2.398421329999998,TRUE
166828,20,righth,1,yes,0,"""1-5""",94,135,131.9059419,1266,384,"{""sample_0_x"": 744, ""first_y"": 396, ""sample_3_x"": 617, ""count"": 23, ""sample_1_time"": 100, ""sample_0_time"": 17, ""first_time"": 17, ""sample_1_y"": 320, ""sample_1_x"": 685, ""sample_2_y"": 289, ""sample_2_time"": 200, ""sample_4_x"": 593, ""sample_4_time"": 383, ""last_x"": 593, ""sample_0_y"": 396, ""first_x"": 744, ""sample_3_time"": 300, ""sample_3_y"": 241, ""last_time"": 383, ""sample_2_x"": 642, ""sample_4_y"": 218, ""last_y"": 218}",Q2 (90-180<U+00B0>),Q2 (90-180<U+00B0>),TRUE,TRUE,Correct,135,3.0940581000000122,3.0940581000000122,3.0940581000000122,3.0940581000000122,TRUE
166828,20,righth,1,yes,0,"""1-5""",95,135,131.4902554,1866,384,"{""sample_1_y"": 318, ""count"": 23, ""first_time"": 16, ""last_time"": 383, ""sample_0_time"": 16, ""sample_2_time"": 200, ""sample_3_y"": 236, ""sample_3_x"": 630, ""first_y"": 392, ""sample_0_x"": 755, ""sample_3_time"": 300, ""last_y"": 214, ""sample_4_time"": 383, ""first_x"": 755, ""sample_2_y"": 270, ""sample_1_x"": 697, ""last_x"": 592, ""sample_2_x"": 666, ""sample_4_y"": 214, ""sample_0_y"": 392, ""sample_4_x"": 592, ""sample_1_time"": 100}",Q2 (90-180<U+00B0>),Q2 (90-180<U+00B0>),TRUE,TRUE,Correct,135,3.5097446000000048,3.5097446000000048,3.5097446000000048,3.5097446000000048,TRUE
166828,20,righth,1,yes,0,"""1-5""",96,135,130.5063162,1682,437,"{""sample_2_x"": 643, ""sample_3_time"": 333, ""sample_2_y"": 261, ""sample_4_x"": 598, ""sample_0_y"": 392, ""sample_3_y"": 218, ""sample_2_time"": 233, ""sample_1_x"": 693, ""sample_4_y"": 214, ""sample_0_time"": 16, ""first_x"": 743, ""sample_0_x"": 743, ""sample_1_y"": 331, ""last_y"": 214, ""last_time"": 437, ""first_time"": 16, ""sample_3_x"": 604, ""last_x"": 598, ""sample_4_time"": 437, ""count"": 26, ""sample_1_time"": 116, ""first_y"": 392}",Q2 (90-180<U+00B0>),Q2 (90-180<U+00B0>),TRUE,TRUE,Correct,135,4.493683800000014,4.493683800000014,4.493683800000014,4.493683800000014,TRUE
166828,20,righth,1,yes,0,"""1-5""",97,225,232.7373728,1633,350,"{""first_time"": 16, ""first_x"": 754, ""sample_4_time"": 349, ""count"": 21, ""sample_1_time"": 100, ""sample_2_time"": 183, ""sample_0_y"": 447, ""sample_0_x"": 754, ""sample_1_x"": 716, ""sample_3_time"": 266, ""last_y"": 622, ""sample_4_y"": 622, ""last_time"": 349, ""sample_1_y"": 525, ""sample_2_y"": 593, ""first_y"": 447, ""sample_3_x"": 628, ""last_x"": 609, ""sample_4_x"": 609, ""sample_2_x"": 665, ""sample_3_y"": 613, ""sample_0_time"": 16}",Q3 (180-270<U+00B0>),Q3 (180-270<U+00B0>),TRUE,TRUE,Correct,225,7.737372800000003,7.737372800000003,7.737372800000003,7.737372800000003,TRUE
166828,20,righth,1,yes,0,"""1-5""",98,315,310.4860115,1991,434,"{""last_time"": 433, ""sample_1_x"": 866, ""sample_2_y"": 545, ""sample_2_x"": 893, ""last_x"": 943, ""sample_0_time"": 16, ""sample_3_y"": 578, ""sample_1_y"": 506, ""sample_0_y"": 426, ""sample_4_y"": 618, ""sample_3_x"": 925, ""sample_4_time"": 433, ""first_y"": 426, ""sample_1_time"": 116, ""first_time"": 16, ""last_y"": 618, ""sample_3_time"": 350, ""sample_2_time"": 251, ""sample_0_x"": 788, ""count"": 24, ""sample_4_x"": 943, ""first_x"": 788}",Q4 (270-360<U+00B0>),Q4 (270-360<U+00B0>),TRUE,TRUE,Correct,315,4.513988499999982,4.513988499999982,4.513988499999982,4.513988499999982,TRUE
166828,20,righth,1,yes,0,"""1-5""",99,315,312.0682761,1495,567,"{""first_x"": 789, ""sample_1_time"": 134, ""sample_3_x"": 937, ""sample_2_time"": 267, ""last_y"": 608, ""first_y"": 438, ""sample_1_x"": 868, ""sample_0_y"": 438, ""sample_2_x"": 924, ""sample_3_y"": 598, ""sample_1_y"": 525, ""sample_4_time"": 567, ""sample_4_y"": 608, ""sample_0_time"": 17, ""last_time"": 567, ""count"": 31, ""first_time"": 17, ""last_x"": 944, ""sample_4_x"": 944, ""sample_2_y"": 581, ""sample_0_x"": 789, ""sample_3_time"": 400}",Q4 (270-360<U+00B0>),Q4 (270-360<U+00B0>),TRUE,TRUE,Correct,315,2.9317239000000086,2.9317239000000086,2.9317239000000086,2.9317239000000086,TRUE
166828,20,righth,1,yes,0,"""1-5""",100,225,228.222366,1424,417,"{""count"": 25, ""sample_0_x"": 747, ""sample_2_time"": 217, ""sample_4_time"": 417, ""sample_4_x"": 592, ""sample_3_x"": 606, ""first_time"": 17, ""sample_3_time"": 317, ""first_x"": 747, ""sample_1_x"": 681, ""sample_2_x"": 641, ""sample_3_y"": 585, ""last_time"": 417, ""first_y"": 438, ""sample_1_y"": 509, ""sample_2_y"": 558, ""sample_0_time"": 17, ""last_x"": 592, ""sample_0_y"": 438, ""sample_4_y"": 610, ""last_y"": 610, ""sample_1_time"": 117}",Q3 (180-270<U+00B0>),Q3 (180-270<U+00B0>),TRUE,TRUE,Correct,225,3.222365999999994,3.222365999999994,3.222365999999994,3.222365999999994,TRUE
166879,21,righth,2,no,0,"""0-1""",21,45,50.5721978,480,233,"{""first_y"": 339, ""first_x"": 781, ""sample_1_y"": 287, ""sample_0_y"": 339, ""sample_2_x"": 877, ""sample_0_time"": 16, ""sample_4_x"": 916, ""sample_3_x"": 900, ""last_time"": 233, ""sample_3_y"": 202, ""first_time"": 16, ""sample_2_y"": 227, ""sample_1_x"": 830, ""last_y"": 185, ""last_x"": 916, ""sample_1_time"": 66, ""sample_4_y"": 185, ""sample_3_time"": 183, ""count"": 14, ""sample_0_x"": 781, ""sample_2_time"": 133, ""sample_4_time"": 233}",Q1 (0-90<U+00B0>),Q1 (0-90<U+00B0>),TRUE,TRUE,Correct,45,5.572197799999998,5.572197799999998,5.572197799999998,5.572197799999998,TRUE
166879,21,righth,2,no,0,"""0-1""",22,135,137.3718422,367,300,"{""first_time"": 16, ""sample_2_y"": 280, ""count"": 18, ""first_y"": 342, ""sample_0_y"": 342, ""last_x"": 592, ""sample_4_time"": 300, ""sample_0_x"": 747, ""sample_1_time"": 83, ""sample_2_time"": 167, ""sample_0_time"": 16, ""sample_1_y"": 319, ""last_time"": 300, ""last_y"": 203, ""sample_4_y"": 203, ""sample_3_y"": 235, ""sample_1_x"": 720, ""sample_2_x"": 675, ""sample_3_time"": 233, ""first_x"": 747, ""sample_3_x"": 626, ""sample_4_x"": 592}",Q2 (90-180<U+00B0>),Q2 (90-180<U+00B0>),TRUE,TRUE,Correct,135,2.3718422000000032,2.3718422000000032,2.3718422000000032,2.3718422000000032,TRUE
166879,21,righth,2,no,0,"""0-1""",23,315,215.6764082,300,533,"{""first_y"": 319, ""last_y"": 505, ""sample_4_y"": 505, ""count"": 27, ""sample_2_time"": 316, ""sample_4_time"": 533, ""sample_0_x"": 810, ""sample_3_time"": 433, ""sample_1_x"": 884, ""sample_4_x"": 573, ""sample_0_time"": 16, ""sample_3_x"": 688, ""last_time"": 533, ""first_time"": 16, ""sample_2_x"": 871, ""sample_2_y"": 258, ""first_x"": 810, ""last_x"": 573, ""sample_1_time"": 116, ""sample_3_y"": 409, ""sample_1_y"": 253, ""sample_0_y"": 319}",Q4 (270-360<U+00B0>),Q3 (180-270<U+00B0>),FALSE,TRUE,Formant,225,9.323591800000003,9.323591800000003,99.3235918,99.3235918,FALSE
166879,21,righth,2,no,0,"""0-1""",24,45,40.02283465,433,433,"{""last_x"": 949, ""sample_1_y"": 425, ""sample_1_time"": 200, ""sample_0_y"": 387, ""sample_1_x"": 730, ""sample_2_time"": 283, ""sample_4_y"": 213, ""first_y"": 387, ""sample_4_x"": 949, ""count"": 19, ""first_x"": 751, ""sample_0_time"": 16, ""sample_2_y"": 298, ""first_time"": 16, ""sample_3_time"": 366, ""sample_4_time"": 433, ""sample_3_x"": 940, ""sample_3_y"": 231, ""last_y"": 213, ""sample_2_x"": 850, ""sample_0_x"": 751, ""last_time"": 433}",Q1 (0-90<U+00B0>),Q1 (0-90<U+00B0>),TRUE,TRUE,Correct,45,4.97716535,4.97716535,4.97716535,4.97716535,TRUE
166879,21,righth,2,no,0,"""0-1""",25,45,43.13047511,327,267,"{""sample_1_time"": 84, ""sample_0_x"": 781, ""first_x"": 781, ""sample_4_time"": 267, ""count"": 16, ""last_y"": 202, ""sample_3_y"": 220, ""sample_3_time"": 217, ""sample_1_y"": 301, ""sample_0_y"": 346, ""sample_2_time"": 150, ""sample_0_time"": 17, ""sample_3_x"": 920, ""last_time"": 267, ""first_time"": 17, ""sample_4_y"": 202, ""sample_1_x"": 828, ""sample_2_x"": 878, ""sample_2_y"": 251, ""last_x"": 942, ""first_y"": 346, ""sample_4_x"": 942}",Q1 (0-90<U+00B0>),Q1 (0-90<U+00B0>),TRUE,TRUE,Correct,45,1.869524890000001,1.869524890000001,1.869524890000001,1.869524890000001,TRUE
166879,21,righth,2,no,0,"""0-1""",26,225,213.5608777,397,584,"{""sample_3_y"": 373, ""sample_0_x"": 751, ""sample_4_time"": 583, ""sample_1_x"": 704, ""sample_2_x"": 760, ""sample_0_y"": 354, ""last_y"": 501, ""sample_4_y"": 501, ""last_time"": 583, ""sample_2_y"": 303, ""count"": 25, ""first_time"": 17, ""sample_4_x"": 563, ""sample_2_time"": 317, ""sample_1_y"": 316, ""sample_3_time"": 483, ""first_y"": 354, ""sample_0_time"": 17, ""first_x"": 751, ""sample_3_x"": 713, ""sample_1_time"": 217, ""last_x"": 563}",Q3 (180-270<U+00B0>),Q3 (180-270<U+00B0>),TRUE,TRUE,Correct,225,11.439122300000008,11.439122300000008,11.439122300000008,11.439122300000008,TRUE
166879,21,righth,2,no,0,"""0-1""",27,45,135.1730985,387,401,"{""first_y"": 348, ""sample_2_y"": 265, ""sample_3_x"": 633, ""first_time"": 17, ""sample_1_y"": 316, ""sample_3_y"": 221, ""last_time"": 400, ""sample_4_y"": 200, ""count"": 24, ""sample_4_time"": 400, ""sample_2_time"": 217, ""sample_4_x"": 602, ""sample_1_time"": 117, ""sample_3_time"": 317, ""sample_2_x"": 683, ""sample_0_time"": 17, ""sample_1_x"": 724, ""sample_0_y"": 348, ""last_y"": 200, ""first_x"": 751, ""last_x"": 602, ""sample_0_x"": 751}",Q1 (0-90<U+00B0>),Q2 (90-180<U+00B0>),FALSE,TRUE,Formant,135,0.17309850000000893,0.17309850000000893,90.17309850000001,90.17309850000001,FALSE
166879,21,righth,2,no,0,"""0-1""",28,45,132.9299693,332,417,"{""sample_4_time"": 417, ""last_y"": 193, ""first_x"": 762, ""count"": 25, ""sample_3_y"": 226, ""sample_0_time"": 17, ""sample_3_time"": 317, ""sample_2_time"": 217, ""sample_2_x"": 687, ""sample_0_y"": 341, ""sample_4_y"": 193, ""first_y"": 341, ""sample_4_x"": 608, ""sample_1_time"": 117, ""last_x"": 608, ""first_time"": 17, ""sample_2_y"": 263, ""sample_0_x"": 762, ""sample_3_x"": 645, ""last_time"": 417, ""sample_1_x"": 721, ""sample_1_y"": 304}",Q1 (0-90<U+00B0>),Q2 (90-180<U+00B0>),FALSE,TRUE,Formant,135,2.0700306999999896,2.0700306999999896,87.92996930000001,87.92996930000001,FALSE
166879,21,righth,2,no,0,"""0-1""",29,225,237.1187603,583,534,"{""sample_2_time"": 317, ""first_time"": 17, ""sample_0_y"": 346, ""sample_1_time"": 201, ""sample_3_x"": 684, ""sample_4_x"": 640, ""sample_4_y"": 563, ""sample_0_time"": 17, ""sample_1_x"": 800, ""last_x"": 640, ""sample_0_x"": 758, ""sample_2_x"": 797, ""last_time"": 534, ""last_y"": 563, ""sample_2_y"": 505, ""first_x"": 758, ""sample_4_time"": 534, ""sample_3_y"": 549, ""first_y"": 346, ""sample_1_y"": 394, ""sample_3_time"": 434, ""count"": 28}",Q3 (180-270<U+00B0>),Q3 (180-270<U+00B0>),TRUE,TRUE,Correct,225,12.118760299999991,12.118760299999991,12.118760299999991,12.118760299999991,TRUE
166879,21,righth,2,no,0,"""0-1""",30,135,44.82896833,326,367,"{""first_x"": 788, ""sample_0_y"": 342, ""sample_2_time"": 200, ""sample_1_time"": 100, ""sample_1_y"": 328, ""count"": 22, ""sample_3_time"": 283, ""last_y"": 198, ""sample_0_time"": 16, ""sample_3_x"": 897, ""sample_2_y"": 284, ""sample_2_x"": 844, ""first_time"": 16, ""first_y"": 342, ""sample_4_y"": 198, ""sample_1_x"": 800, ""sample_4_time"": 366, ""sample_0_x"": 788, ""sample_4_x"": 936, ""last_x"": 936, ""last_time"": 366, ""sample_3_y"": 233}",Q2 (90-180<U+00B0>),Q1 (0-90<U+00B0>),FALSE,TRUE,Formant,45,0.17103166999999786,0.17103166999999786,90.17103166999999,90.17103166999999,FALSE
166879,21,righth,2,no,0,"""0-1""",31,225,237.3972663,634,483,"{""sample_0_time"": 66, ""last_x"": 642, ""sample_2_y"": 507, ""sample_1_x"": 723, ""first_time"": 66, ""last_time"": 483, ""last_y"": 562, ""sample_0_x"": 781, ""sample_4_y"": 562, ""count"": 26, ""sample_1_y"": 445, ""sample_0_y"": 362, ""sample_2_time"": 283, ""sample_3_y"": 533, ""first_y"": 362, ""sample_4_time"": 483, ""sample_3_x"": 663, ""sample_4_x"": 642, ""sample_3_time"": 383, ""sample_1_time"": 166, ""sample_2_x"": 677, ""first_x"": 781}",Q3 (180-270<U+00B0>),Q3 (180-270<U+00B0>),TRUE,TRUE,Correct,225,12.397266300000013,12.397266300000013,12.397266300000013,12.397266300000013,TRUE
166879,21,righth,2,no,0,"""0-1""",32,135,49.50490686,428,468,"{""sample_2_time"": 250, ""first_y"": 340, ""sample_3_y"": 242, ""sample_0_y"": 340, ""sample_1_y"": 310, ""count"": 28, ""sample_2_x"": 810, ""sample_4_time"": 467, ""sample_1_time"": 133, ""sample_2_y"": 282, ""last_y"": 187, ""last_x"": 920, ""sample_4_x"": 920, ""sample_3_time"": 367, ""sample_4_y"": 187, ""first_time"": 16, ""first_x"": 768, ""sample_3_x"": 854, ""sample_1_x"": 786, ""sample_0_x"": 768, ""last_time"": 467, ""sample_0_time"": 16}",Q2 (90-180<U+00B0>),Q1 (0-90<U+00B0>),FALSE,TRUE,Formant,45,4.504906859999998,4.504906859999998,85.49509314,85.49509314,FALSE
166879,21,righth,2,no,0,"""0-1""",33,135,42.45519562,383,500,"{""first_x"": 748, ""sample_4_time"": 500, ""last_time"": 500, ""sample_2_y"": 395, ""sample_2_x"": 728, ""sample_1_time"": 117, ""count"": 26, ""last_x"": 956, ""sample_4_y"": 193, ""sample_1_x"": 706, ""sample_0_y"": 389, ""first_time"": 17, ""sample_0_x"": 748, ""last_y"": 193, ""sample_1_y"": 441, ""sample_0_time"": 17, ""sample_3_time"": 400, ""first_y"": 389, ""sample_3_x"": 832, ""sample_4_x"": 956, ""sample_2_time"": 300, ""sample_3_y"": 309}",Q2 (90-180<U+00B0>),Q1 (0-90<U+00B0>),FALSE,TRUE,Formant,45,2.544804380000002,2.544804380000002,92.54480438,92.54480438,FALSE
166879,21,righth,2,no,0,"""0-1""",34,225,234.2692221,538,2600,"{""sample_1_time"": 633, ""last_time"": 2599, ""sample_0_time"": 16, ""sample_2_y"": 422, ""count"": 88, ""sample_1_y"": 535, ""sample_2_x"": 722, ""sample_0_x"": 782, ""first_y"": 368, ""last_x"": 627, ""sample_2_time"": 1100, ""sample_3_x"": 749, ""sample_1_x"": 639, ""sample_4_y"": 561, ""first_time"": 16, ""sample_4_x"": 627, ""sample_3_y"": 372, ""first_x"": 782, ""sample_0_y"": 368, ""sample_3_time"": 1883, ""sample_4_time"": 2599, ""last_y"": 561}",Q3 (180-270<U+00B0>),Q3 (180-270<U+00B0>),TRUE,TRUE,Correct,225,9.269222100000007,9.269222100000007,9.269222100000007,9.269222100000007,TRUE
166879,21,righth,2,no,0,"""0-1""",35,225,225.8654293,604,184,"{""sample_2_y"": 458, ""sample_4_time"": 184, ""sample_0_y"": 382, ""sample_2_time"": 100, ""sample_4_x"": 605, ""last_x"": 605, ""sample_0_x"": 751, ""sample_3_time"": 150, ""first_time"": 17, ""sample_3_x"": 628, ""sample_3_y"": 509, ""sample_1_y"": 405, ""sample_1_time"": 50, ""last_time"": 184, ""first_x"": 751, ""sample_2_x"": 676, ""last_y"": 533, ""count"": 11, ""sample_4_y"": 533, ""first_y"": 382, ""sample_0_time"": 17, ""sample_1_x"": 727}",Q3 (180-270<U+00B0>),Q3 (180-270<U+00B0>),TRUE,TRUE,Correct,225,0.8654292999999882,0.8654292999999882,0.8654292999999882,0.8654292999999882,TRUE
166879,21,righth,2,no,0,"""0-1""",36,135,45.69869438,436,334,"{""count"": 14, ""last_time"": 333, ""sample_4_y"": 199, ""sample_2_time"": 233, ""sample_1_y"": 340, ""sample_1_time"": 167, ""first_time"": 117, ""sample_1_x"": 788, ""sample_3_x"": 893, ""sample_3_y"": 238, ""sample_4_time"": 333, ""sample_0_time"": 117, ""sample_0_x"": 757, ""first_y"": 376, ""sample_2_x"": 852, ""sample_4_x"": 930, ""sample_3_time"": 284, ""last_x"": 930, ""first_x"": 757, ""sample_0_y"": 376, ""sample_2_y"": 277, ""last_y"": 199}",Q2 (90-180<U+00B0>),Q1 (0-90<U+00B0>),FALSE,TRUE,Formant,45,0.6986943799999992,0.6986943799999992,89.30130562,89.30130562,FALSE
166879,21,righth,2,no,0,"""0-1""",37,225,229.6354634,476,434,"{""sample_4_x"": 615, ""sample_0_y"": 356, ""sample_1_x"": 834, ""sample_3_x"": 673, ""sample_4_time"": 433, ""sample_3_y"": 494, ""sample_4_y"": 545, ""sample_0_x"": 796, ""sample_2_x"": 794, ""first_x"": 796, ""last_time"": 433, ""last_y"": 545, ""sample_0_time"": 16, ""count"": 23, ""last_x"": 615, ""first_time"": 16, ""sample_3_time"": 350, ""sample_1_y"": 316, ""sample_1_time"": 100, ""sample_2_time"": 250, ""sample_2_y"": 381, ""first_y"": 356}",Q3 (180-270<U+00B0>),Q3 (180-270<U+00B0>),TRUE,TRUE,Correct,225,4.635463399999992,4.635463399999992,4.635463399999992,4.635463399999992,TRUE
166879,21,righth,2,no,0,"""0-1""",38,315,311.0090869,611,268,"{""sample_3_y"": 513, ""sample_0_y"": 405, ""sample_3_x"": 900, ""sample_4_y"": 549, ""count"": 16, ""sample_1_x"": 844, ""sample_2_time"": 150, ""sample_0_time"": 17, ""sample_4_x"": 928, ""sample_1_time"": 83, ""sample_2_x"": 877, ""sample_3_time"": 217, ""last_x"": 928, ""first_time"": 17, ""first_x"": 804, ""sample_4_time"": 267, ""sample_0_x"": 804, ""last_time"": 267, ""first_y"": 405, ""last_y"": 549, ""sample_2_y"": 485, ""sample_1_y"": 450}",Q4 (270-360<U+00B0>),Q4 (270-360<U+00B0>),TRUE,TRUE,Correct,315,3.9909131,3.9909131,3.9909131,3.9909131,TRUE
166879,21,righth,2,no,0,"""0-1""",39,45,138.5165475,324,367,"{""sample_2_y"": 306, ""sample_1_x"": 725, ""first_y"": 357, ""count"": 22, ""last_time"": 366, ""sample_1_y"": 325, ""sample_4_time"": 366, ""sample_2_x"": 707, ""sample_4_y"": 197, ""sample_3_x"": 661, ""sample_0_time"": 17, ""sample_0_x"": 752, ""sample_1_time"": 100, ""last_y"": 197, ""sample_4_x"": 578, ""sample_0_y"": 357, ""first_x"": 752, ""sample_3_time"": 283, ""sample_2_time"": 200, ""first_time"": 17, ""sample_3_y"": 263, ""last_x"": 578}",Q1 (0-90<U+00B0>),Q2 (90-180<U+00B0>),FALSE,TRUE,Formant,135,3.5165475000000015,3.5165475000000015,93.5165475,93.5165475,FALSE
166879,21,righth,2,no,0,"""0-1""",40,135,131.3255005,350,650,"{""sample_4_time"": 649, ""sample_3_y"": 194, ""sample_1_time"": 300, ""sample_2_y"": 309, ""sample_3_x"": 631, ""sample_0_time"": 16, ""sample_1_y"": 330, ""sample_0_y"": 340, ""last_y"": 191, ""sample_4_y"": 191, ""first_y"": 340, ""sample_3_time"": 482, ""last_time"": 649, ""sample_2_x"": 668, ""sample_2_time"": 400, ""sample_4_x"": 615, ""count"": 22, ""sample_1_x"": 736, ""sample_0_x"": 750, ""last_x"": 615, ""first_time"": 16, ""first_x"": 750}",Q2 (90-180<U+00B0>),Q2 (90-180<U+00B0>),TRUE,TRUE,Correct,135,3.674499499999996,3.674499499999996,3.674499499999996,3.674499499999996,TRUE
166879,21,righth,2,no,0,"""0-1""",41,225,220.3645366,393,400,"{""sample_4_y"": 518, ""sample_4_x"": 588, ""first_x"": 750, ""sample_1_y"": 342, ""sample_3_x"": 622, ""sample_2_x"": 665, ""last_time"": 400, ""sample_1_x"": 730, ""sample_0_y"": 344, ""first_time"": 17, ""sample_3_y"": 483, ""sample_0_time"": 17, ""last_x"": 588, ""sample_2_time"": 233, ""sample_4_time"": 400, ""last_y"": 518, ""sample_2_y"": 423, ""sample_0_x"": 750, ""first_y"": 344, ""sample_3_time"": 316, ""sample_1_time"": 133, ""count"": 22}",Q3 (180-270<U+00B0>),Q3 (180-270<U+00B0>),TRUE,TRUE,Correct,225,4.635463399999992,4.635463399999992,4.635463399999992,4.635463399999992,TRUE
166879,21,righth,2,no,0,"""0-1""",42,315,231.7098368,325,1035,"{""sample_2_time"": 534, ""sample_4_y"": 555, ""sample_0_y"": 385, ""last_time"": 1034, ""sample_3_y"": 431, ""sample_1_x"": 730, ""first_x"": 772, ""sample_3_time"": 817, ""first_time"": 17, ""sample_3_x"": 734, ""sample_1_time"": 333, ""first_y"": 385, ""sample_2_x"": 633, ""sample_4_time"": 1034, ""sample_4_x"": 618, ""sample_1_y"": 435, ""count"": 47, ""last_x"": 618, ""sample_2_y"": 527, ""sample_0_time"": 17, ""sample_0_x"": 772, ""last_y"": 555}",Q4 (270-360<U+00B0>),Q3 (180-270<U+00B0>),FALSE,TRUE,Formant,225,6.709836800000005,6.709836800000005,83.2901632,83.2901632,FALSE
166879,21,righth,2,no,0,"""0-1""",43,45,48.56574953,429,334,"{""sample_3_y"": 204, ""sample_1_time"": 100, ""sample_2_time"": 184, ""first_x"": 776, ""sample_2_y"": 268, ""first_time"": 17, ""sample_1_y"": 327, ""last_x"": 926, ""sample_0_x"": 776, ""count"": 20, ""last_time"": 333, ""sample_0_y"": 352, ""sample_1_x"": 788, ""last_y"": 186, ""sample_2_x"": 848, ""first_y"": 352, ""sample_4_y"": 186, ""sample_3_x"": 912, ""sample_0_time"": 17, ""sample_3_time"": 267, ""sample_4_x"": 926, ""sample_4_time"": 333}",Q1 (0-90<U+00B0>),Q1 (0-90<U+00B0>),TRUE,TRUE,Correct,45,3.565749529999998,3.565749529999998,3.565749529999998,3.565749529999998,TRUE
166879,21,righth,2,no,0,"""0-1""",44,45,51.76035326,566,234,"{""sample_2_y"": 222, ""sample_3_y"": 208, ""sample_3_x"": 901, ""first_x"": 789, ""sample_1_y"": 277, ""sample_0_time"": 17, ""first_y"": 340, ""first_time"": 17, ""count"": 14, ""sample_0_y"": 340, ""sample_4_x"": 913, ""sample_4_y"": 181, ""sample_3_time"": 183, ""sample_1_x"": 848, ""sample_2_time"": 133, ""last_x"": 913, ""sample_2_x"": 893, ""last_y"": 181, ""sample_0_x"": 789, ""sample_4_time"": 233, ""sample_1_time"": 67, ""last_time"": 233}",Q1 (0-90<U+00B0>),Q1 (0-90<U+00B0>),TRUE,TRUE,Correct,45,6.760353260000002,6.760353260000002,6.760353260000002,6.760353260000002,TRUE
166879,21,righth,2,no,0,"""0-1""",45,135,45.33902432,677,84,"{""count"": 5, ""first_time"": 16, ""first_y"": 319, ""last_x"": 936, ""last_time"": 83, ""first_x"": 825, ""last_y"": 195}",Q2 (90-180<U+00B0>),Q1 (0-90<U+00B0>),FALSE,TRUE,Formant,45,0.33902432000000005,0.33902432000000005,89.66097568,89.66097568,FALSE
166879,21,righth,2,no,0,"""0-1""",46,225,227.0454085,999,368,"{""sample_4_x"": 606, ""last_x"": 606, ""sample_2_y"": 515, ""first_y"": 386, ""sample_4_time"": 367, ""sample_3_time"": 284, ""sample_2_time"": 200, ""sample_3_y"": 526, ""last_y"": 539, ""sample_4_y"": 539, ""count"": 22, ""sample_0_x"": 751, ""first_x"": 751, ""sample_2_x"": 632, ""sample_1_time"": 100, ""sample_1_x"": 711, ""sample_0_time"": 17, ""sample_1_y"": 461, ""first_time"": 17, ""sample_0_y"": 386, ""sample_3_x"": 622, ""last_time"": 367}",Q3 (180-270<U+00B0>),Q3 (180-270<U+00B0>),TRUE,TRUE,Correct,225,2.0454085000000077,2.0454085000000077,2.0454085000000077,2.0454085000000077,TRUE
166879,21,righth,2,no,0,"""0-1""",47,45,48.28527647,806,200,"{""sample_2_y"": 257, ""sample_4_x"": 924, ""sample_3_y"": 215, ""last_y"": 190, ""sample_3_x"": 901, ""sample_1_y"": 291, ""first_x"": 797, ""last_time"": 200, ""sample_0_x"": 797, ""first_y"": 328, ""sample_4_y"": 190, ""sample_0_time"": 16, ""last_x"": 924, ""sample_4_time"": 200, ""sample_0_y"": 328, ""sample_1_time"": 66, ""sample_2_x"": 861, ""sample_2_time"": 116, ""count"": 12, ""sample_3_time"": 166, ""sample_1_x"": 832, ""first_time"": 16}",Q1 (0-90<U+00B0>),Q1 (0-90<U+00B0>),TRUE,TRUE,Correct,45,3.2852764699999994,3.2852764699999994,3.2852764699999994,3.2852764699999994,TRUE
166879,21,righth,2,no,0,"""0-1""",48,225,226.0416267,557,3251,"{""sample_1_y"": 523, ""sample_0_time"": 17, ""last_y"": 533, ""sample_2_x"": 720, ""count"": 118, ""last_time"": 3250, ""sample_1_x"": 650, ""first_y"": 391, ""sample_0_x"": 748, ""sample_4_time"": 3250, ""sample_2_y"": 430, ""sample_3_x"": 773, ""sample_1_time"": 700, ""sample_3_y"": 358, ""sample_4_y"": 533, ""sample_3_time"": 2413, ""first_time"": 17, ""sample_2_time"": 1350, ""first_x"": 748, ""sample_4_x"": 606, ""sample_0_y"": 391, ""last_x"": 606}",Q3 (180-270<U+00B0>),Q3 (180-270<U+00B0>),TRUE,TRUE,Correct,225,1.0416266999999948,1.0416266999999948,1.0416266999999948,1.0416266999999948,TRUE
166879,21,righth,2,no,0,"""0-1""",49,225,229.9271099,705,183,"{""sample_4_time"": 183, ""first_time"": 16, ""sample_0_y"": 394, ""last_x"": 609, ""count"": 11, ""sample_1_time"": 50, ""sample_0_time"": 16, ""sample_1_x"": 730, ""sample_2_time"": 100, ""sample_1_y"": 421, ""sample_3_y"": 521, ""sample_2_y"": 469, ""last_time"": 183, ""last_y"": 554, ""sample_3_x"": 640, ""sample_4_y"": 554, ""sample_4_x"": 609, ""sample_0_x"": 754, ""sample_2_x"": 688, ""sample_3_time"": 150, ""first_y"": 394, ""first_x"": 754}",Q3 (180-270<U+00B0>),Q3 (180-270<U+00B0>),TRUE,TRUE,Correct,225,4.927109900000005,4.927109900000005,4.927109900000005,4.927109900000005,TRUE
166879,21,righth,2,no,0,"""0-1""",50,135,46.19705104,381,384,"{""last_x"": 932, ""sample_0_y"": 393, ""sample_4_y"": 194, ""sample_1_x"": 703, ""last_y"": 194, ""sample_0_x"": 738, ""count"": 20, ""sample_3_time"": 316, ""sample_3_y"": 254, ""first_x"": 738, ""first_y"": 393, ""sample_1_y"": 429, ""sample_2_y"": 399, ""last_time"": 383, ""sample_3_x"": 865, ""sample_2_time"": 233, ""sample_1_time"": 100, ""sample_2_x"": 720, ""sample_4_x"": 932, ""first_time"": 16, ""sample_4_time"": 383, ""sample_0_time"": 16}",Q2 (90-180<U+00B0>),Q1 (0-90<U+00B0>),FALSE,TRUE,Formant,45,1.197051039999998,1.197051039999998,88.80294896000001,88.80294896000001,FALSE
166879,21,righth,2,no,0,"""0-1""",51,315,221.1637519,368,467,"{""sample_0_x"": 781, ""sample_2_y"": 354, ""first_time"": 16, ""sample_2_time"": 300, ""sample_1_y"": 296, ""sample_3_time"": 383, ""count"": 21, ""sample_4_y"": 525, ""sample_2_x"": 748, ""last_x"": 585, ""first_y"": 335, ""sample_4_time"": 466, ""sample_0_y"": 335, ""first_x"": 781, ""last_time"": 466, ""sample_1_time"": 99, ""sample_0_time"": 16, ""last_y"": 525, ""sample_3_x"": 658, ""sample_3_y"": 447, ""sample_4_x"": 585, ""sample_1_x"": 797}",Q4 (270-360<U+00B0>),Q3 (180-270<U+00B0>),FALSE,TRUE,Formant,225,3.836248100000006,3.836248100000006,93.8362481,93.8362481,FALSE
166879,21,righth,2,no,0,"""0-1""",52,45,54.18391925,616,217,"{""sample_2_time"": 117, ""count"": 13, ""last_time"": 217, ""sample_4_time"": 217, ""sample_4_x"": 908, ""sample_2_x"": 853, ""sample_0_x"": 773, ""first_x"": 773, ""first_y"": 334, ""sample_3_x"": 880, ""sample_1_y"": 276, ""last_y"": 171, ""sample_2_y"": 237, ""sample_4_y"": 171, ""sample_1_x"": 817, ""sample_0_y"": 334, ""sample_3_time"": 167, ""sample_0_time"": 17, ""first_time"": 17, ""sample_3_y"": 203, ""sample_1_time"": 67, ""last_x"": 908}",Q1 (0-90<U+00B0>),Q1 (0-90<U+00B0>),TRUE,TRUE,Correct,45,9.183919250000002,9.183919250000002,9.183919250000002,9.183919250000002,TRUE
166879,21,righth,2,no,0,"""0-1""",53,225,225.8654293,325,517,"{""last_y"": 533, ""sample_3_y"": 413, ""last_time"": 516, ""sample_1_y"": 282, ""first_x"": 751, ""sample_2_time"": 316, ""sample_2_y"": 287, ""last_x"": 605, ""sample_4_x"": 605, ""sample_3_x"": 679, ""sample_1_x"": 682, ""sample_3_time"": 416, ""sample_0_x"": 751, ""sample_0_time"": 16, ""first_y"": 344, ""sample_2_x"": 686, ""sample_4_y"": 533, ""sample_4_time"": 516, ""sample_1_time"": 116, ""count"": 25, ""sample_0_y"": 344, ""first_time"": 16}",Q3 (180-270<U+00B0>),Q3 (180-270<U+00B0>),TRUE,TRUE,Correct,225,0.8654292999999882,0.8654292999999882,0.8654292999999882,0.8654292999999882,TRUE
166879,21,righth,2,no,0,"""0-1""",54,45,135.6861442,483,1067,"{""last_x"": 599, ""sample_4_y"": 200, ""sample_2_x"": 683, ""last_time"": 1066, ""first_x"": 758, ""sample_0_x"": 758, ""sample_1_x"": 741, ""sample_3_y"": 239, ""first_time"": 16, ""first_y"": 354, ""sample_2_y"": 283, ""sample_3_x"": 642, ""sample_0_time"": 16, ""sample_3_time"": 833, ""sample_4_x"": 599, ""last_y"": 200, ""sample_0_y"": 354, ""sample_2_time"": 583, ""count"": 59, ""sample_1_time"": 300, ""sample_1_y"": 333, ""sample_4_time"": 1066}",Q1 (0-90<U+00B0>),Q2 (90-180<U+00B0>),FALSE,TRUE,Formant,135,0.6861442000000011,0.6861442000000011,90.6861442,90.6861442,FALSE
166879,21,righth,2,no,0,"""0-1""",55,225,229.8207661,344,783,"{""sample_4_y"": 545, ""sample_1_y"": 385, ""first_y"": 351, ""sample_0_x"": 770, ""sample_0_time"": 16, ""sample_4_time"": 783, ""sample_2_y"": 455, ""sample_2_x"": 648, ""first_time"": 16, ""sample_0_y"": 351, ""sample_3_y"": 478, ""sample_4_x"": 616, ""count"": 33, ""first_x"": 770, ""last_x"": 616, ""sample_3_x"": 640, ""sample_1_time"": 383, ""last_time"": 783, ""sample_3_time"": 650, ""sample_1_x"": 722, ""sample_2_time"": 516, ""last_y"": 545}",Q3 (180-270<U+00B0>),Q3 (180-270<U+00B0>),TRUE,TRUE,Correct,225,4.820766099999986,4.820766099999986,4.820766099999986,4.820766099999986,TRUE
166879,21,righth,2,no,0,"""0-1""",56,135,43.60281897,557,450,"{""count"": 23, ""sample_2_x"": 820, ""sample_0_time"": 17, ""sample_4_y"": 205, ""sample_3_y"": 230, ""sample_2_y"": 295, ""last_x"": 936, ""first_time"": 17, ""sample_1_y"": 344, ""sample_1_time"": 167, ""sample_0_y"": 350, ""sample_0_x"": 776, ""sample_2_time"": 267, ""last_y"": 205, ""sample_3_time"": 367, ""sample_4_x"": 936, ""last_time"": 450, ""sample_3_x"": 908, ""sample_4_time"": 450, ""first_y"": 350, ""sample_1_x"": 778, ""first_x"": 776}",Q2 (90-180<U+00B0>),Q1 (0-90<U+00B0>),FALSE,TRUE,Formant,45,1.3971810299999987,1.3971810299999987,91.39718103,91.39718103,FALSE
166879,21,righth,2,no,0,"""0-1""",57,135,43.33489394,628,334,"{""sample_1_y"": 324, ""first_time"": 17, ""last_y"": 198, ""sample_2_y"": 291, ""last_time"": 333, ""count"": 20, ""sample_2_time"": 183, ""first_x"": 788, ""sample_3_y"": 243, ""sample_4_time"": 333, ""last_x"": 945, ""sample_1_time"": 100, ""first_y"": 349, ""sample_0_time"": 17, ""sample_3_x"": 902, ""sample_4_y"": 198, ""sample_2_x"": 861, ""sample_4_x"": 945, ""sample_1_x"": 825, ""sample_0_x"": 788, ""sample_0_y"": 349, ""sample_3_time"": 267}",Q2 (90-180<U+00B0>),Q1 (0-90<U+00B0>),FALSE,TRUE,Formant,45,1.6651060599999994,1.6651060599999994,91.66510606,91.66510606,FALSE
166879,21,righth,2,no,0,"""0-1""",58,135,116.5650512,766,551,"{""last_x"": 659, ""sample_2_x"": 850, ""last_time"": 550, ""sample_0_x"": 773, ""sample_1_time"": 134, ""sample_4_y"": 147, ""sample_2_time"": 300, ""sample_4_x"": 659, ""first_y"": 311, ""sample_3_y"": 183, ""count"": 31, ""first_time"": 17, ""first_x"": 773, ""sample_2_y"": 209, ""sample_3_x"": 716, ""sample_0_time"": 17, ""sample_3_time"": 434, ""sample_4_time"": 550, ""sample_0_y"": 311, ""last_y"": 147, ""sample_1_x"": 842, ""sample_1_y"": 226}",Q2 (90-180<U+00B0>),Q2 (90-180<U+00B0>),TRUE,TRUE,Correct,135,18.4349488,18.4349488,18.4349488,18.4349488,TRUE
166879,21,righth,2,no,0,"""0-1""",59,135,139.553768,660,301,"{""sample_4_y"": 209, ""sample_3_y"": 251, ""sample_3_time"": 234, ""sample_4_time"": 301, ""sample_0_x"": 747, ""sample_0_time"": 17, ""first_y"": 354, ""first_time"": 17, ""sample_0_y"": 354, ""last_y"": 209, ""sample_3_x"": 624, ""sample_1_time"": 84, ""sample_2_x"": 641, ""sample_1_x"": 697, ""sample_4_x"": 585, ""sample_1_y"": 320, ""count"": 18, ""first_x"": 747, ""last_time"": 301, ""sample_2_y"": 280, ""sample_2_time"": 167, ""last_x"": 585}",Q2 (90-180<U+00B0>),Q2 (90-180<U+00B0>),TRUE,TRUE,Correct,135,4.553767999999991,4.553767999999991,4.553767999999991,4.553767999999991,TRUE
166879,21,righth,2,no,0,"""0-1""",60,315,230.9180604,500,317,"{""sample_3_y"": 503, ""sample_4_y"": 546, ""sample_4_x"": 621, ""last_time"": 316, ""sample_2_x"": 694, ""sample_2_time"": 166, ""sample_3_x"": 664, ""sample_1_time"": 83, ""sample_1_y"": 414, ""sample_1_x"": 725, ""last_y"": 546, ""sample_2_y"": 461, ""sample_4_time"": 316, ""sample_3_time"": 250, ""last_x"": 621, ""first_time"": 16, ""first_y"": 386, ""count"": 19, ""sample_0_time"": 16, ""first_x"": 746, ""sample_0_y"": 386, ""sample_0_x"": 746}",Q4 (270-360<U+00B0>),Q3 (180-270<U+00B0>),FALSE,TRUE,Formant,225,5.918060400000002,5.918060400000002,84.0819396,84.0819396,FALSE
166879,21,righth,2,no,0,"""0-1""",61,315,314.8339257,556,366,"{""sample_3_x"": 880, ""count"": 18, ""sample_0_time"": 16, ""last_y"": 538, ""last_time"": 366, ""sample_1_y"": 347, ""sample_1_x"": 764, ""sample_3_y"": 474, ""sample_0_y"": 338, ""sample_3_time"": 299, ""sample_0_x"": 753, ""sample_1_time"": 149, ""sample_4_x"": 940, ""sample_2_y"": 417, ""sample_2_x"": 822, ""sample_2_time"": 233, ""first_y"": 338, ""first_time"": 16, ""sample_4_y"": 538, ""last_x"": 940, ""sample_4_time"": 366, ""first_x"": 753}",Q4 (270-360<U+00B0>),Q4 (270-360<U+00B0>),TRUE,TRUE,Correct,315,0.16607429999999113,0.16607429999999113,0.16607429999999113,0.16607429999999113,TRUE
166879,21,righth,2,no,0,"""0-1""",62,225,312.9786351,358,551,"{""sample_2_time"": 267, ""last_y"": 541, ""sample_2_y"": 236, ""sample_0_y"": 348, ""sample_1_y"": 293, ""sample_2_x"": 649, ""first_x"": 755, ""count"": 30, ""sample_1_time"": 133, ""sample_0_time"": 16, ""sample_3_x"": 756, ""last_x"": 932, ""last_time"": 550, ""first_y"": 348, ""sample_4_time"": 550, ""sample_4_y"": 541, ""first_time"": 16, ""sample_1_x"": 706, ""sample_4_x"": 932, ""sample_0_x"": 755, ""sample_3_y"": 365, ""sample_3_time"": 433}",Q3 (180-270<U+00B0>),Q4 (270-360<U+00B0>),FALSE,TRUE,Formant,315,2.0213648999999805,2.0213648999999805,87.97863510000002,87.97863510000002,FALSE
166879,21,righth,2,no,0,"""0-1""",63,45,135.8400539,304,384,"{""last_y"": 197, ""sample_4_time"": 383, ""sample_4_x"": 595, ""sample_1_x"": 710, ""sample_4_y"": 197, ""last_time"": 383, ""first_time"": 16, ""first_y"": 344, ""sample_2_time"": 200, ""sample_2_x"": 698, ""sample_1_y"": 294, ""sample_1_time"": 100, ""sample_0_y"": 344, ""sample_0_time"": 16, ""sample_3_x"": 650, ""sample_0_x"": 761, ""count"": 23, ""sample_3_y"": 236, ""first_x"": 761, ""sample_3_time"": 300, ""last_x"": 595, ""sample_2_y"": 281}",Q1 (0-90<U+00B0>),Q2 (90-180<U+00B0>),FALSE,TRUE,Formant,135,0.8400538999999867,0.8400538999999867,90.84005389999999,90.84005389999999,FALSE
166879,21,righth,2,no,0,"""0-1""",64,135,46.19705104,382,401,"{""sample_0_y"": 347, ""sample_4_y"": 194, ""sample_4_time"": 400, ""sample_3_time"": 334, ""sample_1_time"": 84, ""sample_0_time"": 17, ""sample_1_x"": 805, ""sample_4_x"": 932, ""last_time"": 400, ""count"": 17, ""last_x"": 932, ""sample_3_y"": 243, ""sample_1_y"": 330, ""sample_2_time"": 267, ""first_y"": 347, ""first_x"": 788, ""sample_3_x"": 886, ""last_y"": 194, ""first_time"": 17, ""sample_2_y"": 307, ""sample_2_x"": 820, ""sample_0_x"": 788}",Q2 (90-180<U+00B0>),Q1 (0-90<U+00B0>),FALSE,TRUE,Formant,45,1.197051039999998,1.197051039999998,88.80294896000001,88.80294896000001,FALSE
166879,21,righth,2,no,0,"""0-1""",65,315,47.04540849,318,218,"{""last_y"": 191, ""sample_2_time"": 117, ""last_x"": 930, ""sample_0_x"": 781, ""sample_1_time"": 67, ""sample_1_y"": 303, ""sample_3_x"": 906, ""sample_3_time"": 167, ""sample_2_y"": 255, ""first_y"": 341, ""sample_2_x"": 854, ""sample_4_y"": 191, ""sample_1_x"": 808, ""sample_4_x"": 930, ""sample_4_time"": 218, ""last_time"": 218, ""sample_0_time"": 17, ""first_x"": 781, ""sample_3_y"": 211, ""count"": 13, ""sample_0_y"": 341, ""first_time"": 17}",Q4 (270-360<U+00B0>),Q1 (0-90<U+00B0>),TRUE,FALSE,Frequency,45,2.04540849,2.04540849,267.95459151,92.04540849,FALSE
166879,21,righth,2,no,0,"""0-1""",66,315,222.4052898,609,534,"{""count"": 29, ""sample_0_y"": 343, ""first_y"": 343, ""sample_1_y"": 381, ""first_x"": 781, ""sample_3_time"": 417, ""sample_4_x"": 595, ""sample_2_y"": 457, ""last_y"": 523, ""sample_1_x"": 756, ""last_x"": 595, ""sample_4_time"": 533, ""sample_0_time"": 16, ""sample_3_x"": 637, ""sample_4_y"": 523, ""sample_0_x"": 781, ""first_time"": 16, ""sample_1_time"": 183, ""sample_2_time"": 300, ""sample_2_x"": 671, ""last_time"": 533, ""sample_3_y"": 486}",Q4 (270-360<U+00B0>),Q3 (180-270<U+00B0>),FALSE,TRUE,Formant,225,2.5947102000000086,2.5947102000000086,92.59471020000001,92.59471020000001,FALSE
166879,21,righth,2,no,0,"""0-1""",67,315,228.9748885,278,683,"{""sample_1_x"": 747, ""sample_2_y"": 438, ""sample_1_time"": 200, ""sample_4_y"": 542, ""last_x"": 614, ""sample_0_y"": 381, ""sample_4_time"": 682, ""last_y"": 542, ""sample_3_x"": 664, ""first_time"": 16, ""first_x"": 755, ""sample_0_x"": 755, ""sample_3_y"": 501, ""sample_2_x"": 720, ""first_y"": 381, ""count"": 40, ""sample_0_time"": 16, ""sample_4_x"": 614, ""sample_2_time"": 366, ""sample_3_time"": 533, ""last_time"": 682, ""sample_1_y"": 399}",Q4 (270-360<U+00B0>),Q3 (180-270<U+00B0>),FALSE,TRUE,Formant,225,3.9748884999999916,3.9748884999999916,86.02511150000001,86.02511150000001,FALSE
166879,21,righth,2,no,0,"""0-1""",68,225,230.3827979,324,300,"{""sample_2_x"": 670, ""last_time"": 300, ""sample_2_time"": 166, ""sample_4_time"": 300, ""sample_1_x"": 711, ""sample_4_x"": 619, ""first_y"": 382, ""last_y"": 545, ""last_x"": 619, ""sample_3_x"": 640, ""first_time"": 16, ""sample_3_y"": 529, ""sample_4_y"": 545, ""sample_3_time"": 233, ""count"": 18, ""sample_0_y"": 382, ""first_x"": 747, ""sample_0_time"": 16, ""sample_2_y"": 495, ""sample_1_time"": 83, ""sample_0_x"": 747, ""sample_1_y"": 438}",Q3 (180-270<U+00B0>),Q3 (180-270<U+00B0>),TRUE,TRUE,Correct,225,5.382797900000014,5.382797900000014,5.382797900000014,5.382797900000014,TRUE
166879,21,righth,2,no,0,"""0-1""",69,45,135.6986944,476,367,"{""sample_0_x"": 745, ""sample_2_time"": 200, ""first_x"": 745, ""sample_3_y"": 231, ""sample_4_x"": 602, ""sample_2_y"": 253, ""sample_4_time"": 367, ""first_time"": 17, ""last_x"": 602, ""sample_3_x"": 624, ""sample_1_time"": 100, ""last_time"": 367, ""sample_4_y"": 203, ""sample_0_time"": 17, ""sample_0_y"": 349, ""count"": 22, ""last_y"": 203, ""sample_2_x"": 644, ""sample_1_y"": 296, ""first_y"": 349, ""sample_3_time"": 284, ""sample_1_x"": 690}",Q1 (0-90<U+00B0>),Q2 (90-180<U+00B0>),FALSE,TRUE,Formant,135,0.6986943999999937,0.6986943999999937,90.6986944,90.6986944,FALSE
166879,21,righth,2,no,0,"""0-1""",70,45,135.8654293,459,351,"{""first_time"": 17, ""sample_3_y"": 247, ""first_x"": 740, ""last_time"": 350, ""sample_3_time"": 267, ""sample_1_y"": 292, ""sample_4_x"": 600, ""count"": 21, ""first_y"": 335, ""sample_0_y"": 335, ""sample_2_x"": 672, ""sample_1_time"": 100, ""sample_2_y"": 269, ""sample_4_y"": 202, ""last_y"": 202, ""last_x"": 600, ""sample_1_x"": 694, ""sample_2_time"": 183, ""sample_4_time"": 350, ""sample_3_x"": 649, ""sample_0_time"": 17, ""sample_0_x"": 740}",Q1 (0-90<U+00B0>),Q2 (90-180<U+00B0>),FALSE,TRUE,Formant,135,0.8654292999999882,0.8654292999999882,90.86542929999999,90.86542929999999,FALSE
166879,21,righth,2,no,0,"""0-1""",71,135,43.29527168,289,600,"{""first_time"": 16, ""last_x"": 941, ""sample_0_x"": 773, ""count"": 31, ""sample_2_x"": 820, ""sample_4_time"": 599, ""last_y"": 202, ""sample_3_x"": 846, ""sample_1_time"": 133, ""sample_0_time"": 16, ""sample_4_y"": 202, ""sample_3_y"": 304, ""sample_2_time"": 350, ""sample_0_y"": 339, ""sample_3_time"": 483, ""sample_2_y"": 279, ""last_time"": 599, ""sample_1_y"": 303, ""first_x"": 773, ""first_y"": 339, ""sample_4_x"": 941, ""sample_1_x"": 798}",Q2 (90-180<U+00B0>),Q1 (0-90<U+00B0>),FALSE,TRUE,Formant,45,1.704728320000001,1.704728320000001,91.70472832,91.70472832,FALSE
166879,21,righth,2,no,0,"""0-1""",72,135,135.6780249,440,417,"{""sample_1_y"": 326, ""sample_2_x"": 687, ""count"": 25, ""last_x"": 597, ""first_x"": 751, ""sample_0_y"": 350, ""first_y"": 350, ""last_time"": 417, ""sample_0_time"": 16, ""sample_1_x"": 727, ""sample_4_time"": 417, ""sample_0_x"": 751, ""sample_2_time"": 217, ""sample_2_y"": 287, ""sample_4_y"": 198, ""sample_3_time"": 317, ""sample_3_y"": 243, ""sample_3_x"": 647, ""last_y"": 198, ""first_time"": 16, ""sample_1_time"": 117, ""sample_4_x"": 597}",Q2 (90-180<U+00B0>),Q2 (90-180<U+00B0>),TRUE,TRUE,Correct,135,0.6780248999999969,0.6780248999999969,0.6780248999999969,0.6780248999999969,TRUE
166879,21,righth,2,no,0,"""0-1""",73,315,222.8420495,399,534,"{""first_y"": 344, ""last_time"": 533, ""sample_1_y"": 305, ""sample_0_x"": 744, ""sample_4_x"": 589, ""sample_1_x"": 690, ""sample_4_time"": 533, ""last_y"": 531, ""first_time"": 17, ""sample_3_x"": 647, ""count"": 27, ""sample_4_y"": 531, ""sample_2_y"": 318, ""sample_2_time"": 317, ""sample_2_x"": 678, ""sample_3_time"": 434, ""sample_1_time"": 117, ""sample_0_y"": 344, ""sample_3_y"": 454, ""first_x"": 744, ""last_x"": 589, ""sample_0_time"": 17}",Q4 (270-360<U+00B0>),Q3 (180-270<U+00B0>),FALSE,TRUE,Formant,225,2.1579504999999983,2.1579504999999983,92.1579505,92.1579505,FALSE
166879,21,righth,2,no,0,"""0-1""",74,45,134.3097228,427,483,"{""sample_0_time"": 16, ""sample_4_y"": 197, ""sample_4_x"": 604, ""sample_1_y"": 339, ""count"": 28, ""sample_2_y"": 265, ""sample_4_time"": 483, ""sample_0_x"": 755, ""sample_0_y"": 353, ""sample_1_x"": 745, ""sample_3_y"": 223, ""first_y"": 353, ""first_x"": 755, ""sample_2_time"": 266, ""last_y"": 197, ""sample_1_time"": 149, ""sample_3_x"": 642, ""first_time"": 16, ""sample_3_time"": 383, ""sample_2_x"": 680, ""last_x"": 604, ""last_time"": 483}",Q1 (0-90<U+00B0>),Q2 (90-180<U+00B0>),FALSE,TRUE,Formant,135,0.690277199999997,0.690277199999997,89.3097228,89.3097228,FALSE
166879,21,righth,2,no,0,"""0-1""",75,315,226.7149302,349,868,"{""sample_2_y"": 311, ""sample_3_time"": 700, ""sample_0_y"": 343, ""sample_2_time"": 533, ""first_y"": 343, ""count"": 42, ""last_y"": 537, ""first_x"": 785, ""sample_1_time"": 183, ""last_x"": 606, ""sample_2_x"": 822, ""last_time"": 867, ""first_time"": 17, ""sample_1_y"": 291, ""sample_4_y"": 537, ""sample_1_x"": 837, ""sample_0_time"": 17, ""sample_4_x"": 606, ""sample_3_y"": 454, ""sample_3_x"": 677, ""sample_4_time"": 867, ""sample_0_x"": 785}",Q4 (270-360<U+00B0>),Q3 (180-270<U+00B0>),FALSE,TRUE,Formant,225,1.7149301999999977,1.7149301999999977,88.2850698,88.2850698,FALSE
166879,21,righth,2,no,0,"""0-1""",76,225,313.9583733,536,351,"{""last_x"": 930, ""sample_1_y"": 427, ""sample_0_x"": 773, ""first_x"": 773, ""last_y"": 533, ""sample_2_time"": 183, ""sample_4_y"": 533, ""sample_3_x"": 880, ""sample_4_x"": 930, ""count"": 21, ""last_time"": 350, ""sample_3_time"": 267, ""sample_0_time"": 17, ""sample_3_y"": 505, ""sample_1_x"": 806, ""sample_4_time"": 350, ""sample_1_time"": 100, ""first_time"": 17, ""sample_2_x"": 850, ""sample_2_y"": 467, ""first_y"": 385, ""sample_0_y"": 385}",Q3 (180-270<U+00B0>),Q4 (270-360<U+00B0>),FALSE,TRUE,Formant,315,1.0416266999999948,1.0416266999999948,88.9583733,88.9583733,FALSE
166879,21,righth,2,no,0,"""0-1""",77,315,314.1397677,472,300,"{""last_y"": 534, ""sample_3_y"": 493, ""first_y"": 386, ""last_time"": 299, ""sample_3_x"": 896, ""last_x"": 932, ""sample_1_time"": 83, ""sample_2_y"": 453, ""first_time"": 16, ""sample_2_x"": 842, ""first_x"": 776, ""sample_4_time"": 299, ""count"": 18, ""sample_4_y"": 534, ""sample_3_time"": 233, ""sample_0_x"": 776, ""sample_1_y"": 415, ""sample_1_x"": 794, ""sample_4_x"": 932, ""sample_0_time"": 16, ""sample_2_time"": 166, ""sample_0_y"": 386}",Q4 (270-360<U+00B0>),Q4 (270-360<U+00B0>),TRUE,TRUE,Correct,315,0.8602323000000069,0.8602323000000069,0.8602323000000069,0.8602323000000069,TRUE
166879,21,righth,2,no,0,"""0-1""",78,135,43.60281897,395,418,"{""sample_2_y"": 345, ""last_time"": 417, ""sample_2_time"": 250, ""sample_0_y"": 385, ""last_y"": 205, ""sample_0_x"": 749, ""last_x"": 936, ""sample_4_y"": 205, ""sample_3_y"": 267, ""sample_4_time"": 417, ""sample_1_time"": 167, ""sample_0_time"": 17, ""sample_2_x"": 793, ""first_y"": 385, ""sample_1_y"": 387, ""sample_3_x"": 888, ""first_x"": 749, ""sample_4_x"": 936, ""sample_3_time"": 334, ""sample_1_x"": 741, ""count"": 21, ""first_time"": 17}",Q2 (90-180<U+00B0>),Q1 (0-90<U+00B0>),FALSE,TRUE,Formant,45,1.3971810299999987,1.3971810299999987,91.39718103,91.39718103,FALSE
166879,21,righth,2,no,0,"""0-1""",79,225,228.724058,410,534,"{""sample_3_y"": 475, ""sample_0_x"": 752, ""sample_4_y"": 545, ""sample_4_x"": 610, ""sample_1_x"": 725, ""sample_1_time"": 117, ""sample_2_x"": 730, ""first_y"": 335, ""sample_0_y"": 335, ""sample_1_y"": 307, ""sample_2_y"": 353, ""last_time"": 533, ""sample_0_time"": 17, ""sample_3_time"": 434, ""first_x"": 752, ""last_y"": 545, ""count"": 26, ""first_time"": 17, ""sample_4_time"": 533, ""sample_2_time"": 334, ""last_x"": 610, ""sample_3_x"": 680}",Q3 (180-270<U+00B0>),Q3 (180-270<U+00B0>),TRUE,TRUE,Correct,225,3.7240580000000136,3.7240580000000136,3.7240580000000136,3.7240580000000136,TRUE
166879,21,righth,2,no,0,"""0-1""",80,135,140.1325544,306,350,"{""sample_1_x"": 717, ""last_x"": 586, ""sample_4_time"": 349, ""first_x"": 747, ""first_time"": 16, ""sample_1_time"": 99, ""sample_0_y"": 354, ""last_y"": 213, ""sample_2_y"": 284, ""first_y"": 354, ""sample_4_x"": 586, ""sample_0_x"": 747, ""sample_4_y"": 213, ""sample_3_y"": 242, ""sample_3_x"": 616, ""last_time"": 349, ""sample_1_y"": 331, ""sample_2_time"": 183, ""sample_2_x"": 665, ""count"": 21, ""sample_0_time"": 16, ""sample_3_time"": 266}",Q2 (90-180<U+00B0>),Q2 (90-180<U+00B0>),TRUE,TRUE,Correct,135,5.132554400000004,5.132554400000004,5.132554400000004,5.132554400000004,TRUE
166879,21,righth,2,no,0,"""0-1""",81,315,220.936634,366,500,"{""sample_2_y"": 411, ""sample_0_time"": 17, ""first_y"": 385, ""first_x"": 745, ""sample_3_time"": 400, ""sample_0_y"": 385, ""sample_1_time"": 116, ""count"": 25, ""sample_4_time"": 500, ""sample_4_x"": 572, ""sample_3_y"": 443, ""sample_3_x"": 686, ""sample_2_time"": 267, ""last_y"": 535, ""sample_4_y"": 535, ""first_time"": 17, ""sample_0_x"": 745, ""sample_1_y"": 447, ""last_time"": 500, ""sample_2_x"": 693, ""sample_1_x"": 682, ""last_x"": 572}",Q4 (270-360<U+00B0>),Q3 (180-270<U+00B0>),FALSE,TRUE,Formant,225,4.063366000000002,4.063366000000002,94.063366,94.063366,FALSE
166879,21,righth,2,no,0,"""0-1""",82,135,42.57072668,416,418,"{""sample_2_y"": 365, ""sample_3_y"": 255, ""sample_1_x"": 717, ""sample_3_time"": 334, ""count"": 24, ""sample_3_x"": 877, ""sample_2_time"": 234, ""last_x"": 940, ""sample_4_x"": 940, ""sample_1_y"": 423, ""last_time"": 417, ""sample_4_y"": 207, ""first_y"": 382, ""first_x"": 753, ""sample_0_time"": 17, ""first_time"": 17, ""sample_2_x"": 762, ""sample_0_y"": 382, ""sample_0_x"": 753, ""sample_1_time"": 117, ""sample_4_time"": 417, ""last_y"": 207}",Q2 (90-180<U+00B0>),Q1 (0-90<U+00B0>),FALSE,TRUE,Formant,45,2.42927332,2.42927332,92.42927332,92.42927332,FALSE
166879,21,righth,2,no,0,"""0-1""",83,315,210.7128277,471,417,"{""sample_0_time"": 17, ""sample_0_x"": 768, ""sample_1_time"": 184, ""sample_0_y"": 347, ""sample_4_y"": 485, ""sample_2_y"": 377, ""sample_3_time"": 350, ""sample_1_y"": 334, ""last_time"": 417, ""sample_2_x"": 729, ""first_y"": 347, ""count"": 20, ""last_x"": 566, ""sample_4_x"": 566, ""last_y"": 485, ""sample_3_x"": 620, ""sample_2_time"": 267, ""sample_1_x"": 772, ""sample_4_time"": 417, ""first_x"": 768, ""sample_3_y"": 457, ""first_time"": 17}",Q4 (270-360<U+00B0>),Q3 (180-270<U+00B0>),FALSE,TRUE,Formant,225,14.287172300000009,14.287172300000009,104.28717230000001,104.28717230000001,FALSE
166879,21,righth,2,no,0,"""0-1""",84,45,132.4362298,525,1150,"{""sample_3_x"": 719, ""sample_2_y"": 353, ""sample_3_y"": 316, ""sample_2_time"": 566, ""first_y"": 344, ""sample_1_time"": 266, ""sample_2_x"": 760, ""sample_4_x"": 608, ""first_time"": 16, ""sample_4_time"": 1149, ""first_x"": 758, ""sample_0_x"": 758, ""sample_3_time"": 899, ""last_x"": 608, ""last_time"": 1149, ""sample_4_y"": 190, ""sample_0_y"": 344, ""sample_0_time"": 16, ""sample_1_y"": 224, ""last_y"": 190, ""count"": 61, ""sample_1_x"": 644}",Q1 (0-90<U+00B0>),Q2 (90-180<U+00B0>),FALSE,TRUE,Formant,135,2.5637701999999933,2.5637701999999933,87.4362298,87.4362298,FALSE
166879,21,righth,2,no,0,"""0-1""",85,135,44.8247841,674,393,"{""first_time"": 9, ""sample_0_y"": 341, ""sample_3_x"": 902, ""sample_3_y"": 225, ""sample_3_time"": 309, ""last_y"": 202, ""sample_2_time"": 209, ""sample_1_y"": 290, ""count"": 24, ""sample_2_x"": 860, ""last_time"": 392, ""sample_4_y"": 202, ""sample_4_x"": 932, ""sample_0_x"": 780, ""sample_0_time"": 9, ""first_y"": 341, ""sample_1_time"": 109, ""last_x"": 932, ""sample_2_y"": 257, ""sample_1_x"": 824, ""sample_4_time"": 392, ""first_x"": 780}",Q2 (90-180<U+00B0>),Q1 (0-90<U+00B0>),FALSE,TRUE,Formant,45,0.17521589999999776,0.17521589999999776,90.1752159,90.1752159,FALSE
166879,21,righth,2,no,0,"""0-1""",86,225,224.6629699,394,267,"{""first_y"": 387, ""sample_3_time"": 216, ""sample_0_time"": 17, ""sample_3_y"": 513, ""sample_4_x"": 597, ""sample_1_y"": 423, ""sample_0_y"": 387, ""count"": 16, ""last_x"": 597, ""sample_2_y"": 458, ""sample_1_time"": 83, ""sample_4_y"": 534, ""sample_1_x"": 713, ""first_time"": 17, ""sample_3_x"": 622, ""sample_2_time"": 150, ""sample_0_x"": 743, ""first_x"": 743, ""last_time"": 266, ""sample_2_x"": 683, ""last_y"": 534, ""sample_4_time"": 266}",Q3 (180-270<U+00B0>),Q3 (180-270<U+00B0>),TRUE,TRUE,Correct,225,0.33703009999999267,0.33703009999999267,0.33703009999999267,0.33703009999999267,TRUE
166879,21,righth,2,no,0,"""0-1""",87,135,43.98302197,369,448,"{""sample_3_x"": 904, ""last_time"": 447, ""count"": 23, ""sample_3_time"": 364, ""sample_1_x"": 856, ""sample_2_time"": 264, ""first_time"": 14, ""sample_0_time"": 14, ""sample_1_time"": 98, ""sample_3_y"": 277, ""sample_4_x"": 940, ""sample_2_y"": 425, ""sample_2_x"": 849, ""sample_0_x"": 786, ""last_y"": 199, ""sample_4_y"": 199, ""first_y"": 381, ""sample_1_y"": 449, ""last_x"": 940, ""sample_4_time"": 447, ""sample_0_y"": 381, ""first_x"": 786}",Q2 (90-180<U+00B0>),Q1 (0-90<U+00B0>),FALSE,TRUE,Formant,45,1.016978029999997,1.016978029999997,91.01697802999999,91.01697802999999,FALSE
166879,21,righth,2,no,0,"""0-1""",88,315,316.636577,483,267,"{""sample_2_y"": 465, ""count"": 16, ""first_time"": 16, ""first_x"": 790, ""sample_2_x"": 864, ""last_y"": 535, ""sample_3_time"": 216, ""first_y"": 387, ""sample_3_x"": 908, ""sample_1_time"": 83, ""sample_0_time"": 16, ""last_x"": 948, ""sample_2_time"": 150, ""sample_0_x"": 790, ""sample_3_y"": 501, ""last_time"": 267, ""sample_1_y"": 429, ""sample_0_y"": 387, ""sample_1_x"": 826, ""sample_4_x"": 948, ""sample_4_y"": 535, ""sample_4_time"": 267}",Q4 (270-360<U+00B0>),Q4 (270-360<U+00B0>),TRUE,TRUE,Correct,315,1.6365769999999884,1.6365769999999884,1.6365769999999884,1.6365769999999884,TRUE
166879,21,righth,2,no,0,"""0-1""",89,315,315,485,601,"{""sample_3_x"": 868, ""sample_2_x"": 889, ""sample_2_y"": 217, ""last_time"": 600, ""sample_3_time"": 483, ""sample_1_time"": 134, ""sample_2_time"": 266, ""sample_0_x"": 776, ""last_x"": 932, ""sample_4_y"": 529, ""last_y"": 529, ""sample_1_x"": 830, ""sample_3_y"": 397, ""count"": 31, ""sample_0_time"": 17, ""sample_1_y"": 294, ""sample_0_y"": 350, ""sample_4_time"": 600, ""sample_4_x"": 932, ""first_x"": 776, ""first_time"": 17, ""first_y"": 350}",Q4 (270-360<U+00B0>),Q4 (270-360<U+00B0>),TRUE,TRUE,Correct,315,0,0,0,0,TRUE
166879,21,righth,2,no,0,"""0-1""",90,45,134.6668888,470,334,"{""sample_4_time"": 333, ""count"": 20, ""last_time"": 333, ""first_y"": 346, ""last_x"": 597, ""sample_2_time"": 183, ""sample_0_x"": 761, ""first_x"": 761, ""sample_0_time"": 16, ""sample_0_y"": 346, ""last_y"": 192, ""sample_4_y"": 192, ""sample_2_y"": 299, ""sample_1_x"": 743, ""sample_3_time"": 266, ""sample_2_x"": 722, ""sample_1_time"": 99, ""sample_4_x"": 597, ""first_time"": 16, ""sample_1_y"": 323, ""sample_3_x"": 649, ""sample_3_y"": 236}",Q1 (0-90<U+00B0>),Q2 (90-180<U+00B0>),FALSE,TRUE,Formant,135,0.3331111999999905,0.3331111999999905,89.66688880000001,89.66688880000001,FALSE
166879,21,righth,2,no,0,"""0-1""",91,45,45.82080029,299,301,"{""sample_4_time"": 300, ""sample_0_x"": 789, ""count"": 18, ""last_y"": 188, ""sample_1_y"": 317, ""sample_3_x"": 894, ""sample_1_time"": 83, ""sample_0_time"": 17, ""sample_1_x"": 804, ""last_x"": 940, ""sample_2_x"": 853, ""first_time"": 17, ""sample_0_y"": 340, ""last_time"": 300, ""sample_3_y"": 228, ""first_x"": 789, ""sample_2_y"": 268, ""sample_4_y"": 188, ""sample_3_time"": 234, ""sample_2_time"": 167, ""first_y"": 340, ""sample_4_x"": 940}",Q1 (0-90<U+00B0>),Q1 (0-90<U+00B0>),TRUE,TRUE,Correct,45,0.8208002900000011,0.8208002900000011,0.8208002900000011,0.8208002900000011,TRUE
166879,21,righth,2,no,0,"""0-1""",92,225,223.433029,377,468,"{""sample_3_y"": 457, ""sample_3_time"": 383, ""sample_0_y"": 340, ""sample_1_y"": 300, ""sample_4_time"": 467, ""last_x"": 599, ""sample_1_x"": 718, ""sample_1_time"": 100, ""sample_4_y"": 525, ""sample_0_x"": 748, ""sample_4_x"": 599, ""sample_2_y"": 350, ""count"": 23, ""first_time"": 16, ""first_x"": 748, ""first_y"": 340, ""sample_2_time"": 283, ""sample_0_time"": 16, ""sample_3_x"": 662, ""last_time"": 467, ""last_y"": 525, ""sample_2_x"": 712}",Q3 (180-270<U+00B0>),Q3 (180-270<U+00B0>),TRUE,TRUE,Correct,225,1.5669709999999952,1.5669709999999952,1.5669709999999952,1.5669709999999952,TRUE
166879,21,righth,2,no,0,"""0-1""",93,315,219.4072646,466,650,"{""last_y"": 517, ""sample_1_y"": 325, ""sample_2_y"": 274, ""sample_4_y"": 517, ""first_y"": 351, ""sample_2_time"": 300, ""sample_3_x"": 670, ""sample_0_time"": 16, ""sample_4_time"": 650, ""sample_1_time"": 150, ""sample_2_x"": 680, ""sample_3_time"": 516, ""first_x"": 751, ""sample_0_x"": 751, ""last_time"": 650, ""first_time"": 16, ""last_x"": 583, ""sample_3_y"": 410, ""sample_0_y"": 351, ""count"": 35, ""sample_1_x"": 725, ""sample_4_x"": 583}",Q4 (270-360<U+00B0>),Q3 (180-270<U+00B0>),FALSE,TRUE,Formant,225,5.592735400000009,5.592735400000009,95.59273540000001,95.59273540000001,FALSE
166879,21,righth,2,no,0,"""0-1""",94,225,234.9683562,561,467,"{""sample_0_x"": 751, ""first_y"": 356, ""sample_3_x"": 660, ""count"": 25, ""sample_1_time"": 116, ""sample_0_time"": 16, ""first_time"": 16, ""sample_1_y"": 332, ""sample_1_x"": 718, ""sample_2_y"": 385, ""sample_2_time"": 267, ""sample_4_x"": 632, ""sample_4_time"": 467, ""last_x"": 632, ""sample_0_y"": 356, ""first_x"": 751, ""sample_3_time"": 367, ""sample_3_y"": 502, ""last_time"": 467, ""sample_2_x"": 700, ""sample_4_y"": 559, ""last_y"": 559}",Q3 (180-270<U+00B0>),Q3 (180-270<U+00B0>),TRUE,TRUE,Correct,225,9.968356199999988,9.968356199999988,9.968356199999988,9.968356199999988,TRUE
166879,21,righth,2,no,0,"""0-1""",95,315,313.5056664,461,250,"{""sample_1_y"": 425, ""count"": 15, ""first_time"": 16, ""last_time"": 250, ""sample_0_time"": 16, ""sample_2_time"": 133, ""sample_3_y"": 505, ""sample_3_x"": 901, ""first_y"": 394, ""sample_0_x"": 781, ""sample_3_time"": 199, ""last_y"": 542, ""sample_4_time"": 250, ""first_x"": 781, ""sample_2_y"": 471, ""sample_1_x"": 810, ""last_x"": 936, ""sample_2_x"": 866, ""sample_4_y"": 542, ""sample_0_y"": 394, ""sample_4_x"": 936, ""sample_1_time"": 66}",Q4 (270-360<U+00B0>),Q4 (270-360<U+00B0>),TRUE,TRUE,Correct,315,1.4943336000000045,1.4943336000000045,1.4943336000000045,1.4943336000000045,TRUE
166879,21,righth,2,no,0,"""0-1""",96,225,225.1741508,432,284,"{""sample_2_x"": 675, ""sample_3_time"": 217, ""sample_2_y"": 458, ""sample_4_x"": 604, ""sample_0_y"": 383, ""sample_3_y"": 502, ""sample_2_time"": 150, ""sample_1_x"": 709, ""sample_4_y"": 530, ""sample_0_time"": 17, ""first_x"": 753, ""sample_0_x"": 753, ""sample_1_y"": 423, ""last_y"": 530, ""last_time"": 283, ""first_time"": 17, ""sample_3_x"": 634, ""last_x"": 604, ""sample_4_time"": 283, ""count"": 17, ""sample_1_time"": 84, ""first_y"": 383}",Q3 (180-270<U+00B0>),Q3 (180-270<U+00B0>),TRUE,TRUE,Correct,225,0.1741508000000067,0.1741508000000067,0.1741508000000067,0.1741508000000067,TRUE
166879,21,righth,2,no,0,"""0-1""",97,45,41.14131966,558,334,"{""first_time"": 16, ""first_x"": 747, ""sample_4_time"": 333, ""count"": 19, ""sample_1_time"": 83, ""sample_2_time"": 183, ""sample_0_y"": 377, ""sample_0_x"": 747, ""sample_1_x"": 704, ""sample_3_time"": 266, ""last_y"": 206, ""sample_4_y"": 206, ""last_time"": 333, ""sample_1_y"": 429, ""sample_2_y"": 417, ""first_y"": 377, ""sample_3_x"": 860, ""last_x"": 950, ""sample_4_x"": 950, ""sample_2_x"": 721, ""sample_3_y"": 296, ""sample_0_time"": 16}",Q1 (0-90<U+00B0>),Q1 (0-90<U+00B0>),TRUE,TRUE,Correct,45,3.8586803399999994,3.8586803399999994,3.8586803399999994,3.8586803399999994,TRUE
166879,21,righth,2,no,0,"""0-1""",98,315,242.1155096,391,400,"{""last_time"": 399, ""sample_1_x"": 747, ""sample_2_y"": 497, ""sample_2_x"": 701, ""last_x"": 659, ""sample_0_time"": 16, ""sample_3_y"": 549, ""sample_1_y"": 374, ""sample_0_y"": 350, ""sample_4_y"": 571, ""sample_3_x"": 673, ""sample_4_time"": 399, ""first_y"": 350, ""sample_1_time"": 183, ""first_time"": 16, ""last_y"": 571, ""sample_3_time"": 333, ""sample_2_time"": 266, ""sample_0_x"": 762, ""count"": 18, ""sample_4_x"": 659, ""first_x"": 762}",Q4 (270-360<U+00B0>),Q3 (180-270<U+00B0>),FALSE,TRUE,Formant,225,17.115509599999996,17.115509599999996,72.8844904,72.8844904,FALSE
166879,21,righth,2,no,0,"""0-1""",99,315,221.0724234,412,400,"{""first_x"": 753, ""sample_1_time"": 116, ""sample_3_x"": 637, ""sample_2_time"": 217, ""last_y"": 521, ""first_y"": 381, ""sample_1_x"": 717, ""sample_0_y"": 381, ""sample_2_x"": 676, ""sample_3_y"": 486, ""sample_1_y"": 423, ""sample_4_time"": 400, ""sample_4_y"": 521, ""sample_0_time"": 16, ""last_time"": 400, ""count"": 24, ""first_time"": 16, ""last_x"": 589, ""sample_4_x"": 589, ""sample_2_y"": 462, ""sample_0_x"": 753, ""sample_3_time"": 316}",Q4 (270-360<U+00B0>),Q3 (180-270<U+00B0>),FALSE,TRUE,Formant,225,3.927576600000009,3.927576600000009,93.92757660000001,93.92757660000001,FALSE
166879,21,righth,2,no,0,"""0-1""",100,45,227.4292733,450,534,"{""count"": 22, ""sample_0_x"": 753, ""sample_2_time"": 366, ""sample_4_time"": 533, ""sample_4_x"": 610, ""sample_3_x"": 636, ""first_time"": 16, ""sample_3_time"": 450, ""first_x"": 753, ""sample_1_x"": 736, ""sample_2_x"": 681, ""sample_3_y"": 509, ""last_time"": 533, ""first_y"": 352, ""sample_1_y"": 381, ""sample_2_y"": 458, ""sample_0_time"": 16, ""last_x"": 610, ""sample_0_y"": 352, ""sample_4_y"": 537, ""last_y"": 537, ""sample_1_time"": 266}",Q1 (0-90<U+00B0>),Q3 (180-270<U+00B0>),FALSE,FALSE,Both,225,2.4292733000000055,2.4292733000000055,182.4292733,177.5707267,FALSE
166954,18,righth,1,yes,2,"""1-5""",21,225,224.1791997,3465,1901,"{""first_y"": 403, ""first_x"": 713, ""sample_1_y"": 415, ""sample_0_y"": 403, ""sample_2_x"": 637, ""sample_0_time"": 17, ""sample_4_x"": 543, ""sample_3_x"": 580, ""last_time"": 1900, ""sample_3_y"": 509, ""first_time"": 17, ""sample_2_y"": 460, ""sample_1_x"": 697, ""last_y"": 561, ""last_x"": 543, ""sample_1_time"": 534, ""sample_4_y"": 561, ""sample_3_time"": 1450, ""count"": 110, ""sample_0_x"": 713, ""sample_2_time"": 1000, ""sample_4_time"": 1900}",Q3 (180-270<U+00B0>),Q3 (180-270<U+00B0>),TRUE,TRUE,Correct,225,0.8208003000000019,0.8208003000000019,0.8208003000000019,0.8208003000000019,TRUE
166954,18,righth,1,yes,2,"""1-5""",22,225,229.7500548,2599,2616,"{""first_time"": 16, ""sample_2_y"": 482, ""count"": 134, ""first_y"": 398, ""sample_0_y"": 398, ""last_x"": 560, ""sample_4_time"": 2616, ""sample_0_x"": 703, ""sample_1_time"": 566, ""sample_2_time"": 1133, ""sample_0_time"": 16, ""sample_1_y"": 416, ""last_time"": 2616, ""last_y"": 578, ""sample_4_y"": 578, ""sample_3_y"": 554, ""sample_1_x"": 671, ""sample_2_x"": 598, ""sample_3_time"": 1683, ""first_x"": 703, ""sample_3_x"": 575, ""sample_4_x"": 560}",Q3 (180-270<U+00B0>),Q3 (180-270<U+00B0>),TRUE,TRUE,Correct,225,4.750054799999987,4.750054799999987,4.750054799999987,4.750054799999987,TRUE
166954,18,righth,1,yes,2,"""1-5""",23,135,124.5922887,3015,2867,"{""first_y"": 375, ""last_y"": 186, ""sample_4_y"": 186, ""count"": 151, ""sample_2_time"": 1267, ""sample_4_time"": 2867, ""sample_0_x"": 730, ""sample_3_time"": 2017, ""sample_1_x"": 740, ""sample_4_x"": 580, ""sample_0_time"": 17, ""sample_3_x"": 721, ""last_time"": 2867, ""first_time"": 17, ""sample_2_x"": 778, ""sample_2_y"": 225, ""first_x"": 730, ""last_x"": 580, ""sample_1_time"": 634, ""sample_3_y"": 216, ""sample_1_y"": 316, ""sample_0_y"": 375}",Q2 (90-180<U+00B0>),Q2 (90-180<U+00B0>),TRUE,TRUE,Correct,135,10.407711300000003,10.407711300000003,10.407711300000003,10.407711300000003,TRUE
166954,18,righth,1,yes,2,"""1-5""",24,45,43.08375563,2798,8001,"{""last_x"": 859, ""sample_1_y"": 213, ""sample_1_time"": 1767, ""sample_0_y"": 373, ""sample_1_x"": 807, ""sample_2_time"": 3584, ""sample_4_y"": 259, ""first_y"": 373, ""sample_4_x"": 859, ""count"": 406, ""first_x"": 718, ""sample_0_time"": 17, ""sample_2_y"": 357, ""first_time"": 17, ""sample_3_time"": 6017, ""sample_4_time"": 8000, ""sample_3_x"": 849, ""sample_3_y"": 194, ""last_y"": 259, ""sample_2_x"": 745, ""sample_0_x"": 718, ""last_time"": 8000}",Q1 (0-90<U+00B0>),Q1 (0-90<U+00B0>),TRUE,TRUE,Correct,45,1.9162443700000011,1.9162443700000011,1.9162443700000011,1.9162443700000011,TRUE
166954,18,righth,1,yes,2,"""1-5""",25,135,113.8059435,3031,8002,"{""sample_1_time"": 1617, ""sample_0_x"": 735, ""first_x"": 735, ""sample_4_time"": 7550, ""count"": 377, ""last_y"": 355, ""sample_3_y"": 325, ""sample_3_time"": 5583, ""sample_1_y"": 360, ""sample_0_y"": 386, ""sample_2_time"": 3633, ""sample_0_time"": 16, ""sample_3_x"": 666, ""last_time"": 7550, ""first_time"": 16, ""sample_4_y"": 355, ""sample_1_x"": 725, ""sample_2_x"": 610, ""sample_2_y"": 199, ""last_x"": 705, ""first_y"": 386, ""sample_4_x"": 705}",Q2 (90-180<U+00B0>),Q2 (90-180<U+00B0>),TRUE,TRUE,Correct,135,21.194056500000002,21.194056500000002,21.194056500000002,21.194056500000002,TRUE
166954,18,righth,1,yes,2,"""1-5""",26,135,122.4711923,3603,7433,"{""sample_3_y"": 346, ""sample_0_x"": 704, ""sample_4_time"": 7433, ""sample_1_x"": 602, ""sample_2_x"": 570, ""sample_0_y"": 383, ""last_y"": 180, ""sample_4_y"": 180, ""last_time"": 7433, ""sample_2_y"": 213, ""count"": 294, ""first_time"": 16, ""sample_4_x"": 587, ""sample_2_time"": 3083, ""sample_1_y"": 269, ""sample_3_time"": 5816, ""first_y"": 383, ""sample_0_time"": 16, ""first_x"": 704, ""sample_3_x"": 703, ""sample_1_time"": 1233, ""last_x"": 587}",Q2 (90-180<U+00B0>),Q2 (90-180<U+00B0>),TRUE,TRUE,Correct,135,12.528807700000002,12.528807700000002,12.528807700000002,12.528807700000002,TRUE
166954,18,righth,1,yes,2,"""1-5""",27,225,247.5925552,3215,8002,"{""first_y"": 404, ""sample_2_y"": 562, ""sample_3_x"": 727, ""first_time"": 17, ""sample_1_y"": 532, ""sample_3_y"": 548, ""last_time"": 7817, ""sample_4_y"": 600, ""count"": 349, ""sample_4_time"": 7817, ""sample_2_time"": 3467, ""sample_4_x"": 633, ""sample_1_time"": 1467, ""sample_3_time"": 5983, ""sample_2_x"": 697, ""sample_0_time"": 17, ""sample_1_x"": 697, ""sample_0_y"": 404, ""last_y"": 600, ""first_x"": 715, ""last_x"": 633, ""sample_0_x"": 715}",Q3 (180-270<U+00B0>),Q3 (180-270<U+00B0>),TRUE,TRUE,Correct,225,22.592555199999993,22.592555199999993,22.592555199999993,22.592555199999993,TRUE
166954,18,righth,1,yes,2,"""1-5""",28,225,228.2892427,3049,1634,"{""sample_4_time"": 1634, ""last_y"": 573, ""first_x"": 707, ""count"": 98, ""sample_3_y"": 513, ""sample_0_time"": 17, ""sample_3_time"": 1234, ""sample_2_time"": 834, ""sample_2_x"": 639, ""sample_0_y"": 399, ""sample_4_y"": 573, ""first_y"": 399, ""sample_4_x"": 556, ""sample_1_time"": 417, ""last_x"": 556, ""first_time"": 17, ""sample_2_y"": 461, ""sample_0_x"": 707, ""sample_3_x"": 591, ""last_time"": 1634, ""sample_1_x"": 681, ""sample_1_y"": 414}",Q3 (180-270<U+00B0>),Q3 (180-270<U+00B0>),TRUE,TRUE,Correct,225,3.2892426999999884,3.2892426999999884,3.2892426999999884,3.2892426999999884,TRUE
166954,18,righth,1,yes,2,"""1-5""",29,315,307.2864186,2981,2167,"{""sample_2_time"": 884, ""first_time"": 17, ""sample_0_y"": 402, ""sample_1_time"": 450, ""sample_3_x"": 838, ""sample_4_x"": 870, ""sample_4_y"": 586, ""sample_0_time"": 17, ""sample_1_x"": 768, ""last_x"": 870, ""sample_0_x"": 731, ""sample_2_x"": 805, ""last_time"": 2167, ""last_y"": 586, ""sample_2_y"": 462, ""first_x"": 731, ""sample_4_time"": 2167, ""sample_3_y"": 543, ""first_y"": 402, ""sample_1_y"": 417, ""sample_3_time"": 1317, ""count"": 105}",Q4 (270-360<U+00B0>),Q4 (270-360<U+00B0>),TRUE,TRUE,Correct,315,7.71358140000001,7.71358140000001,7.71358140000001,7.71358140000001,TRUE
166954,18,righth,1,yes,2,"""1-5""",30,135,141.2317456,3148,1517,"{""first_x"": 707, ""sample_0_y"": 401, ""sample_2_time"": 650, ""sample_1_time"": 334, ""sample_1_y"": 399, ""count"": 77, ""sample_3_time"": 1200, ""last_y"": 234, ""sample_0_time"": 17, ""sample_3_x"": 556, ""sample_2_y"": 363, ""sample_2_x"": 595, ""first_time"": 17, ""first_y"": 401, ""sample_4_y"": 234, ""sample_1_x"": 662, ""sample_4_time"": 1517, ""sample_0_x"": 707, ""sample_4_x"": 527, ""last_x"": 527, ""last_time"": 1517, ""sample_3_y"": 298}",Q2 (90-180<U+00B0>),Q2 (90-180<U+00B0>),TRUE,TRUE,Correct,135,6.231745600000011,6.231745600000011,6.231745600000011,6.231745600000011,TRUE
166954,18,righth,1,yes,2,"""1-5""",31,45,35.67160878,2949,1367,"{""sample_0_time"": 17, ""last_x"": 922, ""sample_2_y"": 369, ""sample_1_x"": 755, ""first_time"": 17, ""last_time"": 1367, ""last_y"": 244, ""sample_0_x"": 736, ""sample_4_y"": 244, ""count"": 82, ""sample_1_y"": 390, ""sample_0_y"": 391, ""sample_2_time"": 700, ""sample_3_y"": 326, ""first_y"": 391, ""sample_4_time"": 1367, ""sample_3_x"": 875, ""sample_4_x"": 922, ""sample_3_time"": 1033, ""sample_1_time"": 350, ""sample_2_x"": 821, ""first_x"": 736}",Q1 (0-90<U+00B0>),Q1 (0-90<U+00B0>),TRUE,TRUE,Correct,45,9.32839122,9.32839122,9.32839122,9.32839122,TRUE
166954,18,righth,1,yes,2,"""1-5""",32,315,314.6725991,2998,3517,"{""sample_2_time"": 1700, ""first_y"": 386, ""sample_3_y"": 455, ""sample_0_y"": 386, ""sample_1_y"": 426, ""count"": 176, ""sample_2_x"": 696, ""sample_4_time"": 3517, ""sample_1_time"": 750, ""sample_2_y"": 410, ""last_y"": 565, ""last_x"": 894, ""sample_4_x"": 894, ""sample_3_time"": 2800, ""sample_4_y"": 565, ""first_time"": 17, ""first_x"": 700, ""sample_3_x"": 842, ""sample_1_x"": 617, ""sample_0_x"": 700, ""last_time"": 3517, ""sample_0_time"": 17}",Q4 (270-360<U+00B0>),Q4 (270-360<U+00B0>),TRUE,TRUE,Correct,315,0.32740089999998645,0.32740089999998645,0.32740089999998645,0.32740089999998645,TRUE
166954,18,righth,1,yes,2,"""1-5""",33,45,47.46105465,2849,2016,"{""first_x"": 737, ""sample_4_time"": 2016, ""last_time"": 2016, ""sample_2_y"": 333, ""sample_2_x"": 829, ""sample_1_time"": 449, ""count"": 107, ""last_x"": 887, ""sample_4_y"": 207, ""sample_1_x"": 769, ""sample_0_y"": 394, ""first_time"": 16, ""sample_0_x"": 737, ""last_y"": 207, ""sample_1_y"": 383, ""sample_0_time"": 16, ""sample_3_time"": 1348, ""first_y"": 394, ""sample_3_x"": 866, ""sample_4_x"": 887, ""sample_2_time"": 900, ""sample_3_y"": 250}",Q1 (0-90<U+00B0>),Q1 (0-90<U+00B0>),TRUE,TRUE,Correct,45,2.4610546500000012,2.4610546500000012,2.4610546500000012,2.4610546500000012,TRUE
166954,18,righth,1,yes,2,"""1-5""",34,135,136.1490449,3031,2149,"{""sample_1_time"": 433, ""last_time"": 2149, ""sample_0_time"": 16, ""sample_2_y"": 331, ""count"": 101, ""sample_1_y"": 385, ""sample_2_x"": 572, ""sample_0_x"": 703, ""first_y"": 394, ""last_x"": 542, ""sample_2_time"": 1050, ""sample_3_x"": 555, ""sample_1_x"": 664, ""sample_4_y"": 218, ""first_time"": 16, ""sample_4_x"": 542, ""sample_3_y"": 285, ""first_x"": 703, ""sample_0_y"": 394, ""sample_3_time"": 1466, ""sample_4_time"": 2149, ""last_y"": 218}",Q2 (90-180<U+00B0>),Q2 (90-180<U+00B0>),TRUE,TRUE,Correct,135,1.149044900000007,1.149044900000007,1.149044900000007,1.149044900000007,TRUE
166954,18,righth,1,yes,2,"""1-5""",35,135,140.8726283,2532,5366,"{""sample_2_y"": 224, ""sample_4_time"": 5366, ""sample_0_y"": 372, ""sample_2_time"": 2449, ""sample_4_x"": 527, ""last_x"": 527, ""sample_0_x"": 724, ""sample_3_time"": 3966, ""first_time"": 16, ""sample_3_x"": 714, ""sample_3_y"": 378, ""sample_1_y"": 319, ""sample_1_time"": 1133, ""last_time"": 5366, ""first_x"": 724, ""sample_2_x"": 589, ""last_y"": 232, ""count"": 239, ""sample_4_y"": 232, ""first_y"": 372, ""sample_0_time"": 16, ""sample_1_x"": 776}",Q2 (90-180<U+00B0>),Q2 (90-180<U+00B0>),TRUE,TRUE,Correct,135,5.872628300000002,5.872628300000002,5.872628300000002,5.872628300000002,TRUE
166954,18,righth,1,yes,2,"""1-5""",36,45,42.53894535,2999,1250,"{""count"": 75, ""last_time"": 1250, ""sample_4_y"": 222, ""sample_2_time"": 633, ""sample_1_y"": 383, ""sample_1_time"": 316, ""first_time"": 16, ""sample_1_x"": 759, ""sample_3_x"": 852, ""sample_3_y"": 312, ""sample_4_time"": 1250, ""sample_0_time"": 16, ""sample_0_x"": 736, ""first_y"": 385, ""sample_2_x"": 813, ""sample_4_x"": 902, ""sample_3_time"": 950, ""last_x"": 902, ""first_x"": 736, ""sample_0_y"": 385, ""sample_2_y"": 360, ""last_y"": 222}",Q1 (0-90<U+00B0>),Q1 (0-90<U+00B0>),TRUE,TRUE,Correct,45,2.4610546500000012,2.4610546500000012,2.4610546500000012,2.4610546500000012,TRUE
166954,18,righth,1,yes,2,"""1-5""",37,45,43.85095505,2915,3267,"{""sample_4_x"": 898, ""sample_0_y"": 373, ""sample_1_x"": 762, ""sample_3_x"": 879, ""sample_4_time"": 3267, ""sample_3_y"": 222, ""sample_4_y"": 218, ""sample_0_x"": 725, ""sample_2_x"": 845, ""first_x"": 725, ""last_time"": 3267, ""last_y"": 218, ""sample_0_time"": 17, ""count"": 134, ""last_x"": 898, ""first_time"": 17, ""sample_3_time"": 1684, ""sample_1_y"": 347, ""sample_1_time"": 567, ""sample_2_time"": 1134, ""sample_2_y"": 288, ""first_y"": 373}",Q1 (0-90<U+00B0>),Q1 (0-90<U+00B0>),TRUE,TRUE,Correct,45,1.1490449499999968,1.1490449499999968,1.1490449499999968,1.1490449499999968,TRUE
166954,18,righth,1,yes,2,"""1-5""",38,135,144.2461127,2531,1901,"{""sample_3_y"": 309, ""sample_0_y"": 373, ""sample_3_x"": 538, ""sample_4_y"": 245, ""count"": 84, ""sample_1_x"": 686, ""sample_2_time"": 1217, ""sample_0_time"": 17, ""sample_4_x"": 520, ""sample_1_time"": 634, ""sample_2_x"": 579, ""sample_3_time"": 1567, ""last_x"": 520, ""first_time"": 17, ""first_x"": 713, ""sample_4_time"": 1900, ""sample_0_x"": 713, ""last_time"": 1900, ""first_y"": 373, ""last_y"": 245, ""sample_2_y"": 357, ""sample_1_y"": 371}",Q2 (90-180<U+00B0>),Q2 (90-180<U+00B0>),TRUE,TRUE,Correct,135,9.246112699999998,9.246112699999998,9.246112699999998,9.246112699999998,TRUE
166954,18,righth,1,yes,2,"""1-5""",39,45,43.85095505,3431,1667,"{""sample_2_y"": 345, ""sample_1_x"": 752, ""first_y"": 380, ""count"": 89, ""last_time"": 1667, ""sample_1_y"": 374, ""sample_4_time"": 1667, ""sample_2_x"": 789, ""sample_4_y"": 218, ""sample_3_x"": 832, ""sample_0_time"": 17, ""sample_0_x"": 734, ""sample_1_time"": 384, ""last_y"": 218, ""sample_4_x"": 898, ""sample_0_y"": 380, ""first_x"": 734, ""sample_3_time"": 1117, ""sample_2_time"": 750, ""first_time"": 17, ""sample_3_y"": 299, ""last_x"": 898}",Q1 (0-90<U+00B0>),Q1 (0-90<U+00B0>),TRUE,TRUE,Correct,45,1.1490449499999968,1.1490449499999968,1.1490449499999968,1.1490449499999968,TRUE
166954,18,righth,1,yes,2,"""1-5""",40,225,223.863972,2831,2683,"{""sample_4_time"": 2683, ""sample_3_y"": 510, ""sample_1_time"": 617, ""sample_2_y"": 441, ""sample_3_x"": 561, ""sample_0_time"": 17, ""sample_1_y"": 389, ""sample_0_y"": 388, ""last_y"": 562, ""sample_4_y"": 562, ""first_y"": 388, ""sample_3_time"": 1750, ""last_time"": 2683, ""sample_2_x"": 605, ""sample_2_time"": 1067, ""sample_4_x"": 540, ""count"": 107, ""sample_1_x"": 711, ""sample_0_x"": 736, ""last_x"": 540, ""first_time"": 17, ""first_x"": 736}",Q3 (180-270<U+00B0>),Q3 (180-270<U+00B0>),TRUE,TRUE,Correct,225,1.1360280000000103,1.1360280000000103,1.1360280000000103,1.1360280000000103,TRUE
166954,18,righth,1,yes,2,"""1-5""",41,225,224.678117,2632,1467,"{""sample_4_y"": 566, ""sample_4_x"": 541, ""first_x"": 708, ""sample_1_y"": 412, ""sample_3_x"": 617, ""sample_2_x"": 646, ""last_time"": 1466, ""sample_1_x"": 692, ""sample_0_y"": 400, ""first_time"": 16, ""sample_3_y"": 489, ""sample_0_time"": 16, ""last_x"": 541, ""sample_2_time"": 750, ""sample_4_time"": 1466, ""last_y"": 566, ""sample_2_y"": 457, ""sample_0_x"": 708, ""first_y"": 400, ""sample_3_time"": 1116, ""sample_1_time"": 383, ""count"": 88}",Q3 (180-270<U+00B0>),Q3 (180-270<U+00B0>),TRUE,TRUE,Correct,225,0.3218830000000139,0.3218830000000139,0.3218830000000139,0.3218830000000139,TRUE
166954,18,righth,1,yes,2,"""1-5""",42,45,44.01788284,2882,1650,"{""sample_2_time"": 750, ""sample_4_y"": 217, ""sample_0_y"": 389, ""last_time"": 1649, ""sample_3_y"": 275, ""sample_1_x"": 754, ""first_x"": 737, ""sample_3_time"": 1117, ""first_time"": 17, ""sample_3_x"": 846, ""sample_1_time"": 383, ""first_y"": 389, ""sample_2_x"": 794, ""sample_4_time"": 1649, ""sample_4_x"": 898, ""sample_1_y"": 374, ""count"": 88, ""last_x"": 898, ""sample_2_y"": 338, ""sample_0_time"": 17, ""sample_0_x"": 737, ""last_y"": 217}",Q1 (0-90<U+00B0>),Q1 (0-90<U+00B0>),TRUE,TRUE,Correct,45,0.9821171600000014,0.9821171600000014,0.9821171600000014,0.9821171600000014,TRUE
166954,18,righth,1,yes,2,"""1-5""",43,315,314.5103044,2915,1683,"{""sample_3_y"": 526, ""sample_1_time"": 433, ""sample_2_time"": 850, ""first_x"": 736, ""sample_2_y"": 479, ""first_time"": 16, ""sample_1_y"": 417, ""last_x"": 894, ""sample_0_x"": 736, ""count"": 101, ""last_time"": 1683, ""sample_0_y"": 396, ""sample_1_x"": 751, ""last_y"": 566, ""sample_2_x"": 792, ""first_y"": 396, ""sample_4_y"": 566, ""sample_3_x"": 848, ""sample_0_time"": 16, ""sample_3_time"": 1266, ""sample_4_x"": 894, ""sample_4_time"": 1683}",Q4 (270-360<U+00B0>),Q4 (270-360<U+00B0>),TRUE,TRUE,Correct,315,0.48969560000000456,0.48969560000000456,0.48969560000000456,0.48969560000000456,TRUE
166954,18,righth,1,yes,2,"""1-5""",44,45,40.90271639,3298,1583,"{""sample_2_y"": 332, ""sample_3_y"": 282, ""sample_3_x"": 863, ""first_x"": 736, ""sample_1_y"": 369, ""sample_0_time"": 16, ""first_y"": 382, ""first_time"": 16, ""count"": 92, ""sample_0_y"": 382, ""sample_4_x"": 907, ""sample_4_y"": 227, ""sample_3_time"": 1217, ""sample_1_x"": 754, ""sample_2_time"": 833, ""last_x"": 907, ""sample_2_x"": 804, ""last_y"": 227, ""sample_0_x"": 736, ""sample_4_time"": 1583, ""sample_1_time"": 450, ""last_time"": 1583}",Q1 (0-90<U+00B0>),Q1 (0-90<U+00B0>),TRUE,TRUE,Correct,45,4.097283609999998,4.097283609999998,4.097283609999998,4.097283609999998,TRUE
166954,18,righth,1,yes,2,"""1-5""",45,315,311.7107573,3081,1667,"{""sample_3_x"": 856, ""sample_4_y"": 573, ""count"": 100, ""sample_4_x"": 884, ""sample_2_y"": 484, ""first_time"": 16, ""sample_1_y"": 422, ""sample_0_x"": 728, ""first_y"": 404, ""last_x"": 884, ""sample_2_time"": 850, ""sample_0_y"": 404, ""sample_0_time"": 16, ""last_time"": 1666, ""sample_3_y"": 542, ""sample_3_time"": 1266, ""sample_4_time"": 1666, ""sample_1_x"": 747, ""first_x"": 728, ""last_y"": 573, ""sample_1_time"": 433, ""sample_2_x"": 803}",Q4 (270-360<U+00B0>),Q4 (270-360<U+00B0>),TRUE,TRUE,Correct,315,3.2892426999999884,3.2892426999999884,3.2892426999999884,3.2892426999999884,TRUE
166954,18,righth,1,yes,2,"""1-5""",46,45,40.90271639,2848,1534,"{""sample_4_x"": 907, ""last_x"": 907, ""sample_2_y"": 359, ""first_y"": 388, ""sample_4_time"": 1534, ""sample_3_time"": 1167, ""sample_2_time"": 784, ""sample_3_y"": 299, ""last_y"": 227, ""sample_4_y"": 227, ""count"": 92, ""sample_0_x"": 739, ""first_x"": 739, ""sample_2_x"": 827, ""sample_1_time"": 400, ""sample_1_x"": 772, ""sample_0_time"": 17, ""sample_1_y"": 385, ""first_time"": 17, ""sample_0_y"": 388, ""sample_3_x"": 876, ""last_time"": 1534}",Q1 (0-90<U+00B0>),Q1 (0-90<U+00B0>),TRUE,TRUE,Correct,45,4.097283609999998,4.097283609999998,4.097283609999998,4.097283609999998,TRUE
166954,18,righth,1,yes,2,"""1-5""",47,225,223.2151567,2965,4050,"{""sample_2_y"": 515, ""sample_4_x"": 538, ""sample_3_y"": 475, ""last_y"": 560, ""sample_3_x"": 601, ""sample_1_y"": 426, ""first_x"": 705, ""last_time"": 4050, ""sample_0_x"": 705, ""first_y"": 400, ""sample_4_y"": 560, ""sample_0_time"": 16, ""last_x"": 538, ""sample_4_time"": 4050, ""sample_0_y"": 400, ""sample_1_time"": 833, ""sample_2_x"": 837, ""sample_2_time"": 1933, ""count"": 196, ""sample_3_time"": 2750, ""sample_1_x"": 684, ""first_time"": 16}",Q3 (180-270<U+00B0>),Q3 (180-270<U+00B0>),TRUE,TRUE,Correct,225,1.7848433000000057,1.7848433000000057,1.7848433000000057,1.7848433000000057,TRUE
166954,18,righth,1,yes,2,"""1-5""",48,315,312.0390639,3115,1651,"{""sample_1_y"": 421, ""sample_0_time"": 17, ""last_y"": 572, ""sample_2_x"": 797, ""count"": 99, ""last_time"": 1650, ""sample_1_x"": 750, ""first_y"": 400, ""sample_0_x"": 732, ""sample_4_time"": 1650, ""sample_2_y"": 492, ""sample_3_x"": 835, ""sample_1_time"": 417, ""sample_3_y"": 539, ""sample_4_y"": 572, ""sample_3_time"": 1250, ""first_time"": 17, ""sample_2_time"": 834, ""first_x"": 732, ""sample_4_x"": 885, ""sample_0_y"": 400, ""last_x"": 885}",Q4 (270-360<U+00B0>),Q4 (270-360<U+00B0>),TRUE,TRUE,Correct,315,2.9609361000000263,2.9609361000000263,2.9609361000000263,2.9609361000000263,TRUE
166954,18,righth,1,yes,2,"""1-5""",49,135,140.7268473,3365,3234,"{""sample_4_time"": 3233, ""first_time"": 17, ""sample_0_y"": 394, ""last_x"": 528, ""count"": 157, ""sample_1_time"": 667, ""sample_0_time"": 17, ""sample_1_x"": 824, ""sample_2_time"": 1317, ""sample_1_y"": 353, ""sample_3_y"": 304, ""sample_2_y"": 391, ""last_time"": 3233, ""last_y"": 232, ""sample_3_x"": 553, ""sample_4_y"": 232, ""sample_4_x"": 528, ""sample_0_x"": 739, ""sample_2_x"": 731, ""sample_3_time"": 2317, ""first_y"": 394, ""first_x"": 739}",Q2 (90-180<U+00B0>),Q2 (90-180<U+00B0>),TRUE,TRUE,Correct,135,5.726847300000003,5.726847300000003,5.726847300000003,5.726847300000003,TRUE
166954,18,righth,1,yes,2,"""1-5""",50,315,314.1791997,2615,1567,"{""last_x"": 892, ""sample_0_y"": 397, ""sample_4_y"": 566, ""sample_1_x"": 761, ""last_y"": 566, ""sample_0_x"": 734, ""count"": 94, ""sample_3_time"": 1183, ""sample_3_y"": 520, ""first_x"": 734, ""first_y"": 397, ""sample_1_y"": 411, ""sample_2_y"": 456, ""last_time"": 1567, ""sample_3_x"": 854, ""sample_2_time"": 800, ""sample_1_time"": 400, ""sample_2_x"": 801, ""sample_4_x"": 892, ""first_time"": 17, ""sample_4_time"": 1567, ""sample_0_time"": 17}",Q4 (270-360<U+00B0>),Q4 (270-360<U+00B0>),TRUE,TRUE,Correct,315,0.8208002999999735,0.8208002999999735,0.8208002999999735,0.8208002999999735,TRUE
166954,18,righth,1,yes,2,"""1-5""",51,45,45.816124,2665,2317,"{""sample_0_x"": 741, ""sample_2_y"": 326, ""first_time"": 17, ""sample_2_time"": 850, ""sample_1_y"": 364, ""sample_3_time"": 1267, ""count"": 101, ""sample_4_y"": 211, ""sample_2_x"": 838, ""last_x"": 893, ""first_y"": 389, ""sample_4_time"": 2317, ""sample_0_y"": 389, ""first_x"": 741, ""last_time"": 2317, ""sample_1_time"": 433, ""sample_0_time"": 17, ""last_y"": 211, ""sample_3_x"": 869, ""sample_3_y"": 274, ""sample_4_x"": 893, ""sample_1_x"": 793}",Q1 (0-90<U+00B0>),Q1 (0-90<U+00B0>),TRUE,TRUE,Correct,45,0.8161240000000021,0.8161240000000021,0.8161240000000021,0.8161240000000021,TRUE
166954,18,righth,1,yes,2,"""1-5""",52,315,313.5227858,2931,1717,"{""sample_2_time"": 867, ""count"": 103, ""last_time"": 1717, ""sample_4_time"": 1717, ""sample_4_x"": 890, ""sample_2_x"": 821, ""sample_0_x"": 736, ""first_x"": 736, ""first_y"": 398, ""sample_3_x"": 858, ""sample_1_y"": 414, ""last_y"": 568, ""sample_2_y"": 455, ""sample_4_y"": 568, ""sample_1_x"": 771, ""sample_0_y"": 398, ""sample_3_time"": 1300, ""sample_0_time"": 17, ""first_time"": 17, ""sample_3_y"": 511, ""sample_1_time"": 434, ""last_x"": 890}",Q4 (270-360<U+00B0>),Q4 (270-360<U+00B0>),TRUE,TRUE,Correct,315,1.4772141999999917,1.4772141999999917,1.4772141999999917,1.4772141999999917,TRUE
166954,18,righth,1,yes,2,"""1-5""",53,45,316.9414864,8382,7951,"{""last_y"": 560, ""sample_3_y"": 195, ""last_time"": 7951, ""sample_1_y"": 227, ""first_x"": 738, ""sample_2_time"": 3801, ""sample_2_y"": 332, ""last_x"": 903, ""sample_4_x"": 903, ""sample_3_x"": 834, ""sample_1_x"": 894, ""sample_3_time"": 5867, ""sample_0_x"": 738, ""sample_0_time"": 17, ""first_y"": 380, ""sample_2_x"": 864, ""sample_4_y"": 560, ""sample_4_time"": 7951, ""sample_1_time"": 2001, ""count"": 414, ""sample_0_y"": 380, ""first_time"": 17}",Q1 (0-90<U+00B0>),Q4 (270-360<U+00B0>),TRUE,FALSE,Frequency,315,1.9414863999999739,1.9414863999999739,271.9414864,88.05851360000003,FALSE
166954,18,righth,1,yes,2,"""1-5""",54,45,46.46880071,3181,1534,"{""last_x"": 891, ""sample_4_y"": 209, ""sample_2_x"": 796, ""last_time"": 1534, ""first_x"": 735, ""sample_0_x"": 735, ""sample_1_x"": 754, ""sample_3_y"": 276, ""first_time"": 17, ""first_y"": 381, ""sample_2_y"": 347, ""sample_3_x"": 855, ""sample_0_time"": 17, ""sample_3_time"": 1167, ""sample_4_x"": 891, ""last_y"": 209, ""sample_0_y"": 381, ""sample_2_time"": 784, ""count"": 92, ""sample_1_time"": 400, ""sample_1_y"": 375, ""sample_4_time"": 1534}",Q1 (0-90<U+00B0>),Q1 (0-90<U+00B0>),TRUE,TRUE,Correct,45,1.4688007099999965,1.4688007099999965,1.4688007099999965,1.4688007099999965,TRUE
166954,18,righth,1,yes,2,"""1-5""",55,135,139.5224541,3215,1600,"{""sample_4_y"": 226, ""sample_1_y"": 389, ""first_y"": 402, ""sample_0_x"": 707, ""sample_0_time"": 16, ""sample_4_time"": 1600, ""sample_2_y"": 337, ""sample_2_x"": 608, ""first_time"": 16, ""sample_0_y"": 402, ""sample_3_y"": 298, ""sample_4_x"": 529, ""count"": 82, ""first_x"": 707, ""last_x"": 529, ""sample_3_x"": 562, ""sample_1_time"": 350, ""last_time"": 1600, ""sample_3_time"": 1266, ""sample_1_x"": 675, ""sample_2_time"": 699, ""last_y"": 226}",Q2 (90-180<U+00B0>),Q2 (90-180<U+00B0>),TRUE,TRUE,Correct,135,4.5224541000000045,4.5224541000000045,4.5224541000000045,4.5224541000000045,TRUE
166954,18,righth,1,yes,2,"""1-5""",56,135,131.2295127,3132,2916,"{""count"": 130, ""sample_2_x"": 806, ""sample_0_time"": 16, ""sample_4_y"": 203, ""sample_3_y"": 237, ""sample_2_y"": 305, ""last_x"": 557, ""first_time"": 16, ""sample_1_y"": 355, ""sample_1_time"": 549, ""sample_0_y"": 380, ""sample_0_x"": 737, ""sample_2_time"": 1216, ""last_y"": 203, ""sample_3_time"": 2099, ""sample_4_x"": 557, ""last_time"": 2916, ""sample_3_x"": 600, ""sample_4_time"": 2916, ""first_y"": 380, ""sample_1_x"": 765, ""first_x"": 737}",Q2 (90-180<U+00B0>),Q2 (90-180<U+00B0>),TRUE,TRUE,Correct,135,3.7704873000000134,3.7704873000000134,3.7704873000000134,3.7704873000000134,TRUE
166954,18,righth,1,yes,2,"""1-5""",57,315,313.5311993,2898,1700,"{""sample_1_y"": 421, ""first_time"": 17, ""last_y"": 569, ""sample_2_y"": 457, ""last_time"": 1700, ""count"": 102, ""sample_2_time"": 867, ""first_x"": 735, ""sample_3_y"": 521, ""sample_4_time"": 1700, ""last_x"": 891, ""sample_1_time"": 433, ""first_y"": 397, ""sample_0_time"": 17, ""sample_3_x"": 852, ""sample_4_y"": 569, ""sample_2_x"": 813, ""sample_4_x"": 891, ""sample_1_x"": 776, ""sample_0_x"": 735, ""sample_0_y"": 397, ""sample_3_time"": 1283}",Q4 (270-360<U+00B0>),Q4 (270-360<U+00B0>),TRUE,TRUE,Correct,315,1.4688006999999743,1.4688006999999743,1.4688006999999743,1.4688006999999743,TRUE
166954,18,righth,1,yes,2,"""1-5""",58,45,42.86675952,3115,1651,"{""last_x"": 901, ""sample_2_x"": 784, ""last_time"": 1650, ""sample_0_x"": 729, ""sample_1_time"": 417, ""sample_4_y"": 221, ""sample_2_time"": 834, ""sample_4_x"": 901, ""first_y"": 376, ""sample_3_y"": 282, ""count"": 99, ""first_time"": 17, ""first_x"": 729, ""sample_2_y"": 334, ""sample_3_x"": 840, ""sample_0_time"": 17, ""sample_3_time"": 1250, ""sample_4_time"": 1650, ""sample_0_y"": 376, ""last_y"": 221, ""sample_1_x"": 747, ""sample_1_y"": 362}",Q1 (0-90<U+00B0>),Q1 (0-90<U+00B0>),TRUE,TRUE,Correct,45,2.1332404799999978,2.1332404799999978,2.1332404799999978,2.1332404799999978,TRUE
166954,18,righth,1,yes,2,"""1-5""",59,45,45.97653804,3382,4467,"{""sample_4_y"": 210, ""sample_3_y"": 359, ""sample_3_time"": 3550, ""sample_4_time"": 4467, ""sample_0_x"": 734, ""sample_0_time"": 17, ""first_y"": 379, ""first_time"": 17, ""sample_0_y"": 379, ""last_y"": 210, ""sample_3_x"": 760, ""sample_1_time"": 933, ""sample_2_x"": 892, ""sample_1_x"": 794, ""sample_4_x"": 893, ""sample_1_y"": 328, ""count"": 221, ""first_x"": 734, ""last_time"": 4467, ""sample_2_y"": 220, ""sample_2_time"": 2250, ""last_x"": 893}",Q1 (0-90<U+00B0>),Q1 (0-90<U+00B0>),TRUE,TRUE,Correct,45,0.9765380400000012,0.9765380400000012,0.9765380400000012,0.9765380400000012,TRUE
166954,18,righth,1,yes,2,"""1-5""",60,135,142.5729486,3298,1500,"{""sample_3_y"": 292, ""sample_4_y"": 239, ""sample_4_x"": 524, ""last_time"": 1500, ""sample_2_x"": 618, ""sample_2_time"": 883, ""sample_3_x"": 563, ""sample_1_time"": 333, ""sample_1_y"": 366, ""sample_1_x"": 683, ""last_y"": 239, ""sample_2_y"": 334, ""sample_4_time"": 1500, ""sample_3_time"": 1200, ""last_x"": 524, ""first_time"": 16, ""first_y"": 379, ""count"": 76, ""sample_0_time"": 16, ""first_x"": 707, ""sample_0_y"": 379, ""sample_0_x"": 707}",Q2 (90-180<U+00B0>),Q2 (90-180<U+00B0>),TRUE,TRUE,Correct,135,7.5729485999999895,7.5729485999999895,7.5729485999999895,7.5729485999999895,TRUE
166954,18,righth,1,yes,2,"""1-5""",61,225,222.5389453,2832,1567,"{""sample_3_x"": 590, ""count"": 94, ""sample_0_time"": 17, ""last_y"": 556, ""last_time"": 1567, ""sample_1_y"": 422, ""sample_1_x"": 688, ""sample_3_y"": 504, ""sample_0_y"": 405, ""sample_3_time"": 1184, ""sample_0_x"": 712, ""sample_1_time"": 400, ""sample_4_x"": 538, ""sample_2_y"": 464, ""sample_2_x"": 631, ""sample_2_time"": 800, ""first_y"": 405, ""first_time"": 17, ""sample_4_y"": 556, ""last_x"": 538, ""sample_4_time"": 1567, ""first_x"": 712}",Q3 (180-270<U+00B0>),Q3 (180-270<U+00B0>),TRUE,TRUE,Correct,225,2.4610547000000054,2.4610547000000054,2.4610547000000054,2.4610547000000054,TRUE
166954,18,righth,1,yes,2,"""1-5""",62,135,141.017503,3099,1816,"{""sample_2_time"": 782, ""last_y"": 232, ""sample_2_y"": 343, ""sample_0_y"": 393, ""sample_1_y"": 378, ""sample_2_x"": 586, ""first_x"": 702, ""count"": 92, ""sample_1_time"": 399, ""sample_0_time"": 16, ""sample_3_x"": 549, ""last_x"": 526, ""last_time"": 1816, ""first_y"": 393, ""sample_4_time"": 1816, ""sample_4_y"": 232, ""first_time"": 16, ""sample_1_x"": 672, ""sample_4_x"": 526, ""sample_0_x"": 702, ""sample_3_y"": 288, ""sample_3_time"": 1449}",Q2 (90-180<U+00B0>),Q2 (90-180<U+00B0>),TRUE,TRUE,Correct,135,6.017503000000005,6.017503000000005,6.017503000000005,6.017503000000005,TRUE
166954,18,righth,1,yes,2,"""1-5""",63,225,224.3452196,3165,1850,"{""last_y"": 562, ""sample_4_time"": 1849, ""sample_4_x"": 543, ""sample_1_x"": 651, ""sample_4_y"": 562, ""last_time"": 1849, ""first_time"": 16, ""first_y"": 401, ""sample_2_time"": 933, ""sample_2_x"": 606, ""sample_1_y"": 419, ""sample_1_time"": 466, ""sample_0_y"": 401, ""sample_0_time"": 16, ""sample_3_x"": 573, ""sample_0_x"": 709, ""count"": 111, ""sample_3_y"": 505, ""first_x"": 709, ""sample_3_time"": 1400, ""last_x"": 543, ""sample_2_y"": 450}",Q3 (180-270<U+00B0>),Q3 (180-270<U+00B0>),TRUE,TRUE,Correct,225,0.6547803999999928,0.6547803999999928,0.6547803999999928,0.6547803999999928,TRUE
166954,18,righth,1,yes,2,"""1-5""",64,135,135.9821172,3564,2100,"{""sample_0_y"": 394, ""sample_4_y"": 217, ""sample_4_time"": 2100, ""sample_3_time"": 1700, ""sample_1_time"": 648, ""sample_0_time"": 17, ""sample_1_x"": 645, ""sample_4_x"": 542, ""last_time"": 2100, ""count"": 98, ""last_x"": 542, ""sample_3_y"": 263, ""sample_1_y"": 381, ""sample_2_time"": 1067, ""first_y"": 394, ""first_x"": 699, ""sample_3_x"": 549, ""last_y"": 217, ""first_time"": 17, ""sample_2_y"": 331, ""sample_2_x"": 582, ""sample_0_x"": 699}",Q2 (90-180<U+00B0>),Q2 (90-180<U+00B0>),TRUE,TRUE,Correct,135,0.9821172000000047,0.9821172000000047,0.9821172000000047,0.9821172000000047,TRUE
166954,18,righth,1,yes,2,"""1-5""",65,225,225.8115007,2748,1717,"{""last_y"": 568, ""sample_2_time"": 867, ""last_x"": 546, ""sample_0_x"": 705, ""sample_1_time"": 434, ""sample_1_y"": 411, ""sample_3_x"": 562, ""sample_3_time"": 1300, ""sample_2_y"": 448, ""first_y"": 400, ""sample_2_x"": 581, ""sample_4_y"": 568, ""sample_1_x"": 653, ""sample_4_x"": 546, ""sample_4_time"": 1717, ""last_time"": 1717, ""sample_0_time"": 17, ""first_x"": 705, ""sample_3_y"": 486, ""count"": 103, ""sample_0_y"": 400, ""first_time"": 17}",Q3 (180-270<U+00B0>),Q3 (180-270<U+00B0>),TRUE,TRUE,Correct,225,0.8115007000000105,0.8115007000000105,0.8115007000000105,0.8115007000000105,TRUE
166954,18,righth,1,yes,2,"""1-5""",66,45,49.22440322,2882,3900,"{""count"": 171, ""sample_0_y"": 393, ""first_y"": 393, ""sample_1_y"": 402, ""first_x"": 705, ""sample_3_time"": 2183, ""sample_4_x"": 883, ""sample_2_y"": 372, ""last_y"": 200, ""sample_1_x"": 691, ""last_x"": 883, ""sample_4_time"": 3900, ""sample_0_time"": 16, ""sample_3_x"": 854, ""sample_4_y"": 200, ""sample_0_x"": 705, ""first_time"": 16, ""sample_1_time"": 750, ""sample_2_time"": 1467, ""sample_2_x"": 783, ""last_time"": 3900, ""sample_3_y"": 254}",Q1 (0-90<U+00B0>),Q1 (0-90<U+00B0>),TRUE,TRUE,Correct,45,4.224403219999999,4.224403219999999,4.224403219999999,4.224403219999999,TRUE
166954,18,righth,1,yes,2,"""1-5""",67,45,42.21129232,2898,1517,"{""sample_1_x"": 770, ""sample_2_y"": 320, ""sample_1_time"": 383, ""sample_4_y"": 223, ""last_x"": 903, ""sample_0_y"": 379, ""sample_4_time"": 1516, ""last_y"": 223, ""sample_3_x"": 851, ""first_time"": 17, ""first_x"": 740, ""sample_0_x"": 740, ""sample_3_y"": 269, ""sample_2_x"": 804, ""first_y"": 379, ""count"": 91, ""sample_0_time"": 17, ""sample_4_x"": 903, ""sample_2_time"": 766, ""sample_3_time"": 1150, ""last_time"": 1516, ""sample_1_y"": 357}",Q1 (0-90<U+00B0>),Q1 (0-90<U+00B0>),TRUE,TRUE,Correct,45,2.7887076800000017,2.7887076800000017,2.7887076800000017,2.7887076800000017,TRUE
166954,18,righth,1,yes,2,"""1-5""",68,225,231.1964134,2748,3384,"{""sample_2_x"": 656, ""last_time"": 3383, ""sample_2_time"": 1433, ""sample_4_time"": 3383, ""sample_1_x"": 744, ""sample_4_x"": 564, ""first_y"": 398, ""last_y"": 583, ""last_x"": 564, ""sample_3_x"": 585, ""first_time"": 17, ""sample_3_y"": 516, ""sample_4_y"": 583, ""sample_3_time"": 2083, ""count"": 156, ""sample_0_y"": 398, ""first_x"": 734, ""sample_0_time"": 17, ""sample_2_y"": 439, ""sample_1_time"": 783, ""sample_0_x"": 734, ""sample_1_y"": 419}",Q3 (180-270<U+00B0>),Q3 (180-270<U+00B0>),TRUE,TRUE,Correct,225,6.1964134000000115,6.1964134000000115,6.1964134000000115,6.1964134000000115,TRUE
166954,18,righth,1,yes,2,"""1-5""",69,45,43.22520568,2815,1434,"{""sample_0_x"": 735, ""sample_2_time"": 734, ""first_x"": 735, ""sample_3_y"": 280, ""sample_4_x"": 903, ""sample_2_y"": 323, ""sample_4_time"": 1434, ""first_time"": 17, ""last_x"": 903, ""sample_3_x"": 860, ""sample_1_time"": 367, ""last_time"": 1434, ""sample_4_y"": 217, ""sample_0_time"": 17, ""sample_0_y"": 383, ""count"": 86, ""last_y"": 217, ""sample_2_x"": 816, ""sample_1_y"": 371, ""first_y"": 383, ""sample_3_time"": 1084, ""sample_1_x"": 758}",Q1 (0-90<U+00B0>),Q1 (0-90<U+00B0>),TRUE,TRUE,Correct,45,1.774794319999998,1.774794319999998,1.774794319999998,1.774794319999998,TRUE
166954,18,righth,1,yes,2,"""1-5""",70,135,131.5761288,3115,2150,"{""first_time"": 16, ""sample_3_y"": 287, ""first_x"": 705, ""last_time"": 2150, ""sample_3_time"": 1566, ""sample_1_y"": 382, ""sample_4_x"": 555, ""count"": 103, ""first_y"": 395, ""sample_0_y"": 395, ""sample_2_x"": 595, ""sample_1_time"": 433, ""sample_2_y"": 347, ""sample_4_y"": 203, ""last_y"": 203, ""last_x"": 555, ""sample_1_x"": 661, ""sample_2_time"": 866, ""sample_4_time"": 2150, ""sample_3_x"": 559, ""sample_0_time"": 16, ""sample_0_x"": 705}",Q2 (90-180<U+00B0>),Q2 (90-180<U+00B0>),TRUE,TRUE,Correct,135,3.4238712000000078,3.4238712000000078,3.4238712000000078,3.4238712000000078,TRUE
166954,18,righth,1,yes,2,"""1-5""",71,315,309.2403663,2716,1517,"{""first_time"": 16, ""last_x"": 876, ""sample_0_x"": 738, ""count"": 91, ""sample_2_x"": 819, ""sample_4_time"": 1516, ""last_y"": 580, ""sample_3_x"": 860, ""sample_1_time"": 383, ""sample_0_time"": 16, ""sample_4_y"": 580, ""sample_3_y"": 514, ""sample_2_time"": 766, ""sample_0_y"": 399, ""sample_3_time"": 1150, ""sample_2_y"": 461, ""last_time"": 1516, ""sample_1_y"": 421, ""first_x"": 738, ""first_y"": 399, ""sample_4_x"": 876, ""sample_1_x"": 781}",Q4 (270-360<U+00B0>),Q4 (270-360<U+00B0>),TRUE,TRUE,Correct,315,5.759633699999995,5.759633699999995,5.759633699999995,5.759633699999995,TRUE
166954,18,righth,1,yes,2,"""1-5""",72,135,133.0363425,2781,1734,"{""sample_1_y"": 383, ""sample_2_x"": 599, ""count"": 88, ""last_x"": 551, ""first_x"": 705, ""sample_0_y"": 392, ""first_y"": 392, ""last_time"": 1734, ""sample_0_time"": 17, ""sample_1_x"": 672, ""sample_4_time"": 1734, ""sample_0_x"": 705, ""sample_2_time"": 750, ""sample_2_y"": 332, ""sample_4_y"": 208, ""sample_3_time"": 1384, ""sample_3_y"": 281, ""sample_3_x"": 569, ""last_y"": 208, ""first_time"": 17, ""sample_1_time"": 384, ""sample_4_x"": 551}",Q2 (90-180<U+00B0>),Q2 (90-180<U+00B0>),TRUE,TRUE,Correct,135,1.9636575000000107,1.9636575000000107,1.9636575000000107,1.9636575000000107,TRUE
166954,18,righth,1,yes,2,"""1-5""",73,315,223.1947135,2916,2717,"{""first_y"": 400, ""last_time"": 2717, ""sample_1_y"": 415, ""sample_0_x"": 734, ""sample_4_x"": 540, ""sample_1_x"": 742, ""sample_4_time"": 2717, ""last_y"": 558, ""first_time"": 17, ""sample_3_x"": 564, ""count"": 125, ""sample_4_y"": 558, ""sample_2_y"": 465, ""sample_2_time"": 1484, ""sample_2_x"": 639, ""sample_3_time"": 2200, ""sample_1_time"": 735, ""sample_0_y"": 400, ""sample_3_y"": 524, ""first_x"": 734, ""last_x"": 540, ""sample_0_time"": 17}",Q4 (270-360<U+00B0>),Q3 (180-270<U+00B0>),FALSE,TRUE,Formant,225,1.805286499999994,1.805286499999994,91.8052865,91.8052865,FALSE
166954,18,righth,1,yes,2,"""1-5""",74,135,126.5910883,3099,1833,"{""sample_0_time"": 16, ""sample_4_y"": 191, ""sample_4_x"": 573, ""sample_1_y"": 353, ""count"": 96, ""sample_2_y"": 316, ""sample_4_time"": 1832, ""sample_0_x"": 699, ""sample_0_y"": 385, ""sample_1_x"": 631, ""sample_3_y"": 259, ""first_y"": 385, ""first_x"": 699, ""sample_2_time"": 1049, ""last_y"": 191, ""sample_1_time"": 649, ""sample_3_x"": 577, ""first_time"": 16, ""sample_3_time"": 1449, ""sample_2_x"": 591, ""last_x"": 573, ""last_time"": 1832}",Q2 (90-180<U+00B0>),Q2 (90-180<U+00B0>),TRUE,TRUE,Correct,135,8.408911700000004,8.408911700000004,8.408911700000004,8.408911700000004,TRUE
166954,18,righth,1,yes,2,"""1-5""",75,315,299.3704044,3698,1733,"{""sample_2_y"": 459, ""sample_3_time"": 1317, ""sample_0_y"": 402, ""sample_2_time"": 883, ""first_y"": 402, ""count"": 104, ""last_y"": 604, ""first_x"": 736, ""sample_1_time"": 450, ""last_x"": 841, ""sample_2_x"": 787, ""last_time"": 1733, ""first_time"": 17, ""sample_1_y"": 425, ""sample_4_y"": 604, ""sample_1_x"": 762, ""sample_0_time"": 17, ""sample_4_x"": 841, ""sample_3_y"": 498, ""sample_3_x"": 809, ""sample_4_time"": 1733, ""sample_0_x"": 736}",Q4 (270-360<U+00B0>),Q4 (270-360<U+00B0>),TRUE,TRUE,Correct,315,15.629595600000016,15.629595600000016,15.629595600000016,15.629595600000016,TRUE
166954,18,righth,1,yes,2,"""1-5""",76,315,298.332237,2981,3334,"{""last_x"": 837, ""sample_1_y"": 442, ""sample_0_x"": 731, ""first_x"": 731, ""last_y"": 606, ""sample_2_time"": 1200, ""sample_4_y"": 606, ""sample_3_x"": 847, ""sample_4_x"": 837, ""count"": 142, ""last_time"": 3333, ""sample_3_time"": 2267, ""sample_0_time"": 17, ""sample_3_y"": 585, ""sample_1_x"": 751, ""sample_4_time"": 3333, ""sample_1_time"": 600, ""first_time"": 17, ""sample_2_x"": 781, ""sample_2_y"": 515, ""first_y"": 403, ""sample_0_y"": 403}",Q4 (270-360<U+00B0>),Q4 (270-360<U+00B0>),TRUE,TRUE,Correct,315,16.66776299999998,16.66776299999998,16.66776299999998,16.66776299999998,TRUE
166954,18,righth,1,yes,2,"""1-5""",77,315,314.5074983,2665,5800,"{""last_y"": 565, ""sample_3_y"": 557, ""first_y"": 405, ""last_time"": 5800, ""sample_3_x"": 819, ""last_x"": 893, ""sample_1_time"": 967, ""sample_2_y"": 561, ""first_time"": 17, ""sample_2_x"": 855, ""first_x"": 729, ""sample_4_time"": 5800, ""count"": 229, ""sample_4_y"": 565, ""sample_3_time"": 4667, ""sample_0_x"": 729, ""sample_1_y"": 481, ""sample_1_x"": 784, ""sample_4_x"": 893, ""sample_0_time"": 17, ""sample_2_time"": 2683, ""sample_0_y"": 405}",Q4 (270-360<U+00B0>),Q4 (270-360<U+00B0>),TRUE,TRUE,Correct,315,0.49250169999999116,0.49250169999999116,0.49250169999999116,0.49250169999999116,TRUE
166954,18,righth,1,yes,2,"""1-5""",78,315,311.2994569,2815,8002,"{""sample_2_y"": 547, ""last_time"": 7717, ""sample_2_time"": 3550, ""sample_0_y"": 404, ""last_y"": 496, ""sample_0_x"": 719, ""last_x"": 814, ""sample_4_y"": 496, ""sample_3_y"": 533, ""sample_4_time"": 7717, ""sample_1_time"": 1517, ""sample_0_time"": 17, ""sample_2_x"": 631, ""first_y"": 404, ""sample_1_y"": 568, ""sample_3_x"": 853, ""first_x"": 719, ""sample_4_x"": 814, ""sample_3_time"": 6121, ""sample_1_x"": 716, ""count"": 363, ""first_time"": 17}",Q4 (270-360<U+00B0>),Q4 (270-360<U+00B0>),TRUE,TRUE,Correct,315,3.7005431000000044,3.7005431000000044,3.7005431000000044,3.7005431000000044,TRUE
166954,18,righth,1,yes,2,"""1-5""",79,225,226.8052865,3298,1917,"{""sample_3_y"": 524, ""sample_0_x"": 720, ""sample_4_y"": 569, ""sample_4_x"": 551, ""sample_1_x"": 707, ""sample_1_time"": 483, ""sample_2_x"": 663, ""first_y"": 405, ""sample_0_y"": 405, ""sample_1_y"": 427, ""sample_2_y"": 472, ""last_time"": 1917, ""sample_0_time"": 17, ""sample_3_time"": 1450, ""first_x"": 720, ""last_y"": 569, ""count"": 115, ""first_time"": 17, ""sample_4_time"": 1917, ""sample_2_time"": 967, ""last_x"": 551, ""sample_3_x"": 599}",Q3 (180-270<U+00B0>),Q3 (180-270<U+00B0>),TRUE,TRUE,Correct,225,1.805286499999994,1.805286499999994,1.805286499999994,1.805286499999994,TRUE
166954,18,righth,1,yes,2,"""1-5""",80,315,313.5227858,3081,2517,"{""sample_1_x"": 749, ""last_x"": 890, ""sample_4_time"": 2517, ""first_x"": 727, ""first_time"": 17, ""sample_1_time"": 517, ""sample_0_y"": 405, ""last_y"": 568, ""sample_2_y"": 492, ""first_y"": 405, ""sample_4_x"": 890, ""sample_0_x"": 727, ""sample_4_y"": 568, ""sample_3_y"": 551, ""sample_3_x"": 856, ""last_time"": 2517, ""sample_1_y"": 434, ""sample_2_time"": 1033, ""sample_2_x"": 796, ""count"": 123, ""sample_0_time"": 17, ""sample_3_time"": 1550}",Q4 (270-360<U+00B0>),Q4 (270-360<U+00B0>),TRUE,TRUE,Correct,315,1.4772141999999917,1.4772141999999917,1.4772141999999917,1.4772141999999917,TRUE
166954,18,righth,1,yes,2,"""1-5""",81,135,134.3452196,3133,1533,"{""sample_2_y"": 343, ""sample_0_time"": 16, ""first_y"": 394, ""first_x"": 702, ""sample_3_time"": 1203, ""sample_0_y"": 394, ""sample_1_time"": 349, ""count"": 81, ""sample_4_time"": 1533, ""sample_4_x"": 547, ""sample_3_y"": 284, ""sample_3_x"": 562, ""sample_2_time"": 683, ""last_y"": 212, ""sample_4_y"": 212, ""first_time"": 16, ""sample_0_x"": 702, ""sample_1_y"": 380, ""last_time"": 1533, ""sample_2_x"": 616, ""sample_1_x"": 668, ""last_x"": 547}",Q2 (90-180<U+00B0>),Q2 (90-180<U+00B0>),TRUE,TRUE,Correct,135,0.6547803999999928,0.6547803999999928,0.6547803999999928,0.6547803999999928,TRUE
166954,18,righth,1,yes,2,"""1-5""",82,315,303.111342,3432,4467,"{""sample_2_y"": 559, ""sample_3_y"": 433, ""sample_1_x"": 628, ""sample_3_time"": 3116, ""count"": 216, ""sample_3_x"": 791, ""sample_2_time"": 2166, ""last_x"": 855, ""sample_4_x"": 855, ""sample_1_y"": 455, ""last_time"": 4466, ""sample_4_y"": 596, ""first_y"": 398, ""first_x"": 701, ""sample_0_time"": 16, ""first_time"": 16, ""sample_2_x"": 596, ""sample_0_y"": 398, ""sample_0_x"": 701, ""sample_1_time"": 915, ""sample_4_time"": 4466, ""last_y"": 596}",Q4 (270-360<U+00B0>),Q4 (270-360<U+00B0>),TRUE,TRUE,Correct,315,11.88865800000002,11.88865800000002,11.88865800000002,11.88865800000002,TRUE
166954,18,righth,1,yes,2,"""1-5""",83,45,50.4015925,3048,5301,"{""sample_0_time"": 17, ""sample_0_x"": 702, ""sample_1_time"": 1034, ""sample_0_y"": 385, ""sample_4_y"": 198, ""sample_2_y"": 325, ""sample_3_time"": 3950, ""sample_1_y"": 404, ""last_time"": 5300, ""sample_2_x"": 815, ""first_y"": 385, ""count"": 230, ""last_x"": 878, ""sample_4_x"": 878, ""last_y"": 198, ""sample_3_x"": 845, ""sample_2_time"": 2167, ""sample_1_x"": 690, ""sample_4_time"": 5300, ""first_x"": 702, ""sample_3_y"": 225, ""first_time"": 17}",Q1 (0-90<U+00B0>),Q1 (0-90<U+00B0>),TRUE,TRUE,Correct,45,5.4015925,5.4015925,5.4015925,5.4015925,TRUE
166954,18,righth,1,yes,2,"""1-5""",84,45,51.88172363,3681,2417,"{""sample_3_x"": 868, ""sample_2_y"": 312, ""sample_3_y"": 205, ""sample_2_time"": 950, ""first_y"": 392, ""sample_1_time"": 484, ""sample_2_x"": 840, ""sample_4_x"": 873, ""first_time"": 17, ""sample_4_time"": 2417, ""first_x"": 741, ""sample_0_x"": 741, ""sample_3_time"": 1417, ""last_x"": 873, ""last_time"": 2417, ""sample_4_y"": 194, ""sample_0_y"": 392, ""sample_0_time"": 17, ""sample_1_y"": 366, ""last_y"": 194, ""count"": 113, ""sample_1_x"": 798}",Q1 (0-90<U+00B0>),Q1 (0-90<U+00B0>),TRUE,TRUE,Correct,45,6.881723630000003,6.881723630000003,6.881723630000003,6.881723630000003,TRUE
166954,18,righth,1,yes,2,"""1-5""",85,225,225.4925017,2648,3017,"{""first_time"": 17, ""sample_0_y"": 391, ""sample_3_x"": 568, ""sample_3_y"": 547, ""sample_3_time"": 1567, ""last_y"": 565, ""sample_2_time"": 1050, ""sample_1_y"": 424, ""count"": 124, ""sample_2_x"": 606, ""last_time"": 3016, ""sample_4_y"": 565, ""sample_4_x"": 547, ""sample_0_x"": 703, ""sample_0_time"": 17, ""first_y"": 391, ""sample_1_time"": 533, ""last_x"": 547, ""sample_2_y"": 479, ""sample_1_x"": 645, ""sample_4_time"": 3016, ""first_x"": 703}",Q3 (180-270<U+00B0>),Q3 (180-270<U+00B0>),TRUE,TRUE,Correct,225,0.49250169999999116,0.49250169999999116,0.49250169999999116,0.49250169999999116,TRUE
166954,18,righth,1,yes,2,"""1-5""",86,315,307.4270514,2981,1517,"{""first_y"": 391, ""sample_3_time"": 1150, ""sample_0_time"": 17, ""sample_3_y"": 500, ""sample_4_x"": 870, ""sample_1_y"": 409, ""sample_0_y"": 391, ""count"": 91, ""last_x"": 870, ""sample_2_y"": 449, ""sample_1_time"": 384, ""sample_4_y"": 585, ""sample_1_x"": 772, ""first_time"": 17, ""sample_3_x"": 835, ""sample_2_time"": 767, ""sample_0_x"": 737, ""first_x"": 737, ""last_time"": 1517, ""sample_2_x"": 799, ""last_y"": 585, ""sample_4_time"": 1517}",Q4 (270-360<U+00B0>),Q4 (270-360<U+00B0>),TRUE,TRUE,Correct,315,7.572948600000018,7.572948600000018,7.572948600000018,7.572948600000018,TRUE
166954,18,righth,1,yes,2,"""1-5""",87,315,309.5674601,2948,6333,"{""sample_3_x"": 864, ""last_time"": 6333, ""count"": 243, ""sample_3_time"": 5133, ""sample_1_x"": 818, ""sample_2_time"": 2700, ""first_time"": 16, ""sample_0_time"": 16, ""sample_1_time"": 1016, ""sample_3_y"": 562, ""sample_4_x"": 877, ""sample_2_y"": 573, ""sample_2_x"": 880, ""sample_0_x"": 739, ""last_y"": 579, ""sample_4_y"": 579, ""first_y"": 392, ""sample_1_y"": 484, ""last_x"": 877, ""sample_4_time"": 6333, ""sample_0_y"": 392, ""first_x"": 739}",Q4 (270-360<U+00B0>),Q4 (270-360<U+00B0>),TRUE,TRUE,Correct,315,5.432539899999995,5.432539899999995,5.432539899999995,5.432539899999995,TRUE
166954,18,righth,1,yes,2,"""1-5""",88,135,138.5967171,2998,2450,"{""sample_2_y"": 389, ""count"": 118, ""first_time"": 17, ""first_x"": 703, ""sample_2_x"": 681, ""last_y"": 225, ""sample_3_time"": 1783, ""first_y"": 391, ""sample_3_x"": 579, ""sample_1_time"": 500, ""sample_0_time"": 17, ""last_x"": 534, ""sample_2_time"": 1300, ""sample_0_x"": 703, ""sample_3_y"": 324, ""last_time"": 2450, ""sample_1_y"": 369, ""sample_0_y"": 391, ""sample_1_x"": 639, ""sample_4_x"": 534, ""sample_4_y"": 225, ""sample_4_time"": 2450}",Q2 (90-180<U+00B0>),Q2 (90-180<U+00B0>),TRUE,TRUE,Correct,135,3.5967171000000064,3.5967171000000064,3.5967171000000064,3.5967171000000064,TRUE
166954,18,righth,1,yes,2,"""1-5""",89,225,227.4610547,2831,1667,"{""sample_3_x"": 577, ""sample_2_x"": 609, ""sample_2_y"": 445, ""last_time"": 1667, ""sample_3_time"": 1267, ""sample_1_time"": 434, ""sample_2_time"": 850, ""sample_0_x"": 704, ""last_x"": 553, ""sample_4_y"": 571, ""last_y"": 571, ""sample_1_x"": 655, ""sample_3_y"": 496, ""count"": 100, ""sample_0_time"": 17, ""sample_1_y"": 414, ""sample_0_y"": 398, ""sample_4_time"": 1667, ""sample_4_x"": 553, ""first_x"": 704, ""first_time"": 17, ""first_y"": 398}",Q3 (180-270<U+00B0>),Q3 (180-270<U+00B0>),TRUE,TRUE,Correct,225,2.4610547000000054,2.4610547000000054,2.4610547000000054,2.4610547000000054,TRUE
166954,18,righth,1,yes,2,"""1-5""",90,225,223.7054005,2748,3016,"{""sample_4_time"": 3016, ""count"": 135, ""last_time"": 3016, ""first_y"": 380, ""last_x"": 539, ""sample_2_time"": 1133, ""sample_0_x"": 704, ""first_x"": 704, ""sample_0_time"": 16, ""sample_0_y"": 380, ""last_y"": 562, ""sample_4_y"": 562, ""sample_2_y"": 471, ""sample_1_x"": 633, ""sample_3_time"": 1700, ""sample_2_x"": 577, ""sample_1_time"": 566, ""sample_4_x"": 539, ""first_time"": 16, ""sample_1_y"": 403, ""sample_3_x"": 549, ""sample_3_y"": 552}",Q3 (180-270<U+00B0>),Q3 (180-270<U+00B0>),TRUE,TRUE,Correct,225,1.294599500000004,1.294599500000004,1.294599500000004,1.294599500000004,TRUE
166954,18,righth,1,yes,2,"""1-5""",91,225,222.0559537,2765,1600,"{""sample_4_time"": 1600, ""sample_0_x"": 704, ""count"": 96, ""last_y"": 555, ""sample_1_y"": 429, ""sample_3_x"": 581, ""sample_1_time"": 417, ""sample_0_time"": 17, ""sample_1_x"": 660, ""last_x"": 536, ""sample_2_x"": 621, ""first_time"": 17, ""sample_0_y"": 400, ""last_time"": 1600, ""sample_3_y"": 515, ""first_x"": 704, ""sample_2_y"": 464, ""sample_4_y"": 555, ""sample_3_time"": 1217, ""sample_2_time"": 817, ""first_y"": 400, ""sample_4_x"": 536}",Q3 (180-270<U+00B0>),Q3 (180-270<U+00B0>),TRUE,TRUE,Correct,225,2.9440462999999966,2.9440462999999966,2.9440462999999966,2.9440462999999966,TRUE
166954,18,righth,1,yes,2,"""1-5""",92,135,136.1490449,2848,1734,"{""sample_3_y"": 268, ""sample_3_time"": 1350, ""sample_0_y"": 375, ""sample_1_y"": 360, ""sample_4_time"": 1734, ""last_x"": 542, ""sample_1_x"": 681, ""sample_1_time"": 400, ""sample_4_y"": 218, ""sample_0_x"": 711, ""sample_4_x"": 542, ""sample_2_y"": 333, ""count"": 93, ""first_time"": 17, ""first_x"": 711, ""first_y"": 375, ""sample_2_time"": 784, ""sample_0_time"": 17, ""sample_3_x"": 561, ""last_time"": 1734, ""last_y"": 218, ""sample_2_x"": 605}",Q2 (90-180<U+00B0>),Q2 (90-180<U+00B0>),TRUE,TRUE,Correct,135,1.149044900000007,1.149044900000007,1.149044900000007,1.149044900000007,TRUE
166954,18,righth,1,yes,2,"""1-5""",93,315,312.70939,2815,2300,"{""last_y"": 571, ""sample_1_y"": 429, ""sample_2_y"": 480, ""sample_4_y"": 571, ""first_y"": 397, ""sample_2_time"": 866, ""sample_3_x"": 826, ""sample_0_time"": 16, ""sample_4_time"": 2300, ""sample_1_time"": 433, ""sample_2_x"": 787, ""sample_3_time"": 1283, ""first_x"": 735, ""sample_0_x"": 735, ""last_time"": 2300, ""first_time"": 16, ""last_x"": 888, ""sample_3_y"": 538, ""sample_0_y"": 397, ""count"": 102, ""sample_1_x"": 758, ""sample_4_x"": 888}",Q4 (270-360<U+00B0>),Q4 (270-360<U+00B0>),TRUE,TRUE,Correct,315,2.290610000000015,2.290610000000015,2.290610000000015,2.290610000000015,TRUE
166954,18,righth,1,yes,2,"""1-5""",94,135,138.4434452,2799,1584,"{""sample_0_x"": 703, ""first_y"": 389, ""sample_3_x"": 570, ""count"": 83, ""sample_1_time"": 350, ""sample_0_time"": 17, ""first_time"": 17, ""sample_1_y"": 377, ""sample_1_x"": 669, ""sample_2_y"": 354, ""sample_2_time"": 700, ""sample_4_x"": 535, ""sample_4_time"": 1583, ""last_x"": 535, ""sample_0_y"": 389, ""first_x"": 703, ""sample_3_time"": 1250, ""sample_3_y"": 304, ""last_time"": 1583, ""sample_2_x"": 616, ""sample_4_y"": 225, ""last_y"": 225}",Q2 (90-180<U+00B0>),Q2 (90-180<U+00B0>),TRUE,TRUE,Correct,135,3.4434452000000135,3.4434452000000135,3.4434452000000135,3.4434452000000135,TRUE
166954,18,righth,1,yes,2,"""1-5""",95,45,43.36342296,2414,2584,"{""sample_1_y"": 378, ""count"": 102, ""first_time"": 17, ""last_time"": 2584, ""sample_0_time"": 17, ""sample_2_time"": 1067, ""sample_3_y"": 278, ""sample_3_x"": 882, ""first_y"": 387, ""sample_0_x"": 738, ""sample_3_time"": 1484, ""last_y"": 219, ""sample_4_time"": 2584, ""first_x"": 738, ""sample_2_y"": 343, ""sample_1_x"": 793, ""last_x"": 900, ""sample_2_x"": 850, ""sample_4_y"": 219, ""sample_0_y"": 387, ""sample_4_x"": 900, ""sample_1_time"": 634}",Q1 (0-90<U+00B0>),Q1 (0-90<U+00B0>),TRUE,TRUE,Correct,45,1.6365770399999988,1.6365770399999988,1.6365770399999988,1.6365770399999988,TRUE
166954,18,righth,1,yes,2,"""1-5""",96,225,227.29061,2631,1500,"{""sample_2_x"": 602, ""sample_3_time"": 1134, ""sample_2_y"": 469, ""sample_4_x"": 552, ""sample_0_y"": 401, ""sample_3_y"": 514, ""sample_2_time"": 767, ""sample_1_x"": 667, ""sample_4_y"": 571, ""sample_0_time"": 17, ""first_x"": 707, ""sample_0_x"": 707, ""sample_1_y"": 420, ""last_y"": 571, ""last_time"": 1500, ""first_time"": 17, ""sample_3_x"": 574, ""last_x"": 552, ""sample_4_time"": 1500, ""count"": 90, ""sample_1_time"": 384, ""first_y"": 401}",Q3 (180-270<U+00B0>),Q3 (180-270<U+00B0>),TRUE,TRUE,Correct,225,2.2906099999999867,2.2906099999999867,2.2906099999999867,2.2906099999999867,TRUE
166954,18,righth,1,yes,2,"""1-5""",97,225,225,2599,2316,"{""first_time"": 16, ""first_x"": 704, ""sample_4_time"": 2316, ""count"": 107, ""sample_1_time"": 450, ""sample_2_time"": 900, ""sample_0_y"": 392, ""sample_0_x"": 704, ""sample_1_x"": 672, ""sample_3_time"": 1350, ""last_y"": 564, ""sample_4_y"": 564, ""last_time"": 2316, ""sample_1_y"": 398, ""sample_2_y"": 448, ""first_y"": 392, ""sample_3_x"": 578, ""last_x"": 545, ""sample_4_x"": 545, ""sample_2_x"": 619, ""sample_3_y"": 492, ""sample_0_time"": 16}",Q3 (180-270<U+00B0>),Q3 (180-270<U+00B0>),TRUE,TRUE,Correct,225,0,0,0,0,TRUE
166954,18,righth,1,yes,2,"""1-5""",98,315,316.1490449,2665,1559,"{""last_time"": 1559, ""sample_1_x"": 769, ""sample_2_y"": 452, ""sample_2_x"": 808, ""last_x"": 898, ""sample_0_time"": 16, ""sample_3_y"": 495, ""sample_1_y"": 418, ""sample_0_y"": 404, ""sample_4_y"": 560, ""sample_3_x"": 858, ""sample_4_time"": 1559, ""first_y"": 404, ""sample_1_time"": 400, ""first_time"": 16, ""last_y"": 560, ""sample_3_time"": 1166, ""sample_2_time"": 783, ""sample_0_x"": 735, ""count"": 93, ""sample_4_x"": 898, ""first_x"": 735}",Q4 (270-360<U+00B0>),Q4 (270-360<U+00B0>),TRUE,TRUE,Correct,315,1.1490448999999785,1.1490448999999785,1.1490448999999785,1.1490448999999785,TRUE
166954,18,righth,1,yes,2,"""1-5""",99,225,220.7515455,3149,3517,"{""first_x"": 700, ""sample_1_time"": 600, ""sample_3_x"": 556, ""sample_2_time"": 1183, ""last_y"": 551, ""first_y"": 394, ""sample_1_x"": 620, ""sample_0_y"": 394, ""sample_2_x"": 574, ""sample_3_y"": 559, ""sample_1_y"": 441, ""sample_4_time"": 3517, ""sample_4_y"": 551, ""sample_0_time"": 17, ""last_time"": 3517, ""count"": 141, ""first_time"": 17, ""last_x"": 532, ""sample_4_x"": 532, ""sample_2_y"": 491, ""sample_0_x"": 700, ""sample_3_time"": 2750}",Q3 (180-270<U+00B0>),Q3 (180-270<U+00B0>),TRUE,TRUE,Correct,225,4.248454500000008,4.248454500000008,4.248454500000008,4.248454500000008,TRUE
166954,18,righth,1,yes,2,"""1-5""",100,225,224.8367646,2581,2167,"{""count"": 110, ""sample_0_x"": 700, ""sample_2_time"": 933, ""sample_4_time"": 2166, ""sample_4_x"": 544, ""sample_3_x"": 571, ""first_time"": 17, ""sample_3_time"": 1383, ""first_x"": 700, ""sample_1_x"": 659, ""sample_2_x"": 621, ""sample_3_y"": 531, ""last_time"": 2166, ""first_y"": 393, ""sample_1_y"": 409, ""sample_2_y"": 454, ""sample_0_time"": 17, ""last_x"": 544, ""sample_0_y"": 393, ""sample_4_y"": 564, ""last_y"": 564, ""sample_1_time"": 466}",Q3 (180-270<U+00B0>),Q3 (180-270<U+00B0>),TRUE,TRUE,Correct,225,0.1632353999999907,0.1632353999999907,0.1632353999999907,0.1632353999999907,TRUE
166981,20,righth,1,no,0,"""0-1""",21,315,222.6962397,3643,792,"{""first_y"": 404, ""first_x"": 713, ""sample_1_y"": 441, ""sample_0_y"": 404, ""sample_2_x"": 615, ""sample_0_time"": 8, ""sample_4_x"": 535, ""sample_3_x"": 562, ""last_time"": 792, ""sample_3_y"": 528, ""first_time"": 8, ""sample_2_y"": 487, ""sample_1_x"": 669, ""last_y"": 554, ""last_x"": 535, ""sample_1_time"": 200, ""sample_4_y"": 554, ""sample_3_time"": 592, ""count"": 94, ""sample_0_x"": 713, ""sample_2_time"": 401, ""sample_4_time"": 792}",Q4 (270-360<U+00B0>),Q3 (180-270<U+00B0>),FALSE,TRUE,Formant,225,2.3037602999999933,2.3037602999999933,92.3037603,92.3037603,FALSE
166981,20,righth,1,no,0,"""0-1""",22,315,313.5142754,3163,818,"{""first_time"": 9, ""sample_2_y"": 485, ""count"": 98, ""first_y"": 398, ""sample_0_y"": 398, ""last_x"": 885, ""sample_4_time"": 817, ""sample_0_x"": 731, ""sample_1_time"": 209, ""sample_2_time"": 417, ""sample_0_time"": 9, ""sample_1_y"": 432, ""last_time"": 817, ""last_y"": 565, ""sample_4_y"": 565, ""sample_3_y"": 532, ""sample_1_x"": 760, ""sample_2_x"": 808, ""sample_3_time"": 617, ""first_x"": 731, ""sample_3_x"": 855, ""sample_4_x"": 885}",Q4 (270-360<U+00B0>),Q4 (270-360<U+00B0>),TRUE,TRUE,Correct,315,1.485724600000026,1.485724600000026,1.485724600000026,1.485724600000026,TRUE
166981,20,righth,1,no,0,"""0-1""",23,135,45.16417084,2164,726,"{""first_y"": 373, ""last_y"": 212, ""sample_4_y"": 212, ""count"": 87, ""sample_2_time"": 366, ""sample_4_time"": 725, ""sample_0_x"": 727, ""sample_3_time"": 550, ""sample_1_x"": 770, ""sample_4_x"": 890, ""sample_0_time"": 9, ""sample_3_x"": 859, ""last_time"": 725, ""first_time"": 9, ""sample_2_x"": 819, ""sample_2_y"": 282, ""first_x"": 727, ""last_x"": 890, ""sample_1_time"": 183, ""sample_3_y"": 242, ""sample_1_y"": 330, ""sample_0_y"": 373}",Q2 (90-180<U+00B0>),Q1 (0-90<U+00B0>),FALSE,TRUE,Formant,45,0.16417083999999704,0.16417083999999704,89.83582916,89.83582916,FALSE
166981,20,righth,1,no,0,"""0-1""",24,225,228.1341033,1311,883,"{""last_x"": 552, ""sample_1_y"": 365, ""sample_1_time"": 199, ""sample_0_y"": 388, ""sample_1_x"": 678, ""sample_2_time"": 483, ""sample_4_y"": 570, ""first_y"": 388, ""sample_4_x"": 552, ""count"": 93, ""first_x"": 701, ""sample_0_time"": 8, ""sample_2_y"": 344, ""first_time"": 8, ""sample_3_time"": 691, ""sample_4_time"": 883, ""sample_3_x"": 675, ""sample_3_y"": 418, ""last_y"": 570, ""sample_2_x"": 654, ""sample_0_x"": 701, ""last_time"": 883}",Q3 (180-270<U+00B0>),Q3 (180-270<U+00B0>),TRUE,TRUE,Correct,225,3.1341032999999925,3.1341032999999925,3.1341032999999925,3.1341032999999925,TRUE
166981,20,righth,1,no,0,"""0-1""",25,135,44.01788284,1175,592,"{""sample_1_time"": 150, ""sample_0_x"": 716, ""first_x"": 716, ""sample_4_time"": 591, ""count"": 71, ""last_y"": 215, ""sample_3_y"": 241, ""sample_3_time"": 450, ""sample_1_y"": 331, ""sample_0_y"": 370, ""sample_2_time"": 300, ""sample_0_time"": 8, ""sample_3_x"": 869, ""last_time"": 591, ""first_time"": 8, ""sample_4_y"": 215, ""sample_1_x"": 760, ""sample_2_x"": 824, ""sample_2_y"": 283, ""last_x"": 894, ""first_y"": 370, ""sample_4_x"": 894}",Q2 (90-180<U+00B0>),Q1 (0-90<U+00B0>),FALSE,TRUE,Formant,45,0.9821171600000014,0.9821171600000014,90.98211716,90.98211716,FALSE
166981,20,righth,1,no,0,"""0-1""",26,135,133.025066,810,758,"{""sample_3_y"": 239, ""sample_0_x"": 699, ""sample_4_time"": 758, ""sample_1_x"": 671, ""sample_2_x"": 624, ""sample_0_y"": 381, ""last_y"": 207, ""sample_4_y"": 207, ""last_time"": 758, ""sample_2_y"": 289, ""count"": 91, ""first_time"": 8, ""sample_4_x"": 548, ""sample_2_time"": 383, ""sample_1_y"": 345, ""sample_3_time"": 574, ""first_y"": 381, ""sample_0_time"": 8, ""first_x"": 699, ""sample_3_x"": 576, ""sample_1_time"": 191, ""last_x"": 548}",Q2 (90-180<U+00B0>),Q2 (90-180<U+00B0>),TRUE,TRUE,Correct,135,1.9749339999999904,1.9749339999999904,1.9749339999999904,1.9749339999999904,TRUE
166981,20,righth,1,no,0,"""0-1""",27,45,133.5311993,2160,576,"{""first_y"": 372, ""sample_2_y"": 290, ""sample_3_x"": 581, ""first_time"": 8, ""sample_1_y"": 330, ""sample_3_y"": 246, ""last_time"": 575, ""sample_4_y"": 207, ""count"": 69, ""sample_4_time"": 575, ""sample_2_time"": 292, ""sample_4_x"": 545, ""sample_1_time"": 151, ""sample_3_time"": 434, ""sample_2_x"": 616, ""sample_0_time"": 8, ""sample_1_x"": 654, ""sample_0_y"": 372, ""last_y"": 207, ""first_x"": 694, ""last_x"": 545, ""sample_0_x"": 694}",Q1 (0-90<U+00B0>),Q2 (90-180<U+00B0>),FALSE,TRUE,Formant,135,1.4688007000000027,1.4688007000000027,88.5311993,88.5311993,FALSE
166981,20,righth,1,no,0,"""0-1""",28,225,41.20784398,1148,667,"{""sample_4_time"": 667, ""last_y"": 225, ""first_x"": 737, ""count"": 79, ""sample_3_y"": 255, ""sample_0_time"": 9, ""sample_3_time"": 508, ""sample_2_time"": 334, ""sample_2_x"": 825, ""sample_0_y"": 381, ""sample_4_y"": 225, ""first_y"": 381, ""sample_4_x"": 901, ""sample_1_time"": 167, ""last_x"": 901, ""first_time"": 9, ""sample_2_y"": 307, ""sample_0_x"": 737, ""sample_3_x"": 872, ""last_time"": 667, ""sample_1_x"": 781, ""sample_1_y"": 348}",Q3 (180-270<U+00B0>),Q1 (0-90<U+00B0>),FALSE,FALSE,Both,45,3.79215602,3.79215602,183.79215602,176.20784398,FALSE
166981,20,righth,1,no,0,"""0-1""",29,315,312.3675651,2662,635,"{""sample_2_time"": 317, ""first_time"": 9, ""sample_0_y"": 404, ""sample_1_time"": 158, ""sample_3_x"": 853, ""sample_4_x"": 882, ""sample_4_y"": 569, ""sample_0_time"": 9, ""sample_1_x"": 769, ""last_x"": 882, ""sample_0_x"": 726, ""sample_2_x"": 815, ""last_time"": 634, ""last_y"": 569, ""sample_2_y"": 513, ""first_x"": 726, ""sample_4_time"": 634, ""sample_3_y"": 552, ""first_y"": 404, ""sample_1_y"": 458, ""sample_3_time"": 467, ""count"": 74}",Q4 (270-360<U+00B0>),Q4 (270-360<U+00B0>),TRUE,TRUE,Correct,315,2.632434900000021,2.632434900000021,2.632434900000021,2.632434900000021,TRUE
166981,20,righth,1,no,0,"""0-1""",30,225,225.1641708,2836,1376,"{""first_x"": 701, ""sample_0_y"": 394, ""sample_2_time"": 725, ""sample_1_time"": 375, ""sample_1_y"": 427, ""count"": 156, ""sample_3_time"": 1058, ""last_y"": 562, ""sample_0_time"": 8, ""sample_3_x"": 600, ""sample_2_y"": 451, ""sample_2_x"": 643, ""first_time"": 8, ""first_y"": 394, ""sample_4_y"": 562, ""sample_1_x"": 670, ""sample_4_time"": 1375, ""sample_0_x"": 701, ""sample_4_x"": 542, ""last_x"": 542, ""last_time"": 1375, ""sample_3_y"": 492}",Q3 (180-270<U+00B0>),Q3 (180-270<U+00B0>),TRUE,TRUE,Correct,225,0.16417079999999373,0.16417079999999373,0.16417079999999373,0.16417079999999373,TRUE
166981,20,righth,1,no,0,"""0-1""",31,45,42.85447565,2536,1976,"{""sample_0_time"": 8, ""last_x"": 896, ""sample_2_y"": 309, ""sample_1_x"": 774, ""first_time"": 8, ""last_time"": 1974, ""last_y"": 220, ""sample_0_x"": 729, ""sample_4_y"": 220, ""count"": 199, ""sample_1_y"": 339, ""sample_0_y"": 374, ""sample_2_time"": 1083, ""sample_3_y"": 266, ""first_y"": 374, ""sample_4_time"": 1974, ""sample_3_x"": 856, ""sample_4_x"": 896, ""sample_3_time"": 1508, ""sample_1_time"": 508, ""sample_2_x"": 813, ""first_x"": 729}",Q1 (0-90<U+00B0>),Q1 (0-90<U+00B0>),TRUE,TRUE,Correct,45,2.1455243500000023,2.1455243500000023,2.1455243500000023,2.1455243500000023,TRUE
166981,20,righth,1,no,0,"""0-1""",32,45,131.8658967,2067,1644,"{""sample_2_time"": 823, ""first_y"": 377, ""sample_3_y"": 247, ""sample_0_y"": 377, ""sample_1_y"": 339, ""count"": 187, ""sample_2_x"": 624, ""sample_4_time"": 1643, ""sample_1_time"": 398, ""sample_2_y"": 301, ""last_y"": 204, ""last_x"": 552, ""sample_4_x"": 552, ""sample_3_time"": 1226, ""sample_4_y"": 204, ""first_time"": 7, ""first_x"": 703, ""sample_3_x"": 583, ""sample_1_x"": 664, ""sample_0_x"": 703, ""last_time"": 1643, ""sample_0_time"": 7}",Q1 (0-90<U+00B0>),Q2 (90-180<U+00B0>),FALSE,TRUE,Formant,135,3.1341032999999925,3.1341032999999925,86.86589670000001,86.86589670000001,FALSE
166981,20,righth,1,no,0,"""0-1""",33,315,311.8658967,1882,1801,"{""first_x"": 722, ""sample_4_time"": 1800, ""last_time"": 1800, ""sample_2_y"": 489, ""sample_2_x"": 789, ""sample_1_time"": 417, ""count"": 191, ""last_x"": 880, ""sample_4_y"": 570, ""sample_1_x"": 757, ""sample_0_y"": 402, ""first_time"": 17, ""sample_0_x"": 722, ""last_y"": 570, ""sample_1_y"": 449, ""sample_0_time"": 17, ""sample_3_time"": 1358, ""first_y"": 402, ""sample_3_x"": 833, ""sample_4_x"": 880, ""sample_2_time"": 868, ""sample_3_y"": 530}",Q4 (270-360<U+00B0>),Q4 (270-360<U+00B0>),TRUE,TRUE,Correct,315,3.1341032999999925,3.1341032999999925,3.1341032999999925,3.1341032999999925,TRUE
166981,20,righth,1,no,0,"""0-1""",34,315,227.3037603,1700,1467,"{""sample_1_time"": 366, ""last_time"": 1466, ""sample_0_time"": 8, ""sample_2_y"": 491, ""count"": 170, ""sample_1_y"": 439, ""sample_2_x"": 621, ""sample_0_x"": 704, ""first_y"": 400, ""last_x"": 549, ""sample_2_time"": 724, ""sample_3_x"": 585, ""sample_1_x"": 664, ""sample_4_y"": 568, ""first_time"": 8, ""sample_4_x"": 549, ""sample_3_y"": 532, ""first_x"": 704, ""sample_0_y"": 400, ""sample_3_time"": 1115, ""sample_4_time"": 1466, ""last_y"": 568}",Q4 (270-360<U+00B0>),Q3 (180-270<U+00B0>),FALSE,TRUE,Formant,225,2.3037602999999933,2.3037602999999933,87.6962397,87.6962397,FALSE
166981,20,righth,1,no,0,"""0-1""",35,315,311.0320819,1265,1468,"{""sample_2_y"": 483, ""sample_4_time"": 1468, ""sample_0_y"": 395, ""sample_2_time"": 858, ""sample_4_x"": 877, ""last_x"": 877, ""sample_0_x"": 731, ""sample_3_time"": 1158, ""first_time"": 8, ""sample_3_x"": 844, ""sample_3_y"": 537, ""sample_1_y"": 426, ""sample_1_time"": 541, ""last_time"": 1468, ""first_x"": 731, ""sample_2_x"": 801, ""last_y"": 572, ""count"": 144, ""sample_4_y"": 572, ""first_y"": 395, ""sample_0_time"": 8, ""sample_1_x"": 761}",Q4 (270-360<U+00B0>),Q4 (270-360<U+00B0>),TRUE,TRUE,Correct,315,3.96791810000002,3.96791810000002,3.96791810000002,3.96791810000002,TRUE
166981,20,righth,1,no,0,"""0-1""",36,225,226.974934,1519,1486,"{""count"": 168, ""last_time"": 1485, ""sample_4_y"": 567, ""sample_2_time"": 792, ""sample_1_y"": 437, ""sample_1_time"": 418, ""first_time"": 9, ""sample_1_x"": 670, ""sample_3_x"": 593, ""sample_3_y"": 522, ""sample_4_time"": 1485, ""sample_0_time"": 9, ""sample_0_x"": 704, ""first_y"": 398, ""sample_2_x"": 631, ""sample_4_x"": 548, ""sample_3_time"": 1142, ""last_x"": 548, ""first_x"": 704, ""sample_0_y"": 398, ""sample_2_y"": 478, ""last_y"": 567}",Q3 (180-270<U+00B0>),Q3 (180-270<U+00B0>),TRUE,TRUE,Correct,225,1.9749339999999904,1.9749339999999904,1.9749339999999904,1.9749339999999904,TRUE
166981,20,righth,1,no,0,"""0-1""",37,45,312.3974378,2301,946,"{""sample_4_x"": 884, ""sample_0_y"": 398, ""sample_1_x"": 765, ""sample_3_x"": 823, ""sample_4_time"": 946, ""sample_3_y"": 510, ""sample_4_y"": 571, ""sample_0_x"": 728, ""sample_2_x"": 789, ""first_x"": 728, ""last_time"": 946, ""last_y"": 571, ""sample_0_time"": 8, ""count"": 111, ""last_x"": 884, ""first_time"": 8, ""sample_3_time"": 721, ""sample_1_y"": 436, ""sample_1_time"": 246, ""sample_2_time"": 488, ""sample_2_y"": 467, ""first_y"": 398}",Q1 (0-90<U+00B0>),Q4 (270-360<U+00B0>),TRUE,FALSE,Frequency,315,2.6025622000000226,2.6025622000000226,267.3974378,92.60256220000002,FALSE
166981,20,righth,1,no,0,"""0-1""",38,135,45.16511706,831,1367,"{""sample_3_y"": 250, ""sample_0_y"": 373, ""sample_3_x"": 848, ""sample_4_y"": 213, ""count"": 146, ""sample_1_x"": 751, ""sample_2_time"": 708, ""sample_0_time"": 8, ""sample_4_x"": 889, ""sample_1_time"": 391, ""sample_2_x"": 801, ""sample_3_time"": 1025, ""last_x"": 889, ""first_time"": 8, ""first_x"": 724, ""sample_4_time"": 1367, ""sample_0_x"": 724, ""last_time"": 1367, ""first_y"": 373, ""last_y"": 213, ""sample_2_y"": 291, ""sample_1_y"": 343}",Q2 (90-180<U+00B0>),Q1 (0-90<U+00B0>),FALSE,TRUE,Formant,45,0.16511706000000004,0.16511706000000004,89.83488294,89.83488294,FALSE
166981,20,righth,1,no,0,"""0-1""",39,45,38.5504653,110,4628,"{""sample_2_y"": 346, ""sample_1_x"": 761, ""first_y"": 403, ""count"": 214, ""last_time"": 4628, ""sample_1_y"": 382, ""sample_4_time"": 4628, ""sample_2_x"": 805, ""sample_4_y"": 234, ""sample_3_x"": 869, ""sample_0_time"": 17, ""sample_0_x"": 712, ""sample_1_time"": 3087, ""last_y"": 234, ""sample_4_x"": 908, ""sample_0_y"": 403, ""first_x"": 712, ""sample_3_time"": 4133, ""sample_2_time"": 3691, ""first_time"": 17, ""sample_3_y"": 289, ""last_x"": 908}",Q1 (0-90<U+00B0>),Q1 (0-90<U+00B0>),TRUE,TRUE,Correct,45,6.449534700000001,6.449534700000001,6.449534700000001,6.449534700000001,TRUE
166981,20,righth,1,no,0,"""0-1""",40,45,36.45303999,2280,1310,"{""sample_4_time"": 1309, ""sample_3_y"": 291, ""sample_1_time"": 392, ""sample_2_y"": 341, ""sample_3_x"": 860, ""sample_0_time"": 9, ""sample_1_y"": 363, ""sample_0_y"": 376, ""last_y"": 240, ""sample_4_y"": 240, ""first_y"": 376, ""sample_3_time"": 1017, ""last_time"": 1309, ""sample_2_x"": 802, ""sample_2_time"": 717, ""sample_4_x"": 915, ""count"": 143, ""sample_1_x"": 764, ""sample_0_x"": 729, ""last_x"": 915, ""first_time"": 9, ""first_x"": 729}",Q1 (0-90<U+00B0>),Q1 (0-90<U+00B0>),TRUE,TRUE,Correct,45,8.54696001,8.54696001,8.54696001,8.54696001,TRUE
166981,20,righth,1,no,0,"""0-1""",41,45,137.8047553,2940,1400,"{""sample_4_y"": 222, ""sample_4_x"": 534, ""first_x"": 708, ""sample_1_y"": 349, ""sample_3_x"": 582, ""sample_2_x"": 640, ""last_time"": 1400, ""sample_1_x"": 675, ""sample_0_y"": 373, ""first_time"": 25, ""sample_3_y"": 279, ""sample_0_time"": 25, ""last_x"": 534, ""sample_2_time"": 767, ""sample_4_time"": 1400, ""last_y"": 222, ""sample_2_y"": 325, ""sample_0_x"": 708, ""first_y"": 373, ""sample_3_time"": 1084, ""sample_1_time"": 408, ""count"": 153}",Q1 (0-90<U+00B0>),Q2 (90-180<U+00B0>),FALSE,TRUE,Formant,135,2.8047553000000107,2.8047553000000107,92.80475530000001,92.80475530000001,FALSE
166981,20,righth,1,no,0,"""0-1""",42,225,223.1843153,2553,1209,"{""sample_2_time"": 642, ""sample_4_y"": 555, ""sample_0_y"": 398, ""last_time"": 1208, ""sample_3_y"": 509, ""sample_1_x"": 665, ""first_x"": 703, ""sample_3_time"": 925, ""first_time"": 8, ""sample_3_x"": 589, ""sample_1_time"": 325, ""first_y"": 398, ""sample_2_x"": 636, ""sample_4_time"": 1208, ""sample_4_x"": 537, ""sample_1_y"": 437, ""count"": 138, ""last_x"": 537, ""sample_2_y"": 468, ""sample_0_time"": 8, ""sample_0_x"": 703, ""last_y"": 555}",Q3 (180-270<U+00B0>),Q3 (180-270<U+00B0>),TRUE,TRUE,Correct,225,1.8156846999999914,1.8156846999999914,1.8156846999999914,1.8156846999999914,TRUE
166981,20,righth,1,no,0,"""0-1""",43,225,222.8667595,2473,1143,"{""sample_3_y"": 502, ""sample_1_time"": 267, ""sample_2_time"": 616, ""first_x"": 700, ""sample_2_y"": 463, ""first_time"": 8, ""sample_1_y"": 439, ""last_x"": 535, ""sample_0_x"": 700, ""count"": 127, ""last_time"": 1142, ""sample_0_y"": 398, ""sample_1_x"": 652, ""last_y"": 555, ""sample_2_x"": 625, ""first_y"": 398, ""sample_4_y"": 555, ""sample_3_x"": 583, ""sample_0_time"": 8, ""sample_3_time"": 883, ""sample_4_x"": 535, ""sample_4_time"": 1142}",Q3 (180-270<U+00B0>),Q3 (180-270<U+00B0>),TRUE,TRUE,Correct,225,2.1332404999999994,2.1332404999999994,2.1332404999999994,2.1332404999999994,TRUE
166981,20,righth,1,no,0,"""0-1""",44,45,39.952785,2808,1276,"{""sample_2_y"": 332, ""sample_3_y"": 286, ""sample_3_x"": 851, ""first_x"": 732, ""sample_1_y"": 357, ""sample_0_time"": 9, ""first_y"": 379, ""first_time"": 9, ""count"": 153, ""sample_0_y"": 379, ""sample_4_x"": 907, ""sample_4_y"": 227, ""sample_3_time"": 959, ""sample_1_x"": 769, ""sample_2_time"": 645, ""last_x"": 907, ""sample_2_x"": 805, ""last_y"": 227, ""sample_0_x"": 732, ""sample_4_time"": 1275, ""sample_1_time"": 325, ""last_time"": 1275}",Q1 (0-90<U+00B0>),Q1 (0-90<U+00B0>),TRUE,TRUE,Correct,45,5.047215000000001,5.047215000000001,5.047215000000001,5.047215000000001,TRUE
166981,20,righth,1,no,0,"""0-1""",45,315,316.974934,2351,1160,"{""sample_3_x"": 849, ""sample_4_y"": 555, ""count"": 138, ""sample_4_x"": 896, ""sample_2_y"": 476, ""first_time"": 8, ""sample_1_y"": 433, ""sample_0_x"": 732, ""first_y"": 385, ""last_x"": 896, ""sample_2_time"": 583, ""sample_0_y"": 385, ""sample_0_time"": 8, ""last_time"": 1158, ""sample_3_y"": 516, ""sample_3_time"": 875, ""sample_4_time"": 1158, ""sample_1_x"": 775, ""first_x"": 732, ""last_y"": 555, ""sample_1_time"": 292, ""sample_2_x"": 808}",Q4 (270-360<U+00B0>),Q4 (270-360<U+00B0>),TRUE,TRUE,Correct,315,1.9749340000000188,1.9749340000000188,1.9749340000000188,1.9749340000000188,TRUE
166981,20,righth,1,no,0,"""0-1""",46,315,313.6830876,2288,1125,"{""sample_4_x"": 886, ""last_x"": 886, ""sample_2_y"": 479, ""first_y"": 403, ""sample_4_time"": 1125, ""sample_3_time"": 859, ""sample_2_time"": 592, ""sample_3_y"": 512, ""last_y"": 565, ""sample_4_y"": 565, ""count"": 130, ""sample_0_x"": 716, ""first_x"": 716, ""sample_2_x"": 775, ""sample_1_time"": 275, ""sample_1_x"": 744, ""sample_0_time"": 8, ""sample_1_y"": 450, ""first_time"": 8, ""sample_0_y"": 403, ""sample_3_x"": 814, ""last_time"": 1125}",Q4 (270-360<U+00B0>),Q4 (270-360<U+00B0>),TRUE,TRUE,Correct,315,1.3169123999999783,1.3169123999999783,1.3169123999999783,1.3169123999999783,TRUE
166981,20,righth,1,no,0,"""0-1""",47,225,225.1651171,2606,1066,"{""sample_2_y"": 464, ""sample_4_x"": 543, ""sample_3_y"": 514, ""last_y"": 561, ""sample_3_x"": 597, ""sample_1_y"": 434, ""first_x"": 704, ""last_time"": 1066, ""sample_0_x"": 704, ""first_y"": 398, ""sample_4_y"": 561, ""sample_0_time"": 7, ""last_x"": 543, ""sample_4_time"": 1066, ""sample_0_y"": 398, ""sample_1_time"": 282, ""sample_2_x"": 650, ""sample_2_time"": 557, ""count"": 124, ""sample_3_time"": 816, ""sample_1_x"": 673, ""first_time"": 7}",Q3 (180-270<U+00B0>),Q3 (180-270<U+00B0>),TRUE,TRUE,Correct,225,0.16511710000000335,0.16511710000000335,0.16511710000000335,0.16511710000000335,TRUE
166981,20,righth,1,no,0,"""0-1""",48,225,223.5311993,2238,1151,"{""sample_1_y"": 437, ""sample_0_time"": 7, ""last_y"": 558, ""sample_2_x"": 614, ""count"": 133, ""last_time"": 1150, ""sample_1_x"": 654, ""first_y"": 400, ""sample_0_x"": 699, ""sample_4_time"": 1150, ""sample_2_y"": 468, ""sample_3_x"": 581, ""sample_1_time"": 291, ""sample_3_y"": 502, ""sample_4_y"": 558, ""sample_3_time"": 874, ""first_time"": 7, ""sample_2_time"": 582, ""first_x"": 699, ""sample_4_x"": 536, ""sample_0_y"": 400, ""last_x"": 536}",Q3 (180-270<U+00B0>),Q3 (180-270<U+00B0>),TRUE,TRUE,Correct,225,1.4688007000000027,1.4688007000000027,1.4688007000000027,1.4688007000000027,TRUE
166981,20,righth,1,no,0,"""0-1""",49,315,314.6725991,2768,1453,"{""sample_4_time"": 1452, ""first_time"": 7, ""sample_0_y"": 402, ""last_x"": 890, ""count"": 157, ""sample_1_time"": 383, ""sample_0_time"": 7, ""sample_1_x"": 754, ""sample_2_time"": 760, ""sample_1_y"": 427, ""sample_3_y"": 517, ""sample_2_y"": 471, ""last_time"": 1452, ""last_y"": 563, ""sample_3_x"": 842, ""sample_4_y"": 563, ""sample_4_x"": 890, ""sample_0_x"": 724, ""sample_2_x"": 793, ""sample_3_time"": 1085, ""first_y"": 402, ""first_x"": 724}",Q4 (270-360<U+00B0>),Q4 (270-360<U+00B0>),TRUE,TRUE,Correct,315,0.32740089999998645,0.32740089999998645,0.32740089999998645,0.32740089999998645,TRUE
166981,20,righth,1,no,0,"""0-1""",50,315,315.1651171,2685,1264,"{""last_x"": 890, ""sample_0_y"": 398, ""sample_4_y"": 560, ""sample_1_x"": 774, ""last_y"": 560, ""sample_0_x"": 730, ""count"": 144, ""sample_3_time"": 971, ""sample_3_y"": 510, ""first_x"": 730, ""first_y"": 398, ""sample_1_y"": 449, ""sample_2_y"": 485, ""last_time"": 1263, ""sample_3_x"": 839, ""sample_2_time"": 622, ""sample_1_time"": 322, ""sample_2_x"": 806, ""sample_4_x"": 890, ""first_time"": 9, ""sample_4_time"": 1263, ""sample_0_time"": 9}",Q4 (270-360<U+00B0>),Q4 (270-360<U+00B0>),TRUE,TRUE,Correct,315,0.16511709999997493,0.16511709999997493,0.16511709999997493,0.16511709999997493,TRUE
166981,20,righth,1,no,0,"""0-1""",51,45,42.36756513,2926,1605,"{""sample_0_x"": 725, ""sample_2_y"": 322, ""first_time"": 21, ""sample_2_time"": 888, ""sample_1_y"": 344, ""sample_3_time"": 1254, ""count"": 172, ""sample_4_y"": 221, ""sample_2_x"": 810, ""last_x"": 898, ""first_y"": 372, ""sample_4_time"": 1604, ""sample_0_y"": 372, ""first_x"": 725, ""last_time"": 1604, ""sample_1_time"": 398, ""sample_0_time"": 21, ""last_y"": 221, ""sample_3_x"": 856, ""sample_3_y"": 280, ""sample_4_x"": 898, ""sample_1_x"": 773}",Q1 (0-90<U+00B0>),Q1 (0-90<U+00B0>),TRUE,TRUE,Correct,45,2.6324348699999973,2.6324348699999973,2.6324348699999973,2.6324348699999973,TRUE
166981,20,righth,1,no,0,"""0-1""",52,315,222.5247782,3794,1259,"{""sample_2_time"": 633, ""count"": 143, ""last_time"": 1258, ""sample_4_time"": 1258, ""sample_4_x"": 535, ""sample_2_x"": 595, ""sample_0_x"": 701, ""first_x"": 701, ""first_y"": 397, ""sample_3_x"": 559, ""sample_1_y"": 436, ""last_y"": 553, ""sample_2_y"": 472, ""sample_4_y"": 553, ""sample_1_x"": 642, ""sample_0_y"": 397, ""sample_3_time"": 966, ""sample_0_time"": 8, ""first_time"": 8, ""sample_3_y"": 508, ""sample_1_time"": 299, ""last_x"": 535}",Q4 (270-360<U+00B0>),Q3 (180-270<U+00B0>),FALSE,TRUE,Formant,225,2.475221800000014,2.475221800000014,92.47522180000001,92.47522180000001,FALSE
166981,20,righth,1,no,0,"""0-1""",53,225,213.3051073,2316,1184,"{""last_y"": 523, ""sample_3_y"": 463, ""last_time"": 1183, ""sample_1_y"": 389, ""first_x"": 703, ""sample_2_time"": 650, ""sample_2_y"": 415, ""last_x"": 509, ""sample_4_x"": 509, ""sample_3_x"": 558, ""sample_1_x"": 673, ""sample_3_time"": 917, ""sample_0_x"": 703, ""sample_0_time"": 15, ""first_y"": 377, ""sample_2_x"": 619, ""sample_4_y"": 523, ""sample_4_time"": 1183, ""sample_1_time"": 371, ""count"": 129, ""sample_0_y"": 377, ""first_time"": 15}",Q3 (180-270<U+00B0>),Q3 (180-270<U+00B0>),TRUE,TRUE,Correct,225,11.694892699999997,11.694892699999997,11.694892699999997,11.694892699999997,TRUE
166981,20,righth,1,no,0,"""0-1""",54,135,141.7772776,2618,1501,"{""last_x"": 523, ""sample_4_y"": 235, ""sample_2_x"": 617, ""last_time"": 1500, ""first_x"": 702, ""sample_0_x"": 702, ""sample_1_x"": 648, ""sample_3_y"": 303, ""first_time"": 9, ""first_y"": 375, ""sample_2_y"": 323, ""sample_3_x"": 593, ""sample_0_time"": 9, ""sample_3_time"": 1159, ""sample_4_x"": 523, ""last_y"": 235, ""sample_0_y"": 375, ""sample_2_time"": 735, ""count"": 150, ""sample_1_time"": 318, ""sample_1_y"": 341, ""sample_4_time"": 1500}",Q2 (90-180<U+00B0>),Q2 (90-180<U+00B0>),TRUE,TRUE,Correct,135,6.777277599999991,6.777277599999991,6.777277599999991,6.777277599999991,TRUE
166981,20,righth,1,no,0,"""0-1""",55,225,225.3292825,3104,1561,"{""sample_4_y"": 562, ""sample_1_y"": 416, ""first_y"": 403, ""sample_0_x"": 720, ""sample_0_time"": 55, ""sample_4_time"": 1561, ""sample_2_y"": 461, ""sample_2_x"": 625, ""first_time"": 55, ""sample_0_y"": 403, ""sample_3_y"": 505, ""sample_4_x"": 543, ""count"": 154, ""first_x"": 720, ""last_x"": 543, ""sample_3_x"": 587, ""sample_1_time"": 553, ""last_time"": 1561, ""sample_3_time"": 1228, ""sample_1_x"": 667, ""sample_2_time"": 911, ""last_y"": 562}",Q3 (180-270<U+00B0>),Q3 (180-270<U+00B0>),TRUE,TRUE,Correct,225,0.32928250000000503,0.32928250000000503,0.32928250000000503,0.32928250000000503,TRUE
166981,20,righth,1,no,0,"""0-1""",56,135,41.05481377,2235,1277,"{""count"": 149, ""sample_2_x"": 797, ""sample_0_time"": 9, ""sample_4_y"": 225, ""sample_3_y"": 311, ""sample_2_y"": 344, ""last_x"": 902, ""first_time"": 9, ""sample_1_y"": 370, ""sample_1_time"": 342, ""sample_0_y"": 392, ""sample_0_x"": 730, ""sample_2_time"": 659, ""last_y"": 225, ""sample_3_time"": 972, ""sample_4_x"": 902, ""last_time"": 1276, ""sample_3_x"": 837, ""sample_4_time"": 1276, ""first_y"": 392, ""sample_1_x"": 764, ""first_x"": 730}",Q2 (90-180<U+00B0>),Q1 (0-90<U+00B0>),FALSE,TRUE,Formant,45,3.9451862299999974,3.9451862299999974,93.94518622999999,93.94518622999999,FALSE
166981,20,righth,1,no,0,"""0-1""",57,225,319.6265707,2423,1134,"{""sample_1_y"": 450, ""first_time"": 8, ""last_y"": 546, ""sample_2_y"": 488, ""last_time"": 1133, ""count"": 134, ""sample_2_time"": 583, ""first_x"": 731, ""sample_3_y"": 514, ""sample_4_time"": 1133, ""last_x"": 903, ""sample_1_time"": 283, ""first_y"": 397, ""sample_0_time"": 8, ""sample_3_x"": 861, ""sample_4_y"": 546, ""sample_2_x"": 821, ""sample_4_x"": 903, ""sample_1_x"": 780, ""sample_0_x"": 731, ""sample_0_y"": 397, ""sample_3_time"": 859}",Q3 (180-270<U+00B0>),Q4 (270-360<U+00B0>),FALSE,TRUE,Formant,315,4.626570700000002,4.626570700000002,94.6265707,94.6265707,FALSE
166981,20,righth,1,no,0,"""0-1""",58,135,125.0493733,2241,1868,"{""last_x"": 575, ""sample_2_x"": 651, ""last_time"": 1867, ""sample_0_x"": 709, ""sample_1_time"": 492, ""sample_4_y"": 186, ""sample_2_time"": 1075, ""sample_4_x"": 575, ""first_y"": 372, ""sample_3_y"": 241, ""count"": 186, ""first_time"": 9, ""first_x"": 709, ""sample_2_y"": 293, ""sample_3_x"": 616, ""sample_0_time"": 9, ""sample_3_time"": 1484, ""sample_4_time"": 1867, ""sample_0_y"": 372, ""last_y"": 186, ""sample_1_x"": 676, ""sample_1_y"": 324}",Q2 (90-180<U+00B0>),Q2 (90-180<U+00B0>),TRUE,TRUE,Correct,135,9.9506267,9.9506267,9.9506267,9.9506267,TRUE
166981,20,righth,1,no,0,"""0-1""",59,135,224.1744695,2697,1592,"{""sample_4_y"": 558, ""sample_3_y"": 492, ""sample_3_time"": 1242, ""sample_4_time"": 1592, ""sample_0_x"": 706, ""sample_0_time"": 9, ""first_y"": 402, ""first_time"": 9, ""sample_0_y"": 402, ""last_y"": 558, ""sample_3_x"": 599, ""sample_1_time"": 392, ""sample_2_x"": 638, ""sample_1_x"": 669, ""sample_4_x"": 540, ""sample_1_y"": 428, ""count"": 171, ""first_x"": 706, ""last_time"": 1592, ""sample_2_y"": 455, ""sample_2_time"": 867, ""last_x"": 540}",Q2 (90-180<U+00B0>),Q3 (180-270<U+00B0>),TRUE,FALSE,Frequency,225,0.8255305000000135,0.8255305000000135,89.17446949999999,89.17446949999999,FALSE
166981,20,righth,1,no,0,"""0-1""",60,45,39.2072035,2444,1942,"{""sample_3_y"": 303, ""sample_4_y"": 232, ""sample_4_x"": 906, ""last_time"": 1942, ""sample_2_x"": 812, ""sample_2_time"": 788, ""sample_3_x"": 866, ""sample_1_time"": 275, ""sample_1_y"": 370, ""sample_1_x"": 788, ""last_y"": 232, ""sample_2_y"": 357, ""sample_4_time"": 1942, ""sample_3_time"": 1692, ""last_x"": 906, ""first_time"": 9, ""first_y"": 391, ""count"": 123, ""sample_0_time"": 9, ""first_x"": 734, ""sample_0_y"": 391, ""sample_0_x"": 734}",Q1 (0-90<U+00B0>),Q1 (0-90<U+00B0>),TRUE,TRUE,Correct,45,5.7927965000000015,5.7927965000000015,5.7927965000000015,5.7927965000000015,TRUE
166981,20,righth,1,no,0,"""0-1""",61,315,315.8255305,3008,2058,"{""sample_3_x"": 846, ""count"": 214, ""sample_0_time"": 6, ""last_y"": 558, ""last_time"": 2057, ""sample_1_y"": 438, ""sample_1_x"": 755, ""sample_3_y"": 518, ""sample_0_y"": 398, ""sample_3_time"": 1590, ""sample_0_x"": 728, ""sample_1_time"": 681, ""sample_4_x"": 892, ""sample_2_y"": 474, ""sample_2_x"": 796, ""sample_2_time"": 1148, ""first_y"": 398, ""first_time"": 6, ""sample_4_y"": 558, ""last_x"": 892, ""sample_4_time"": 2057, ""first_x"": 728}",Q4 (270-360<U+00B0>),Q4 (270-360<U+00B0>),TRUE,TRUE,Correct,315,0.8255305000000135,0.8255305000000135,0.8255305000000135,0.8255305000000135,TRUE
166981,20,righth,1,no,0,"""0-1""",62,45,45.49250173,4071,1108,"{""sample_2_time"": 632, ""last_y"": 211, ""sample_2_y"": 316, ""sample_0_y"": 368, ""sample_1_y"": 330, ""sample_2_x"": 772, ""first_x"": 722, ""count"": 115, ""sample_1_time"": 290, ""sample_0_time"": 7, ""sample_3_x"": 815, ""last_x"": 889, ""last_time"": 1107, ""first_y"": 368, ""sample_4_time"": 1107, ""sample_4_y"": 211, ""first_time"": 7, ""sample_1_x"": 753, ""sample_4_x"": 889, ""sample_0_x"": 722, ""sample_3_y"": 287, ""sample_3_time"": 874}",Q1 (0-90<U+00B0>),Q1 (0-90<U+00B0>),TRUE,TRUE,Correct,45,0.49250173000000075,0.49250173000000075,0.49250173000000075,0.49250173000000075,TRUE
166981,20,righth,1,no,0,"""0-1""",63,315,227.4610547,2874,1309,"{""last_y"": 569, ""sample_4_time"": 1308, ""sample_4_x"": 549, ""sample_1_x"": 693, ""sample_4_y"": 569, ""last_time"": 1308, ""first_time"": 8, ""first_y"": 393, ""sample_2_time"": 891, ""sample_2_x"": 656, ""sample_1_y"": 418, ""sample_1_time"": 684, ""sample_0_y"": 393, ""sample_0_time"": 8, ""sample_3_x"": 613, ""sample_0_x"": 701, ""count"": 101, ""sample_3_y"": 503, ""first_x"": 701, ""sample_3_time"": 1100, ""last_x"": 549, ""sample_2_y"": 459}",Q4 (270-360<U+00B0>),Q3 (180-270<U+00B0>),FALSE,TRUE,Formant,225,2.4610547000000054,2.4610547000000054,87.5389453,87.5389453,FALSE
166981,20,righth,1,no,0,"""0-1""",64,45,219.5674601,7647,1399,"{""sample_0_y"": 371, ""sample_4_y"": 544, ""sample_4_time"": 1399, ""sample_3_time"": 1107, ""sample_1_time"": 507, ""sample_0_time"": 13, ""sample_1_x"": 671, ""sample_4_x"": 526, ""last_time"": 1399, ""count"": 144, ""last_x"": 526, ""sample_3_y"": 489, ""sample_1_y"": 405, ""sample_2_time"": 808, ""first_y"": 371, ""first_x"": 711, ""sample_3_x"": 566, ""last_y"": 544, ""first_time"": 13, ""sample_2_y"": 440, ""sample_2_x"": 615, ""sample_0_x"": 711}",Q1 (0-90<U+00B0>),Q3 (180-270<U+00B0>),FALSE,FALSE,Both,225,5.432539899999995,5.432539899999995,174.5674601,174.5674601,FALSE
166981,20,righth,1,no,0,"""0-1""",65,225,214.3302172,2762,1101,"{""last_y"": 527, ""sample_2_time"": 584, ""last_x"": 511, ""sample_0_x"": 703, ""sample_1_time"": 310, ""sample_1_y"": 405, ""sample_3_x"": 569, ""sample_3_time"": 842, ""sample_2_y"": 422, ""first_y"": 398, ""sample_2_x"": 622, ""sample_4_y"": 527, ""sample_1_x"": 662, ""sample_4_x"": 511, ""sample_4_time"": 1100, ""last_time"": 1100, ""sample_0_time"": 9, ""first_x"": 703, ""sample_3_y"": 461, ""count"": 126, ""sample_0_y"": 398, ""first_time"": 9}",Q3 (180-270<U+00B0>),Q3 (180-270<U+00B0>),TRUE,TRUE,Correct,225,10.669782800000007,10.669782800000007,10.669782800000007,10.669782800000007,TRUE
166981,20,righth,1,no,0,"""0-1""",66,315,254.4384897,3372,2656,"{""count"": 290, ""sample_0_y"": 378, ""first_y"": 378, ""sample_1_y"": 374, ""first_x"": 702, ""sample_3_time"": 2026, ""sample_4_x"": 650, ""sample_2_y"": 423, ""last_y"": 624, ""sample_1_x"": 621, ""last_x"": 650, ""sample_4_time"": 2655, ""sample_0_time"": 9, ""sample_3_x"": 530, ""sample_4_y"": 624, ""sample_0_x"": 702, ""first_time"": 9, ""sample_1_time"": 642, ""sample_2_time"": 1292, ""sample_2_x"": 553, ""last_time"": 2655, ""sample_3_y"": 502}",Q4 (270-360<U+00B0>),Q3 (180-270<U+00B0>),FALSE,TRUE,Formant,225,29.43848969999999,29.43848969999999,60.56151030000001,60.56151030000001,FALSE
166981,20,righth,1,no,0,"""0-1""",67,135,310.3734293,2540,1425,"{""sample_1_x"": 762, ""sample_2_y"": 499, ""sample_1_time"": 341, ""sample_4_y"": 574, ""last_x"": 875, ""sample_0_y"": 401, ""sample_4_time"": 1424, ""last_y"": 574, ""sample_3_x"": 817, ""first_time"": 14, ""first_x"": 725, ""sample_0_x"": 725, ""sample_3_y"": 529, ""sample_2_x"": 790, ""first_y"": 401, ""count"": 160, ""sample_0_time"": 14, ""sample_4_x"": 875, ""sample_2_time"": 716, ""sample_3_time"": 1089, ""last_time"": 1424, ""sample_1_y"": 461}",Q2 (90-180<U+00B0>),Q4 (270-360<U+00B0>),FALSE,FALSE,Both,315,4.626570700000002,4.626570700000002,175.3734293,175.3734293,FALSE
166981,20,righth,1,no,0,"""0-1""",68,315,303.7545172,2525,1392,"{""sample_2_x"": 769, ""last_time"": 1392, ""sample_2_time"": 692, ""sample_4_time"": 1392, ""sample_1_x"": 736, ""sample_4_x"": 853, ""first_y"": 408, ""last_y"": 592, ""last_x"": 853, ""sample_3_x"": 808, ""first_time"": 8, ""sample_3_y"": 561, ""sample_4_y"": 592, ""sample_3_time"": 1055, ""count"": 165, ""sample_0_y"": 408, ""first_x"": 711, ""sample_0_time"": 8, ""sample_2_y"": 524, ""sample_1_time"": 350, ""sample_0_x"": 711, ""sample_1_y"": 473}",Q4 (270-360<U+00B0>),Q4 (270-360<U+00B0>),TRUE,TRUE,Correct,315,11.24548279999999,11.24548279999999,11.24548279999999,11.24548279999999,TRUE
166981,20,righth,1,no,0,"""0-1""",69,45,142.2889523,2473,1509,"{""sample_0_x"": 694, ""sample_2_time"": 961, ""first_x"": 694, ""sample_3_y"": 283, ""sample_4_x"": 522, ""sample_2_y"": 329, ""sample_4_time"": 1508, ""first_time"": 9, ""last_x"": 522, ""sample_3_x"": 560, ""sample_1_time"": 287, ""last_time"": 1508, ""sample_4_y"": 237, ""sample_0_time"": 9, ""sample_0_y"": 381, ""count"": 131, ""last_y"": 237, ""sample_2_x"": 610, ""sample_1_y"": 366, ""first_y"": 381, ""sample_3_time"": 1242, ""sample_1_x"": 653}",Q1 (0-90<U+00B0>),Q2 (90-180<U+00B0>),FALSE,TRUE,Formant,135,7.288952300000005,7.288952300000005,97.2889523,97.2889523,FALSE
166981,20,righth,1,no,0,"""0-1""",70,135,49.22440322,2907,1101,"{""first_time"": 8, ""sample_3_y"": 251, ""first_x"": 723, ""last_time"": 1100, ""sample_3_time"": 841, ""sample_1_y"": 310, ""sample_4_x"": 879, ""count"": 128, ""first_y"": 371, ""sample_0_y"": 371, ""sample_2_x"": 774, ""sample_1_time"": 275, ""sample_2_y"": 281, ""sample_4_y"": 198, ""last_y"": 198, ""last_x"": 879, ""sample_1_x"": 750, ""sample_2_time"": 558, ""sample_4_time"": 1100, ""sample_3_x"": 810, ""sample_0_time"": 8, ""sample_0_x"": 723}",Q2 (90-180<U+00B0>),Q1 (0-90<U+00B0>),FALSE,TRUE,Formant,45,4.224403219999999,4.224403219999999,85.77559678,85.77559678,FALSE
166981,20,righth,1,no,0,"""0-1""",71,315,227.9609361,2187,1259,"{""first_time"": 25, ""last_x"": 551, ""sample_0_x"": 708, ""count"": 97, ""sample_2_x"": 629, ""sample_4_time"": 1258, ""last_y"": 570, ""sample_3_x"": 582, ""sample_1_time"": 341, ""sample_0_time"": 25, ""sample_4_y"": 570, ""sample_3_y"": 519, ""sample_2_time"": 858, ""sample_0_y"": 372, ""sample_3_time"": 1058, ""sample_2_y"": 461, ""last_time"": 1258, ""sample_1_y"": 427, ""first_x"": 708, ""first_y"": 372, ""sample_4_x"": 551, ""sample_1_x"": 667}",Q4 (270-360<U+00B0>),Q3 (180-270<U+00B0>),FALSE,TRUE,Formant,225,2.960936099999998,2.960936099999998,87.0390639,87.0390639,FALSE
166981,20,righth,1,no,0,"""0-1""",72,135,314.5046598,2260,1117,"{""sample_1_y"": 439, ""sample_2_x"": 786, ""count"": 134, ""last_x"": 888, ""first_x"": 731, ""sample_0_y"": 395, ""first_y"": 395, ""last_time"": 1116, ""sample_0_time"": 8, ""sample_1_x"": 765, ""sample_4_time"": 1116, ""sample_0_x"": 731, ""sample_2_time"": 567, ""sample_2_y"": 469, ""sample_4_y"": 562, ""sample_3_time"": 841, ""sample_3_y"": 516, ""sample_3_x"": 823, ""last_y"": 562, ""first_time"": 8, ""sample_1_time"": 283, ""sample_4_x"": 888}",Q2 (90-180<U+00B0>),Q4 (270-360<U+00B0>),FALSE,FALSE,Both,315,0.4953401999999869,0.4953401999999869,179.5046598,179.5046598,FALSE
166981,20,righth,1,no,0,"""0-1""",73,45,136.3169124,3271,1309,"{""first_y"": 369, ""last_time"": 1309, ""sample_1_y"": 336, ""sample_0_x"": 710, ""sample_4_x"": 538, ""sample_1_x"": 688, ""sample_4_time"": 1309, ""last_y"": 217, ""first_time"": 9, ""sample_3_x"": 582, ""count"": 122, ""sample_4_y"": 217, ""sample_2_y"": 300, ""sample_2_time"": 575, ""sample_2_x"": 640, ""sample_3_time"": 827, ""sample_1_time"": 301, ""sample_0_y"": 369, ""sample_3_y"": 262, ""first_x"": 710, ""last_x"": 538, ""sample_0_time"": 9}",Q1 (0-90<U+00B0>),Q2 (90-180<U+00B0>),FALSE,TRUE,Formant,135,1.3169124000000068,1.3169124000000068,91.3169124,91.3169124,FALSE
166981,20,righth,1,no,0,"""0-1""",74,225,44.34145682,2768,1076,"{""sample_0_time"": 8, ""sample_4_y"": 215, ""sample_4_x"": 892, ""sample_1_y"": 325, ""count"": 123, ""sample_2_y"": 289, ""sample_4_time"": 1075, ""sample_0_x"": 735, ""sample_0_y"": 378, ""sample_1_x"": 784, ""sample_3_y"": 258, ""first_y"": 378, ""first_x"": 735, ""sample_2_time"": 550, ""last_y"": 215, ""sample_1_time"": 259, ""sample_3_x"": 845, ""first_time"": 8, ""sample_3_time"": 825, ""sample_2_x"": 815, ""last_x"": 892, ""last_time"": 1075}",Q3 (180-270<U+00B0>),Q1 (0-90<U+00B0>),FALSE,FALSE,Both,45,0.6585431800000023,0.6585431800000023,180.65854318,179.34145682,FALSE
166981,20,righth,1,no,0,"""0-1""",75,315,220.7272192,2395,625,"{""sample_2_y"": 490, ""sample_3_time"": 475, ""sample_0_y"": 403, ""sample_2_time"": 316, ""first_y"": 403, ""count"": 75, ""last_y"": 548, ""first_x"": 703, ""sample_1_time"": 158, ""last_x"": 529, ""sample_2_x"": 579, ""last_time"": 625, ""first_time"": 8, ""sample_1_y"": 449, ""sample_4_y"": 548, ""sample_1_x"": 631, ""sample_0_time"": 8, ""sample_4_x"": 529, ""sample_3_y"": 522, ""sample_3_x"": 549, ""sample_4_time"": 625, ""sample_0_x"": 703}",Q4 (270-360<U+00B0>),Q3 (180-270<U+00B0>),FALSE,TRUE,Formant,225,4.2727807999999925,4.2727807999999925,94.27278079999999,94.27278079999999,FALSE
166981,20,righth,1,no,0,"""0-1""",76,135,38.40548497,2325,1244,"{""last_x"": 909, ""sample_1_y"": 354, ""sample_0_x"": 728, ""first_x"": 728, ""last_y"": 234, ""sample_2_time"": 644, ""sample_4_y"": 234, ""sample_3_x"": 871, ""sample_4_x"": 909, ""count"": 145, ""last_time"": 1244, ""sample_3_time"": 944, ""sample_0_time"": 6, ""sample_3_y"": 282, ""sample_1_x"": 773, ""sample_4_time"": 1244, ""sample_1_time"": 335, ""first_time"": 6, ""sample_2_x"": 819, ""sample_2_y"": 326, ""first_y"": 375, ""sample_0_y"": 375}",Q2 (90-180<U+00B0>),Q1 (0-90<U+00B0>),FALSE,TRUE,Formant,45,6.594515029999997,6.594515029999997,96.59451503,96.59451503,FALSE
166981,20,righth,1,no,0,"""0-1""",77,225,320.7927965,2817,1292,"{""last_y"": 542, ""sample_3_y"": 496, ""first_y"": 399, ""last_time"": 1291, ""sample_3_x"": 873, ""last_x"": 906, ""sample_1_time"": 325, ""sample_2_y"": 460, ""first_time"": 8, ""sample_2_x"": 837, ""first_x"": 730, ""sample_4_time"": 1291, ""count"": 155, ""sample_4_y"": 542, ""sample_3_time"": 975, ""sample_0_x"": 730, ""sample_1_y"": 426, ""sample_1_x"": 792, ""sample_4_x"": 906, ""sample_0_time"": 8, ""sample_2_time"": 650, ""sample_0_y"": 399}",Q3 (180-270<U+00B0>),Q4 (270-360<U+00B0>),FALSE,TRUE,Formant,315,5.792796500000009,5.792796500000009,95.79279650000001,95.79279650000001,FALSE
166981,20,righth,1,no,0,"""0-1""",78,45,144.1098207,2794,1177,"{""sample_2_y"": 327, ""last_time"": 1175, ""sample_2_time"": 584, ""sample_0_y"": 379, ""last_y"": 243, ""sample_0_x"": 701, ""last_x"": 517, ""sample_4_y"": 243, ""sample_3_y"": 285, ""sample_4_time"": 1175, ""sample_1_time"": 292, ""sample_0_time"": 9, ""sample_2_x"": 592, ""first_y"": 379, ""sample_1_y"": 350, ""sample_3_x"": 544, ""first_x"": 701, ""sample_4_x"": 517, ""sample_3_time"": 867, ""sample_1_x"": 639, ""count"": 138, ""first_time"": 9}",Q1 (0-90<U+00B0>),Q2 (90-180<U+00B0>),FALSE,TRUE,Formant,135,9.1098207,9.1098207,99.1098207,99.1098207,FALSE
166981,20,righth,1,no,0,"""0-1""",79,225,234.837851,3172,1359,"{""sample_3_y"": 540, ""sample_0_x"": 718, ""sample_4_y"": 590, ""sample_4_x"": 573, ""sample_1_x"": 710, ""sample_1_time"": 397, ""sample_2_x"": 683, ""first_y"": 403, ""sample_0_y"": 403, ""sample_1_y"": 441, ""sample_2_y"": 490, ""last_time"": 1358, ""sample_0_time"": 9, ""sample_3_time"": 1058, ""first_x"": 718, ""last_y"": 590, ""count"": 148, ""first_time"": 9, ""sample_4_time"": 1358, ""sample_2_time"": 750, ""last_x"": 573, ""sample_3_x"": 639}",Q3 (180-270<U+00B0>),Q3 (180-270<U+00B0>),TRUE,TRUE,Correct,225,9.837851,9.837851,9.837851,9.837851,TRUE
166981,20,righth,1,no,0,"""0-1""",80,225,234.7600302,3167,1043,"{""sample_1_x"": 709, ""last_x"": 574, ""sample_4_time"": 1042, ""first_x"": 714, ""first_time"": 9, ""sample_1_time"": 275, ""sample_0_y"": 403, ""last_y"": 588, ""sample_2_y"": 499, ""first_y"": 403, ""sample_4_x"": 574, ""sample_0_x"": 714, ""sample_4_y"": 588, ""sample_3_y"": 550, ""sample_3_x"": 631, ""last_time"": 1042, ""sample_1_y"": 442, ""sample_2_time"": 534, ""sample_2_x"": 681, ""count"": 123, ""sample_0_time"": 9, ""sample_3_time"": 792}",Q3 (180-270<U+00B0>),Q3 (180-270<U+00B0>),TRUE,TRUE,Correct,225,9.760030199999989,9.760030199999989,9.760030199999989,9.760030199999989,TRUE
166981,20,righth,1,no,0,"""0-1""",81,135,54.10982068,3857,1334,"{""sample_2_y"": 297, ""sample_0_time"": 13, ""first_y"": 373, ""first_x"": 725, ""sample_3_time"": 1058, ""sample_0_y"": 373, ""sample_1_time"": 443, ""count"": 135, ""sample_4_time"": 1333, ""sample_4_x"": 860, ""sample_3_y"": 255, ""sample_3_x"": 782, ""sample_2_time"": 774, ""last_y"": 188, ""sample_4_y"": 188, ""first_time"": 13, ""sample_0_x"": 725, ""sample_1_y"": 333, ""last_time"": 1333, ""sample_2_x"": 746, ""sample_1_x"": 729, ""last_x"": 860}",Q2 (90-180<U+00B0>),Q1 (0-90<U+00B0>),FALSE,TRUE,Formant,45,9.109820679999999,9.109820679999999,80.89017932,80.89017932,FALSE
166981,20,righth,1,no,0,"""0-1""",82,135,126.4040886,4358,1300,"{""sample_2_y"": 306, ""sample_3_y"": 265, ""sample_1_x"": 700, ""sample_3_time"": 1017, ""count"": 134, ""sample_3_x"": 649, ""sample_2_time"": 691, ""last_x"": 570, ""sample_4_x"": 570, ""sample_1_y"": 341, ""last_time"": 1300, ""sample_4_y"": 189, ""first_y"": 371, ""first_x"": 710, ""sample_0_time"": 8, ""first_time"": 8, ""sample_2_x"": 683, ""sample_0_y"": 371, ""sample_0_x"": 710, ""sample_1_time"": 383, ""sample_4_time"": 1300, ""last_y"": 189}",Q2 (90-180<U+00B0>),Q2 (90-180<U+00B0>),TRUE,TRUE,Correct,135,8.595911400000006,8.595911400000006,8.595911400000006,8.595911400000006,TRUE
166981,20,righth,1,no,0,"""0-1""",83,135,115.6241467,2317,998,"{""sample_0_time"": 13, ""sample_0_x"": 716, ""sample_1_time"": 264, ""sample_0_y"": 370, ""sample_4_y"": 166, ""sample_2_y"": 275, ""sample_3_time"": 756, ""sample_1_y"": 329, ""last_time"": 997, ""sample_2_x"": 712, ""first_y"": 370, ""count"": 118, ""last_x"": 610, ""sample_4_x"": 610, ""last_y"": 166, ""sample_3_x"": 676, ""sample_2_time"": 514, ""sample_1_x"": 718, ""sample_4_time"": 997, ""first_x"": 716, ""sample_3_y"": 203, ""first_time"": 13}",Q2 (90-180<U+00B0>),Q2 (90-180<U+00B0>),TRUE,TRUE,Correct,135,19.375853300000003,19.375853300000003,19.375853300000003,19.375853300000003,TRUE
166981,20,righth,1,no,0,"""0-1""",84,225,243.2269796,4298,1235,"{""sample_3_x"": 694, ""sample_2_y"": 475, ""sample_3_y"": 540, ""sample_2_time"": 750, ""first_y"": 403, ""sample_1_time"": 474, ""sample_2_x"": 716, ""sample_4_x"": 605, ""first_time"": 8, ""sample_4_time"": 1234, ""first_x"": 713, ""sample_0_x"": 713, ""sample_3_time"": 992, ""last_x"": 605, ""last_time"": 1234, ""sample_4_y"": 607, ""sample_0_y"": 403, ""sample_0_time"": 8, ""sample_1_y"": 430, ""last_y"": 607, ""count"": 118, ""sample_1_x"": 718}",Q3 (180-270<U+00B0>),Q3 (180-270<U+00B0>),TRUE,TRUE,Correct,225,18.226979599999993,18.226979599999993,18.226979599999993,18.226979599999993,TRUE
166981,20,righth,1,no,0,"""0-1""",85,315,301.0435556,2422,1058,"{""first_time"": 8, ""sample_0_y"": 401, ""sample_3_x"": 778, ""sample_3_y"": 546, ""sample_3_time"": 816, ""last_y"": 598, ""sample_2_time"": 566, ""sample_1_y"": 440, ""count"": 120, ""sample_2_x"": 724, ""last_time"": 1058, ""sample_4_y"": 598, ""sample_4_x"": 843, ""sample_0_x"": 707, ""sample_0_time"": 8, ""first_y"": 401, ""sample_1_time"": 266, ""last_x"": 843, ""sample_2_y"": 485, ""sample_1_x"": 689, ""sample_4_time"": 1058, ""first_x"": 707}",Q4 (270-360<U+00B0>),Q4 (270-360<U+00B0>),TRUE,TRUE,Correct,315,13.95644440000001,13.95644440000001,13.95644440000001,13.95644440000001,TRUE
166981,20,righth,1,no,0,"""0-1""",86,135,124.4005763,3076,1148,"{""first_y"": 371, ""sample_3_time"": 906, ""sample_0_time"": 14, ""sample_3_y"": 226, ""sample_4_x"": 577, ""sample_1_y"": 342, ""sample_0_y"": 371, ""count"": 119, ""last_x"": 577, ""sample_2_y"": 295, ""sample_1_time"": 406, ""sample_4_y"": 184, ""sample_1_x"": 709, ""first_time"": 14, ""sample_3_x"": 634, ""sample_2_time"": 656, ""sample_0_x"": 713, ""first_x"": 713, ""last_time"": 1148, ""sample_2_x"": 682, ""last_y"": 184, ""sample_4_time"": 1148}",Q2 (90-180<U+00B0>),Q2 (90-180<U+00B0>),TRUE,TRUE,Correct,135,10.599423700000003,10.599423700000003,10.599423700000003,10.599423700000003,TRUE
166981,20,righth,1,no,0,"""0-1""",87,45,45.16511706,3241,1267,"{""sample_3_x"": 847, ""last_time"": 1266, ""count"": 144, ""sample_3_time"": 941, ""sample_1_x"": 780, ""sample_2_time"": 617, ""first_time"": 9, ""sample_0_time"": 9, ""sample_1_time"": 309, ""sample_3_y"": 254, ""sample_4_x"": 889, ""sample_2_y"": 281, ""sample_2_x"": 818, ""sample_0_x"": 729, ""last_y"": 213, ""sample_4_y"": 213, ""first_y"": 376, ""sample_1_y"": 318, ""last_x"": 889, ""sample_4_time"": 1266, ""sample_0_y"": 376, ""first_x"": 729}",Q1 (0-90<U+00B0>),Q1 (0-90<U+00B0>),TRUE,TRUE,Correct,45,0.16511706000000004,0.16511706000000004,0.16511706000000004,0.16511706000000004,TRUE
166981,20,righth,1,no,0,"""0-1""",88,45,45.82553047,2480,1218,"{""sample_2_y"": 295, ""count"": 139, ""first_time"": 8, ""first_x"": 724, ""sample_2_x"": 803, ""last_y"": 211, ""sample_3_time"": 917, ""first_y"": 371, ""sample_3_x"": 843, ""sample_1_time"": 292, ""sample_0_time"": 8, ""last_x"": 887, ""sample_2_time"": 617, ""sample_0_x"": 724, ""sample_3_y"": 256, ""last_time"": 1217, ""sample_1_y"": 320, ""sample_0_y"": 371, ""sample_1_x"": 770, ""sample_4_x"": 887, ""sample_4_y"": 211, ""sample_4_time"": 1217}",Q1 (0-90<U+00B0>),Q1 (0-90<U+00B0>),TRUE,TRUE,Correct,45,0.8255304699999968,0.8255304699999968,0.8255304699999968,0.8255304699999968,TRUE
166981,20,righth,1,no,0,"""0-1""",89,225,305.0493733,6758,1517,"{""sample_3_x"": 795, ""sample_2_x"": 754, ""sample_2_y"": 513, ""last_time"": 1517, ""sample_3_time"": 1141, ""sample_1_time"": 383, ""sample_2_time"": 750, ""sample_0_x"": 711, ""last_x"": 857, ""sample_4_y"": 588, ""last_y"": 588, ""sample_1_x"": 717, ""sample_3_y"": 557, ""count"": 174, ""sample_0_time"": 8, ""sample_1_y"": 461, ""sample_0_y"": 404, ""sample_4_time"": 1517, ""sample_4_x"": 857, ""first_x"": 711, ""first_time"": 8, ""first_y"": 404}",Q3 (180-270<U+00B0>),Q4 (270-360<U+00B0>),FALSE,TRUE,Formant,315,9.950626699999987,9.950626699999987,80.04937330000001,80.04937330000001,FALSE
166981,20,righth,1,no,0,"""0-1""",90,135,41.03208186,2503,917,"{""sample_4_time"": 916, ""count"": 109, ""last_time"": 916, ""first_y"": 385, ""last_x"": 901, ""sample_2_time"": 466, ""sample_0_x"": 734, ""first_x"": 734, ""sample_0_time"": 9, ""sample_0_y"": 385, ""last_y"": 226, ""sample_4_y"": 226, ""sample_2_y"": 317, ""sample_1_x"": 781, ""sample_3_time"": 691, ""sample_2_x"": 827, ""sample_1_time"": 241, ""sample_4_x"": 901, ""first_time"": 9, ""sample_1_y"": 356, ""sample_3_x"": 873, ""sample_3_y"": 267}",Q2 (90-180<U+00B0>),Q1 (0-90<U+00B0>),FALSE,TRUE,Formant,45,3.967918140000002,3.967918140000002,93.96791814,93.96791814,FALSE
166981,20,righth,1,no,0,"""0-1""",91,135,52.61646202,2195,933,"{""sample_4_time"": 933, ""sample_0_x"": 728, ""count"": 112, ""last_y"": 192, ""sample_1_y"": 324, ""sample_3_x"": 804, ""sample_1_time"": 241, ""sample_0_time"": 8, ""sample_1_x"": 745, ""last_x"": 865, ""sample_2_x"": 767, ""first_time"": 8, ""sample_0_y"": 374, ""last_time"": 933, ""sample_3_y"": 240, ""first_x"": 728, ""sample_2_y"": 278, ""sample_4_y"": 192, ""sample_3_time"": 708, ""sample_2_time"": 475, ""first_y"": 374, ""sample_4_x"": 865}",Q2 (90-180<U+00B0>),Q1 (0-90<U+00B0>),FALSE,TRUE,Formant,45,7.61646202,7.61646202,82.38353798,82.38353798,FALSE
166981,20,righth,1,no,0,"""0-1""",92,225,298.4429286,2608,950,"{""sample_3_y"": 563, ""sample_3_time"": 716, ""sample_0_y"": 400, ""sample_1_y"": 438, ""sample_4_time"": 949, ""last_x"": 833, ""sample_1_x"": 711, ""sample_1_time"": 241, ""sample_4_y"": 603, ""sample_0_x"": 706, ""sample_4_x"": 833, ""sample_2_y"": 505, ""count"": 114, ""first_time"": 8, ""first_x"": 706, ""first_y"": 400, ""sample_2_time"": 483, ""sample_0_time"": 8, ""sample_3_x"": 783, ""last_time"": 949, ""last_y"": 603, ""sample_2_x"": 737}",Q3 (180-270<U+00B0>),Q4 (270-360<U+00B0>),FALSE,TRUE,Formant,315,16.557071399999984,16.557071399999984,73.44292860000002,73.44292860000002,FALSE
166981,20,righth,1,no,0,"""0-1""",93,45,42.03906387,3459,1292,"{""last_y"": 222, ""sample_1_y"": 339, ""sample_2_y"": 302, ""sample_4_y"": 222, ""first_y"": 372, ""sample_2_time"": 658, ""sample_3_x"": 860, ""sample_0_time"": 8, ""sample_4_time"": 1292, ""sample_1_time"": 341, ""sample_2_x"": 807, ""sample_3_time"": 967, ""first_x"": 720, ""sample_0_x"": 720, ""last_time"": 1292, ""first_time"": 8, ""last_x"": 899, ""sample_3_y"": 254, ""sample_0_y"": 372, ""count"": 150, ""sample_1_x"": 759, ""sample_4_x"": 899}",Q1 (0-90<U+00B0>),Q1 (0-90<U+00B0>),TRUE,TRUE,Correct,45,2.9609361300000003,2.9609361300000003,2.9609361300000003,2.9609361300000003,TRUE
166981,20,righth,1,no,0,"""0-1""",94,45,135.9877604,2763,1256,"{""sample_0_x"": 700, ""first_y"": 382, ""sample_3_x"": 607, ""count"": 139, ""sample_1_time"": 356, ""sample_0_time"": 7, ""first_time"": 7, ""sample_1_y"": 357, ""sample_1_x"": 673, ""sample_2_y"": 321, ""sample_2_time"": 648, ""sample_4_x"": 539, ""sample_4_time"": 1256, ""last_x"": 539, ""sample_0_y"": 382, ""first_x"": 700, ""sample_3_time"": 975, ""sample_3_y"": 279, ""last_time"": 1256, ""sample_2_x"": 642, ""sample_4_y"": 216, ""last_y"": 216}",Q1 (0-90<U+00B0>),Q2 (90-180<U+00B0>),FALSE,TRUE,Formant,135,0.9877604000000133,0.9877604000000133,90.98776040000001,90.98776040000001,FALSE
166981,20,righth,1,no,0,"""0-1""",95,45,43.85095505,2625,1326,"{""sample_1_y"": 345, ""count"": 152, ""first_time"": 25, ""last_time"": 1325, ""sample_0_time"": 25, ""sample_2_time"": 667, ""sample_3_y"": 261, ""sample_3_x"": 851, ""first_y"": 389, ""sample_0_x"": 734, ""sample_3_time"": 1017, ""last_y"": 216, ""sample_4_time"": 1325, ""first_x"": 734, ""sample_2_y"": 302, ""sample_1_x"": 775, ""last_x"": 894, ""sample_2_x"": 812, ""sample_4_y"": 216, ""sample_0_y"": 389, ""sample_4_x"": 894, ""sample_1_time"": 350}",Q1 (0-90<U+00B0>),Q1 (0-90<U+00B0>),TRUE,TRUE,Correct,45,1.1490449499999968,1.1490449499999968,1.1490449499999968,1.1490449499999968,TRUE
166981,20,righth,1,no,0,"""0-1""",96,315,227.6324349,2616,937,"{""sample_2_x"": 621, ""sample_3_time"": 712, ""sample_2_y"": 495, ""sample_4_x"": 550, ""sample_0_y"": 403, ""sample_3_y"": 530, ""sample_2_time"": 480, ""sample_1_x"": 662, ""sample_4_y"": 569, ""sample_0_time"": 12, ""first_x"": 708, ""sample_0_x"": 708, ""sample_1_y"": 452, ""last_y"": 569, ""last_time"": 936, ""first_time"": 12, ""sample_3_x"": 585, ""last_x"": 550, ""sample_4_time"": 936, ""count"": 112, ""sample_1_time"": 245, ""first_y"": 403}",Q4 (270-360<U+00B0>),Q3 (180-270<U+00B0>),FALSE,TRUE,Formant,225,2.6324348999999927,2.6324348999999927,87.36756510000001,87.36756510000001,FALSE
166981,20,righth,1,no,0,"""0-1""",97,225,226.8156847,2481,925,"{""first_time"": 9, ""first_x"": 705, ""sample_4_time"": 925, ""count"": 111, ""sample_1_time"": 233, ""sample_2_time"": 467, ""sample_0_y"": 403, ""sample_0_x"": 705, ""sample_1_x"": 649, ""sample_3_time"": 700, ""last_y"": 566, ""sample_4_y"": 566, ""last_time"": 925, ""sample_1_y"": 461, ""sample_2_y"": 490, ""first_y"": 403, ""sample_3_x"": 592, ""last_x"": 548, ""sample_4_x"": 548, ""sample_2_x"": 617, ""sample_3_y"": 517, ""sample_0_time"": 9}",Q3 (180-270<U+00B0>),Q3 (180-270<U+00B0>),TRUE,TRUE,Correct,225,1.8156846999999914,1.8156846999999914,1.8156846999999914,1.8156846999999914,TRUE
166981,20,righth,1,no,0,"""0-1""",98,135,38.07888236,2537,1359,"{""last_time"": 1359, ""sample_1_x"": 802, ""sample_2_y"": 333, ""sample_2_x"": 852, ""last_x"": 910, ""sample_0_time"": 9, ""sample_3_y"": 298, ""sample_1_y"": 361, ""sample_0_y"": 388, ""sample_4_y"": 235, ""sample_3_x"": 883, ""sample_4_time"": 1359, ""first_y"": 388, ""sample_1_time"": 325, ""first_time"": 9, ""last_y"": 235, ""sample_3_time"": 1034, ""sample_2_time"": 650, ""sample_0_x"": 733, ""count"": 155, ""sample_4_x"": 910, ""first_x"": 733}",Q2 (90-180<U+00B0>),Q1 (0-90<U+00B0>),FALSE,TRUE,Formant,45,6.9211176399999985,6.9211176399999985,96.92111764,96.92111764,FALSE
166981,20,righth,1,no,0,"""0-1""",99,315,225,2136,959,"{""first_x"": 703, ""sample_1_time"": 242, ""sample_3_x"": 580, ""sample_2_time"": 483, ""last_y"": 562, ""first_y"": 400, ""sample_1_x"": 657, ""sample_0_y"": 400, ""sample_2_x"": 613, ""sample_3_y"": 519, ""sample_1_y"": 447, ""sample_4_time"": 958, ""sample_4_y"": 562, ""sample_0_time"": 8, ""last_time"": 958, ""count"": 115, ""first_time"": 8, ""last_x"": 541, ""sample_4_x"": 541, ""sample_2_y"": 488, ""sample_0_x"": 703, ""sample_3_time"": 725}",Q4 (270-360<U+00B0>),Q3 (180-270<U+00B0>),FALSE,TRUE,Formant,225,0,0,90,90,FALSE
166981,20,righth,1,no,0,"""0-1""",100,135,43.3540225,2117,875,"{""count"": 103, ""sample_0_x"": 730, ""sample_2_time"": 433, ""sample_4_time"": 874, ""sample_4_x"": 895, ""sample_3_x"": 857, ""first_time"": 8, ""sample_3_time"": 649, ""first_x"": 730, ""sample_1_x"": 766, ""sample_2_x"": 815, ""sample_3_y"": 257, ""last_time"": 874, ""first_y"": 378, ""sample_1_y"": 342, ""sample_2_y"": 294, ""sample_0_time"": 8, ""last_x"": 895, ""sample_0_y"": 378, ""sample_4_y"": 218, ""last_y"": 218, ""sample_1_time"": 216}",Q2 (90-180<U+00B0>),Q1 (0-90<U+00B0>),FALSE,TRUE,Formant,45,1.6459775000000008,1.6459775000000008,91.6459775,91.6459775,FALSE
